#######GENERAL HEADER INPUT#######
1
30
1
30
1
30
30
12
1	2	3	4	5	6	7	8	9	10	11	12
12
1	2	3	4	5	6	7	8	9	10	11	12
1
1001
1
1
#######SURVEY DATA#######
30
1	2	3	4	5	6	7	8	9	10	11	12	13	14	15	16	17	18	19	20	21	22	23	24	25	26	27	28	29	30
1.35128702718268	1.53004919008797	1.42220926364068	1.52763261872215	1.59126252335049	1.67550819300579	1.53099117626492	1.35316716047246	1.13799973923803	1.31998195085201	1.12766040630893	1.14728533017006	1.27610886137205	1.15398925039525	1.14663723452756	1.01007077932724	1.00009627971813	0.845786477210863	0.734501499965593	0.665199106505786	0.753745114659285	0.631012297417272	0.745146547895162	0.563593536382962	0.584969689657405	0.737956956334708	0.582858711653811	0.512026128334039	0.559299731122424	0.564875412852579
0.2	0.2	0.2	0.2	0.2	0.2	0.2	0.2	0.2	0.2	0.2	0.2	0.2	0.2	0.2	0.2	0.2	0.2	0.2	0.2	0.2	0.2	0.2	0.2	0.2	0.2	0.2	0.2	0.2	0.2
30
1	2	3	4	5	6	7	8	9	10	11	12	13	14	15	16	17	18	19	20	21	22	23	24	25	26	27	28	29	30
200	200	200	200	200	200	200	200	200	200	200	200	200	200	200	200	200	200	200	200	200	200	200	200	200	200	200	200	200	200
200	200	200	200	200	200	200	200	200	200	200	200	200	200	200	200	200	200	200	200	200	200	200	200	200	200	200	200	200	200
0.065	0.15	0.14	0.13	0.125	0.07	0.07	0.06	0.045	0.02	0.04	0.085
0.055	0.165	0.14	0.145	0.095	0.09	0.07	0.065	0.045	0.02	0.03	0.08
0.055	0.105	0.14	0.125	0.105	0.1	0.085	0.035	0.035	0.025	0.02	0.17
0.09	0.185	0.09	0.105	0.115	0.06	0.05	0.085	0.025	0.05	0.02	0.125
0.05	0.225	0.13	0.08	0.08	0.11	0.075	0.055	0.02	0.05	0.02	0.105
0.05	0.105	0.18	0.14	0.08	0.075	0.075	0.065	0.03	0.055	0.04	0.105
0.075	0.13	0.15	0.18	0.14	0.08	0.06	0.025	0.045	0.015	0.015	0.085
0.115	0.155	0.175	0.085	0.055	0.14	0.03	0.07	0.025	0.035	0.02	0.095
0.09	0.155	0.17	0.14	0.095	0.085	0.07	0.025	0.055	0.03	0.01	0.075
0.09	0.19	0.135	0.11	0.1	0.07	0.085	0.04	0.04	0.025	0.01	0.105
0.07	0.225	0.145	0.14	0.055	0.085	0.045	0.06	0.055	0.03	0.015	0.075
0.105	0.22	0.155	0.105	0.07	0.08	0.06	0.025	0.03	0.025	0.02	0.105
0.125	0.205	0.195	0.125	0.085	0.065	0.025	0.025	0.035	0.045	0.015	0.055
0.065	0.18	0.235	0.14	0.08	0.05	0.045	0.045	0.03	0.005	0.025	0.1
0.06	0.235	0.175	0.175	0.13	0.09	0.045	0.02	0.005	0.02	0.005	0.04
0.105	0.11	0.21	0.14	0.17	0.075	0.065	0.015	0.005	0.035	0.02	0.05
0.105	0.24	0.13	0.11	0.11	0.1	0.06	0.06	0.01	0.01	0.015	0.05
0.095	0.18	0.2	0.14	0.095	0.1	0.065	0.055	0.025	0	0.01	0.035
0.1	0.18	0.215	0.16	0.1	0.06	0.06	0.02	0.03	0.015	0.025	0.035
0.1	0.235	0.16	0.125	0.15	0.07	0.025	0.05	0.015	0.03	0.005	0.035
0.155	0.32	0.16	0.11	0.08	0.045	0.045	0.01	0.025	0.01	0.025	0.015
0.075	0.315	0.205	0.135	0.095	0.05	0.04	0.025	0.01	0.015	0.005	0.03
0.11	0.145	0.33	0.135	0.095	0.07	0.02	0.045	0.005	0	0.01	0.035
0.13	0.2	0.13	0.245	0.13	0.05	0.05	0.01	0.005	0.01	0.005	0.035
0.135	0.275	0.225	0.095	0.135	0.05	0.025	0.025	0.01	0.005	0	0.02
0.115	0.305	0.21	0.155	0.07	0.075	0.045	0.005	0	0.01	0.005	0.005
0.105	0.215	0.29	0.125	0.1	0.05	0.07	0.015	0.01	0.005	0.005	0.01
0.11	0.21	0.265	0.15	0.105	0.045	0.03	0.055	0.015	0	0.005	0.01
0.09	0.285	0.2	0.175	0.115	0.045	0.045	0.02	0.01	0.01	0	0.005
0.135	0.19	0.215	0.155	0.165	0.05	0.045	0.03	0.005	0.01	0	0
#######LANDINGS DATA#######
1
30
162.280702254545	460.743240142024	743.802915791276	963.378743843749	739.254639225903	1294.86795704225	1253.07262810475	2401.16847158131	1266.07790899538	1458.48154172143	1533.54534552806	1544.91426273796	1092.18969596364	1536.19480638342	1545.40887740005	1312.51464683202	2252.81564680716	1576.74342912035	1390.77433766068	1238.57628135041	1574.23286927356	1081.8468735694	1696.91425198643	1269.92541794487	1193.00765172835	1059.1794235909	1037.3112011687	1384.15711158706	954.75726531098	1324.44052888848
0.01	0.01	0.01	0.01	0.01	0.01	0.01	0.01	0.01	0.01	0.01	0.01	0.01	0.01	0.01	0.01	0.01	0.01	0.01	0.01	0.01	0.01	0.01	0.01	0.01	0.01	0.01	0.01	0.01	0.01
30
1	2	3	4	5	6	7	8	9	10	11	12	13	14	15	16	17	18	19	20	21	22	23	24	25	26	27	28	29	30
200	200	200	200	200	200	200	200	200	200	200	200	200	200	200	200	200	200	200	200	200	200	200	200	200	200	200	200	200	200
200	200	200	200	200	200	200	200	200	200	200	200	200	200	200	200	200	200	200	200	200	200	200	200	200	200	200	200	200	200
0.09	0.095	0.145	0.12	0.09	0.085	0.065	0.06	0.045	0.045	0.03	0.13
0.065	0.095	0.12	0.08	0.11	0.12	0.075	0.05	0.065	0.04	0.04	0.14
0.075	0.08	0.16	0.15	0.08	0.11	0.06	0.05	0.06	0.055	0.025	0.095
0.105	0.11	0.14	0.075	0.105	0.06	0.075	0.06	0.035	0.05	0.04	0.145
0.075	0.16	0.115	0.145	0.115	0.075	0.07	0.035	0.045	0.05	0.015	0.1
0.06	0.13	0.195	0.125	0.09	0.09	0.075	0.05	0.055	0.035	0.005	0.09
0.08	0.115	0.11	0.145	0.165	0.055	0.07	0.065	0.015	0.025	0.055	0.1
0.07	0.115	0.185	0.08	0.15	0.115	0.065	0.045	0.035	0.025	0.03	0.085
0.065	0.14	0.16	0.125	0.055	0.145	0.11	0.02	0.03	0.02	0.015	0.115
0.11	0.13	0.16	0.195	0.04	0.05	0.09	0.045	0.035	0.015	0.025	0.105
0.12	0.13	0.145	0.13	0.09	0.065	0.035	0.08	0.06	0.005	0.03	0.11
0.1	0.165	0.17	0.13	0.11	0.1	0.07	0.025	0.03	0.015	0.015	0.07
0.08	0.195	0.165	0.135	0.085	0.04	0.085	0.04	0.02	0.055	0.03	0.07
0.08	0.2	0.16	0.18	0.11	0.07	0.045	0.04	0.03	0.01	0.015	0.06
0.06	0.115	0.155	0.185	0.14	0.095	0.06	0.075	0.01	0.035	0.02	0.05
0.11	0.1	0.17	0.14	0.16	0.12	0.05	0.035	0.015	0.035	0.025	0.04
0.1	0.155	0.155	0.14	0.11	0.12	0.07	0.045	0.03	0.025	0.01	0.04
0.115	0.155	0.13	0.12	0.115	0.13	0.09	0.03	0.03	0.02	0.01	0.055
0.155	0.125	0.15	0.155	0.095	0.075	0.065	0.065	0.025	0.02	0.005	0.065
0.22	0.175	0.13	0.135	0.065	0.045	0.055	0.075	0.01	0.025	0.03	0.035
0.175	0.235	0.11	0.135	0.12	0.07	0.055	0.01	0.025	0.025	0.02	0.02
0.085	0.255	0.245	0.115	0.09	0.045	0.05	0.035	0.02	0.015	0.01	0.035
0.155	0.135	0.28	0.185	0.105	0.04	0.035	0.03	0.02	0	0	0.015
0.14	0.155	0.16	0.265	0.11	0.075	0.02	0.04	0.01	0.005	0	0.02
0.18	0.23	0.17	0.095	0.17	0.075	0.03	0.015	0.015	0.005	0.005	0.01
0.155	0.2	0.24	0.13	0.07	0.11	0.03	0.015	0.025	0.01	0.01	0.005
0.095	0.27	0.165	0.21	0.085	0.085	0.035	0.025	0	0.005	0	0.025
0.165	0.14	0.2	0.2	0.085	0.06	0.03	0.04	0.035	0.005	0.02	0.02
0.135	0.175	0.205	0.165	0.13	0.085	0.025	0.025	0.025	0	0.005	0.025
0.215	0.16	0.205	0.145	0.13	0.075	0.025	0.02	0.015	0.01	0	0
#######PARAMETER SECTION#######
800	400	1200	-4	800	-0.25	1
0.18	0.01	1	-4	0.18	-0.25	1
-1.36	-5	-0.001	-4	-1.36	-0.25	1
0.1	0.05	0.3	-4	0.1	-0.25	1
0.2	0.01	0.5	-4	0.2	-0.25	1
0.75	0.20001	1	-3	0.75	-0.25	1
13.815511	-1	200	1	13.815511	-0.25	1
0	-1	1	-4	0	-0.25	1
0.2	1e-04	1.2	-3	0.2	-0.25	1
0	-10	10	-6	0	-1	1
0	-10	10	-6	0	-1	1
2	0	12	2	2	-0.5	1
1	0	12	2	1	-0.5	1
2	0	12	-2	2	-0.5	1
1	0	12	-2	1	-0.5	1
1.5	0	12	2	1.5	-0.5	1
2	0	12	2	2	-0.5	1
-14.875033154682	-30	5	1	-14.875033154682	-1	1
1	0.1	2	-1	1	-1	1
-1.54399197800355	-10	1.39	1	-1.54399197800355	-1	1
#######DEV CONSTRAINTS and DEVS#######
-15	15	2
-15	15	2
-15	15	2
0	0	0	0	0	0	0	0	0	0	0	0	0	0	0	0	0	0	0	0	0	0	0	0	0	0	0	0	0	0
0	0	0	0	0	0	0	0	0	0	0	0	0	0	0	0	0	0	0	0	0	0	0	0	0	0	0	0	0	0
0	0	0	0	0	0	0	0	0	0	0
#######LIKELIHOOD WEIGHTS#######
1
1
1
1
0
1
0
0
0
#######MISCELLANEOUS STUFF SECTION#######
2.5e-08
3
0.5	0.5	0.5	0.5	0.5	0.5	0.5	0.5	0.5	0.5	0.5	0.5
0.0229773699100256	0.320821300824607	0.904650535100891	0.994779874306442	0.999738809680904	0.999986992871533	0.999999352405202	0.999999967758134	0.999999998394772	0.99999999992008	0.999999999996021	0.999999999999802
0.2	0.2	0.2	0.2	0.2	0.2	0.2	0.2	0.2	0.2	0.2	0.2
0
1
10
0.2
1
1	0	0	0	0	0	0	0	0	0	0	0
0	1	0	0	0	0	0	0	0	0	0	0
0	0	1	0	0	0	0	0	0	0	0	0
0	0	0	1	0	0	0	0	0	0	0	0
0	0	0	0	1	0	0	0	0	0	0	0
0	0	0	0	0	1	0	0	0	0	0	0
0	0	0	0	0	0	1	0	0	0	0	0
0	0	0	0	0	0	0	1	0	0	0	0
0	0	0	0	0	0	0	0	1	0	0	0
0	0	0	0	0	0	0	0	0	1	0	0
0	0	0	0	0	0	0	0	0	0	1	0
0	0	0	0	0	0	0	0	0	0	0	1
40
31
2
1
#######END OF DATA FILE#######
999
