# Number of parameters = 77  Objective function value = 26362.5  Maximum gradient component = 0.00464552
# sel_params[1]:
2.02039991112
# sel_params[2]:
0.989575579972
# log_Fmult_year1:
 -4.67801056868
# log_Fmult_devs:
 1.05794930562 0.512426080350 0.303404034270 -0.212856230202 0.581622613381 0.0230028841974 0.745554484635 -0.534591101226 0.188182533616 0.142225066140 0.0645835562462 -0.326276443888 0.369609147284 0.0678959652104 -0.112335910899 0.665484561222 -0.195180655723 -0.00260983719076 -0.0170328374239 0.330053561739 -0.317673329538 0.494296251639 -0.193420467265 -0.00635254244569 -0.0971541606453 -0.0205304774278 0.310913137745 -0.270104782838 0.426560147132
# log_recruit_devs:
 -0.125794597304 0.194788095669 -0.0299449918518 -0.139675823560 0.203134971358 0.341695788032 0.00819129617452 0.0297859605938 -0.152532502180 -0.0513098617486 0.177884012403 -0.0137814671612 0.0602122376168 -0.0315179209337 0.0394536686716 -0.199778410351 0.232797253612 -0.369980734913 -0.294310767246 0.00528384579428 0.0683478681273 0.00506817564486 0.235449542692 -0.00202448333175 0.00320896822202 -0.0344876643947 0.0215731734840 -0.178961673337 0.0472300471713 -0.0500040069532
# log_N_year1_devs:
 -0.0442908453067 -0.0379387906467 0.00216795759640 -0.0165832807037 0.0536351179010 -0.0693017345417 0.162815707347 -0.197566302550 -0.277337730710 0.0551534144848 -0.102682777818
# log_q_year1:
 -8.00666494027
# log_q_devs:
 0.00000000000 0.00000000000 0.00000000000 0.00000000000 0.00000000000 0.00000000000 0.00000000000 0.00000000000 0.00000000000 0.00000000000 0.00000000000 0.00000000000 0.00000000000 0.00000000000 0.00000000000 0.00000000000 0.00000000000 0.00000000000 0.00000000000 0.00000000000 0.00000000000 0.00000000000 0.00000000000 0.00000000000 0.00000000000 0.00000000000 0.00000000000 0.00000000000 0.00000000000
# index_sel_params[1]:
1.55085905347
# index_sel_params[2]:
0.492223743258
# log_SR_scaler:
6.97358104680
# SR_steepness:
0.750000000000
