#styr												
1
#endyr												
30
#rec_age										
1															
#n_ages										
12
# numbers of length intervals
81
#Length	bin
10	11	12	13	14	15	16	17	18	19	20	21	22	23	24	25	26	27	28	29	30	31	32	33	34	35	36	37	38	39	40	41	42	43	44	45	46	47	48	49	50	51	52	53	54	55	56	57	58	59	60	61	62	63	64	65	66	67	68	69	70	71	72	73	74	75	76	77	78	79	80	81	82	83	84	85	86	87	88	89	90
#nfsh
1
#names_fsh
FLEET1												
#catch												
160.647897301945	459.439606962703	740.135042178042	974.242759250492	748.718250438602	1261.63132652342	1195.05894501636	2301.84099330313	1222.33728405396	1403.96216460502	1505.29801452021	1487.24136878115	1033.08990929039	1457.93394621765	1480.24926669186	1284.32929290753	2317.04676416746	1687.48896713848	1519.07075664645	1377.0336728974	1675.13721638317	1096.1890243228	1570.79251298243	1131.58684440371	1087.27369740865	973.711487998566	987.273944756987	1344.58077041473	970.066665277719	1375.59592179489
#catch_cv											
0.01	0.01	0.01	0.01	0.01	0.01	0.01	0.01	0.01	0.01	0.01	0.01	0.01	0.01	0.01	0.01	0.01	0.01	0.01	0.01	0.01	0.01	0.01	0.01	0.01	0.01	0.01	0.01	0.01	0.01
#n_ages_fsh								
30		
#n_lengths_fsh								
0															
#yrs_ages_fsh								
1	2	3	4	5	6	7	8	9	10	11	12	13	14	15	16	17	18	19	20	21	22	23	24	25	26	27	28	29	30	
#sample_ages_fsh							
200	200	200	200	200	200	200	200	200	200	200	200	200	200	200	200	200	200	200	200	200	200	200	200	200	200	200	200	200	200
#page_fsh	2	3	4	5	6	7	8	9	10	11						
0.12	0.09	0.095	0.165	0.11	0.075	0.08	0.045	0.04	0.04	0.02	0.12
0.105	0.105	0.11	0.14	0.125	0.095	0.085	0.07	0.035	0.02	0.015	0.095
0.05	0.145	0.085	0.155	0.1	0.105	0.05	0.07	0.045	0.05	0.02	0.125
0.025	0.08	0.145	0.135	0.155	0.11	0.045	0.06	0.06	0.03	0.015	0.14
0.065	0.095	0.11	0.155	0.07	0.09	0.06	0.09	0.05	0.055	0.025	0.135
0.065	0.11	0.12	0.11	0.145	0.1	0.09	0.06	0.035	0.02	0.015	0.13
0.09	0.13	0.13	0.095	0.085	0.095	0.015	0.07	0.035	0.05	0.04	0.165
0.08	0.16	0.14	0.12	0.07	0.06	0.115	0.06	0.015	0.04	0.03	0.11
0.095	0.12	0.17	0.165	0.095	0.045	0.035	0.075	0.025	0.05	0.015	0.11
0.1	0.16	0.13	0.115	0.13	0.065	0.05	0.035	0.035	0.035	0.035	0.11
0.095	0.09	0.15	0.155	0.145	0.095	0.06	0.02	0.055	0.03	0.015	0.09
0.095	0.145	0.12	0.175	0.08	0.1	0.085	0.035	0.025	0.03	0.02	0.09
0.135	0.175	0.155	0.085	0.13	0.095	0.06	0.04	0.015	0.025	0.015	0.07
0.17	0.1	0.21	0.1	0.07	0.11	0.075	0.03	0.045	0.03	0.015	0.045
0.05	0.2	0.24	0.155	0.09	0.045	0.06	0.06	0.01	0.03	0.015	0.045
0.115	0.155	0.195	0.105	0.14	0.115	0.025	0.06	0.045	0.02	0.015	0.01
0.11	0.215	0.145	0.185	0.12	0.055	0.025	0.045	0.02	0.015	0.005	0.06
0.065	0.18	0.22	0.11	0.16	0.07	0.05	0.02	0.02	0.03	0.02	0.055
0.11	0.13	0.22	0.185	0.105	0.105	0.05	0.015	0.02	0.02	0.02	0.02
0.1	0.15	0.145	0.15	0.145	0.065	0.11	0.04	0.025	0.02	0	0.05
0.135	0.16	0.16	0.1	0.195	0.095	0.025	0.06	0.035	0.015	0.005	0.015
0.14	0.155	0.18	0.165	0.08	0.07	0.08	0.035	0.035	0.015	0.01	0.035
0.23	0.235	0.1	0.165	0.095	0.035	0.04	0.035	0.015	0.01	0.005	0.035
0.15	0.19	0.205	0.085	0.13	0.07	0.04	0.035	0.03	0.025	0.015	0.025
0.17	0.17	0.275	0.15	0.08	0.04	0.06	0.01	0.01	0.025	0.01	0
0.145	0.23	0.21	0.175	0.085	0.06	0.035	0.015	0.005	0.015	0.005	0.02
0.135	0.215	0.24	0.145	0.135	0.055	0.01	0.03	0.005	0	0.015	0.015
0.18	0.24	0.205	0.175	0.08	0.065	0.02	0.01	0.01	0	0.005	0.01
0.12	0.275	0.19	0.125	0.125	0.1	0.035	0.01	0.01	0	0	0.01
0.18	0.155	0.31	0.13	0.105	0.06	0.015	0.025	0.005	0	0.01	0.005
#wt_age_fsh	1 2	3	4	5	6	7	8	9	10	11						
0.000530656	0.001196328	0.002058265	0.003034987	0.004055212	0.005064698	0.006026226	0.006916921	0.007724891	0.008446113	0.009081853	0.009636695
0.000530656	0.001196328	0.002058265	0.003034987	0.004055212	0.005064698	0.006026226	0.006916921	0.007724891	0.008446113	0.009081853	0.009636695
0.000530656	0.001196328	0.002058265	0.003034987	0.004055212	0.005064698	0.006026226	0.006916921	0.007724891	0.008446113	0.009081853	0.009636695
0.000530656	0.001196328	0.002058265	0.003034987	0.004055212	0.005064698	0.006026226	0.006916921	0.007724891	0.008446113	0.009081853	0.009636695
0.000530656	0.001196328	0.002058265	0.003034987	0.004055212	0.005064698	0.006026226	0.006916921	0.007724891	0.008446113	0.009081853	0.009636695
0.000530656	0.001196328	0.002058265	0.003034987	0.004055212	0.005064698	0.006026226	0.006916921	0.007724891	0.008446113	0.009081853	0.009636695
0.000530656	0.001196328	0.002058265	0.003034987	0.004055212	0.005064698	0.006026226	0.006916921	0.007724891	0.008446113	0.009081853	0.009636695
0.000530656	0.001196328	0.002058265	0.003034987	0.004055212	0.005064698	0.006026226	0.006916921	0.007724891	0.008446113	0.009081853	0.009636695
0.000530656	0.001196328	0.002058265	0.003034987	0.004055212	0.005064698	0.006026226	0.006916921	0.007724891	0.008446113	0.009081853	0.009636695
0.000530656	0.001196328	0.002058265	0.003034987	0.004055212	0.005064698	0.006026226	0.006916921	0.007724891	0.008446113	0.009081853	0.009636695
0.000530656	0.001196328	0.002058265	0.003034987	0.004055212	0.005064698	0.006026226	0.006916921	0.007724891	0.008446113	0.009081853	0.009636695
0.000530656	0.001196328	0.002058265	0.003034987	0.004055212	0.005064698	0.006026226	0.006916921	0.007724891	0.008446113	0.009081853	0.009636695
0.000530656	0.001196328	0.002058265	0.003034987	0.004055212	0.005064698	0.006026226	0.006916921	0.007724891	0.008446113	0.009081853	0.009636695
0.000530656	0.001196328	0.002058265	0.003034987	0.004055212	0.005064698	0.006026226	0.006916921	0.007724891	0.008446113	0.009081853	0.009636695
0.000530656	0.001196328	0.002058265	0.003034987	0.004055212	0.005064698	0.006026226	0.006916921	0.007724891	0.008446113	0.009081853	0.009636695
0.000530656	0.001196328	0.002058265	0.003034987	0.004055212	0.005064698	0.006026226	0.006916921	0.007724891	0.008446113	0.009081853	0.009636695
0.000530656	0.001196328	0.002058265	0.003034987	0.004055212	0.005064698	0.006026226	0.006916921	0.007724891	0.008446113	0.009081853	0.009636695
0.000530656	0.001196328	0.002058265	0.003034987	0.004055212	0.005064698	0.006026226	0.006916921	0.007724891	0.008446113	0.009081853	0.009636695
0.000530656	0.001196328	0.002058265	0.003034987	0.004055212	0.005064698	0.006026226	0.006916921	0.007724891	0.008446113	0.009081853	0.009636695
0.000530656	0.001196328	0.002058265	0.003034987	0.004055212	0.005064698	0.006026226	0.006916921	0.007724891	0.008446113	0.009081853	0.009636695
0.000530656	0.001196328	0.002058265	0.003034987	0.004055212	0.005064698	0.006026226	0.006916921	0.007724891	0.008446113	0.009081853	0.009636695
0.000530656	0.001196328	0.002058265	0.003034987	0.004055212	0.005064698	0.006026226	0.006916921	0.007724891	0.008446113	0.009081853	0.009636695
0.000530656	0.001196328	0.002058265	0.003034987	0.004055212	0.005064698	0.006026226	0.006916921	0.007724891	0.008446113	0.009081853	0.009636695
0.000530656	0.001196328	0.002058265	0.003034987	0.004055212	0.005064698	0.006026226	0.006916921	0.007724891	0.008446113	0.009081853	0.009636695
0.000530656	0.001196328	0.002058265	0.003034987	0.004055212	0.005064698	0.006026226	0.006916921	0.007724891	0.008446113	0.009081853	0.009636695
0.000530656	0.001196328	0.002058265	0.003034987	0.004055212	0.005064698	0.006026226	0.006916921	0.007724891	0.008446113	0.009081853	0.009636695
0.000530656	0.001196328	0.002058265	0.003034987	0.004055212	0.005064698	0.006026226	0.006916921	0.007724891	0.008446113	0.009081853	0.009636695
0.000530656	0.001196328	0.002058265	0.003034987	0.004055212	0.005064698	0.006026226	0.006916921	0.007724891	0.008446113	0.009081853	0.009636695
0.000530656	0.001196328	0.002058265	0.003034987	0.004055212	0.005064698	0.006026226	0.006916921	0.007724891	0.008446113	0.009081853	0.009636695
0.000530656	0.001196328	0.002058265	0.003034987	0.004055212	0.005064698	0.006026226	0.006916921	0.007724891	0.008446113	0.009081853	0.009636695
#nind
1
#ind_names									
SURVEY1									
#nobs_ind
30
#yrs_ind											
1	2	3	4	5	6	7	8	9	10	11	12	13	14	15	16	17	18	19	20	21	22	23	24	25	26	27	28	29	30	
#month_ind										
1															
#biom_ind											
1.64972479721398	1.48104232744562	1.36701616183473	1.3433260195414	1.41121244815513	1.34416403918074	1.29457440798449	1.2619388004866	1.12703468129645	1.10782980981179	1.2306839935464	1.07808693235642	0.997517507089526	1.16801492770983	1.25292124126861	0.903678237478536	1.06613549102632	0.843873073430363	0.770233255659836	0.821578133632929	0.655839995267123	0.609944647238342	0.653274547405631	0.645942852391161	0.569422442537057	0.603583905171279	0.48721849016661	0.572398299750082	0.547850038757106	0.570428755995479
#biom_cv																
0.329944959442796	0.296208465489123	0.273403232366945	0.26866520390828	0.282242489631026	0.268832807836148	0.258914881596898	0.252387760097321	0.225406936259289	0.221565961962357	0.24613679870928	0.215617386471283	0.199503501417905	0.233602985541966	0.250584248253722	0.180735647495707	0.213227098205264	0.168774614686073	0.154046651131967	0.164315626726586	0.131167999053425	0.121988929447668	0.130654909481126	0.129188570478232	0.113884488507411	0.120716781034256	0.097443698033322	0.114479659950017	0.109570007751421	0.114085751199096
#n_ages_ind															
30			
#n_lengths_ind															
0															
#yrs_ages_ind															
1	2	3	4	5	6	7	8	9	10	11	12	13	14	15	16	17	18	19	20	21	22	23	24	25	26	27	28	29	30	
#sample_ages_ind					
200	200	200	200	200	200	200	200	200	200	200	200	200	200	200	200	200	200	200	200	200	200	200	200	200	200	200	200	200	200
#page_ind						
0.07	0.125	0.185	0.145	0.1	0.09	0.045	0.04	0.02	0.035	0.025	0.12
0.095	0.095	0.195	0.08	0.13	0.06	0.06	0.05	0.055	0.045	0.03	0.105
0.065	0.145	0.165	0.125	0.095	0.095	0.07	0.085	0.03	0.035	0.035	0.055
0.03	0.14	0.155	0.125	0.165	0.08	0.07	0.05	0.055	0.01	0.045	0.075
0.05	0.135	0.1	0.205	0.105	0.095	0.055	0.055	0.045	0.03	0.035	0.09
0.09	0.15	0.095	0.1	0.155	0.07	0.075	0.045	0.06	0.025	0.02	0.115
0.065	0.18	0.13	0.095	0.06	0.1	0.07	0.07	0.05	0.015	0.035	0.13
0.06	0.19	0.16	0.11	0.06	0.075	0.065	0.04	0.03	0.045	0.035	0.13
0.105	0.195	0.185	0.1	0.085	0.07	0.05	0.025	0.03	0.025	0.025	0.105
0.06	0.175	0.225	0.12	0.1	0.055	0.045	0.045	0.055	0.02	0.025	0.075
0.08	0.125	0.245	0.115	0.085	0.085	0.055	0.035	0.035	0.035	0.01	0.095
0.085	0.155	0.13	0.18	0.135	0.065	0.08	0.055	0.03	0.02	0.02	0.045
0.09	0.19	0.165	0.08	0.18	0.055	0.055	0.055	0.015	0.005	0.015	0.095
0.105	0.125	0.22	0.09	0.06	0.135	0.075	0.06	0.04	0.01	0.015	0.065
0.07	0.235	0.2	0.145	0.105	0.035	0.07	0.025	0.04	0.01	0.02	0.045
0.135	0.155	0.26	0.145	0.08	0.055	0.03	0.05	0.025	0.01	0.005	0.05
0.07	0.255	0.145	0.17	0.115	0.065	0.035	0.035	0.025	0.005	0.03	0.05
0.065	0.235	0.22	0.11	0.15	0.075	0.05	0.025	0.01	0.02	0.015	0.025
0.115	0.155	0.17	0.225	0.07	0.115	0.015	0.05	0.025	0.01	0.02	0.03
0.08	0.225	0.15	0.19	0.1	0.05	0.06	0.04	0.015	0.02	0.02	0.05
0.095	0.215	0.205	0.14	0.12	0.065	0.08	0.03	0.01	0.02	0.005	0.015
0.07	0.175	0.25	0.15	0.1	0.105	0.055	0.015	0.04	0.02	0.005	0.015
0.115	0.205	0.165	0.19	0.095	0.05	0.055	0.035	0.02	0.03	0.02	0.02
0.14	0.32	0.185	0.105	0.075	0.065	0.03	0.025	0.015	0.015	0.01	0.015
0.12	0.265	0.24	0.165	0.065	0.07	0.015	0.01	0.02	0.01	0.005	0.015
0.095	0.35	0.23	0.135	0.06	0.03	0.045	0.02	0.015	0.005	0	0.015
0.11	0.205	0.315	0.145	0.085	0.06	0.015	0.03	0.015	0	0.005	0.015
0.16	0.24	0.235	0.18	0.045	0.045	0.02	0.03	0.015	0.005	0.005	0.02
0.09	0.325	0.24	0.105	0.11	0.04	0.025	0.035	0	0.005	0.005	0.02
0.15	0.185	0.33	0.105	0.06	0.085	0.025	0.03	0.005	0.005	0.01	0.01
#wt_age_ind						
1 1 1 1 1 1 1 1 1 1 1 1 
1 1 1 1 1 1 1 1 1 1 1 1 
1 1 1 1 1 1 1 1 1 1 1 1 
1 1 1 1 1 1 1 1 1 1 1 1 
1 1 1 1 1 1 1 1 1 1 1 1 
1 1 1 1 1 1 1 1 1 1 1 1 
1 1 1 1 1 1 1 1 1 1 1 1 
1 1 1 1 1 1 1 1 1 1 1 1 
1 1 1 1 1 1 1 1 1 1 1 1 
1 1 1 1 1 1 1 1 1 1 1 1 
1 1 1 1 1 1 1 1 1 1 1 1 
1 1 1 1 1 1 1 1 1 1 1 1 
1 1 1 1 1 1 1 1 1 1 1 1 
1 1 1 1 1 1 1 1 1 1 1 1 
1 1 1 1 1 1 1 1 1 1 1 1 
1 1 1 1 1 1 1 1 1 1 1 1 
1 1 1 1 1 1 1 1 1 1 1 1 
1 1 1 1 1 1 1 1 1 1 1 1 
1 1 1 1 1 1 1 1 1 1 1 1 
1 1 1 1 1 1 1 1 1 1 1 1 
1 1 1 1 1 1 1 1 1 1 1 1 
1 1 1 1 1 1 1 1 1 1 1 1 
1 1 1 1 1 1 1 1 1 1 1 1 
1 1 1 1 1 1 1 1 1 1 1 1 
1 1 1 1 1 1 1 1 1 1 1 1 
1 1 1 1 1 1 1 1 1 1 1 1 
1 1 1 1 1 1 1 1 1 1 1 1 
1 1 1 1 1 1 1 1 1 1 1 1 
1 1 1 1 1 1 1 1 1 1 1 1 
1 1 1 1 1 1 1 1 1 1 1 1 
# wt_pop
0.000530656	0.001196328	0.002058265	0.003034987	0.004055212	0.005064698	0.006026226	0.006916921	0.007724891	0.008446113	0.009081853	0.009636695
#maturity
0.02297737 0.32082130 0.90465054 0.99477987 0.99973881 0.99998699 0.99999935 0.99999997 1 1 1 1
#spmonth						
1		
#age_err						
1	0	0	0	0	0	0	0	0	0	0	0
0	1	0	0	0	0	0	0	0	0	0	0
0	0	1	0	0	0	0	0	0	0	0	0
0	0	0	1	0	0	0	0	0	0	0	0
0	0	0	0	1	0	0	0	0	0	0	0
0	0	0	0	0	1	0	0	0	0	0	0
0	0	0	0	0	0	1	0	0	0	0	0
0	0	0	0	0	0	0	1	0	0	0	0
0	0	0	0	0	0	0	0	1	0	0	0
0	0	0	0	0	0	0	0	0	1	0	0
0	0	0	0	0	0	0	0	0	0	1	0
0	0	0	0	0	0	0	0	0	0	0	1																														
