#styr												
1
#endyr												
30
#rec_age										
1															
#n_ages										
12
# numbers of length intervals
81
#Length	bin
10	11	12	13	14	15	16	17	18	19	20	21	22	23	24	25	26	27	28	29	30	31	32	33	34	35	36	37	38	39	40	41	42	43	44	45	46	47	48	49	50	51	52	53	54	55	56	57	58	59	60	61	62	63	64	65	66	67	68	69	70	71	72	73	74	75	76	77	78	79	80	81	82	83	84	85	86	87	88	89	90
#nfsh
1
#names_fsh
FLEET1												
#catch												
160.88958094308	460.744845215912	752.018913378665	960.126388972951	722.084059979089	1215.70629395903	1163.31949982848	2208.96266997446	1166.47597038245	1338.09389102932	1412.88614456459	1378.58272705829	930.960163680292	1257.01062306187	1227.03731043787	1028.19112558088	1819.90169660507	1352.82260384835	1312.83058412648	1261.53844959848	1654.29481131887	1114.52033821462	1702.2517962378	1278.84292938403	1224.5025189389	1133.47014900724	1132.58040792301	1526.14793697735	1084.00567022841	1501.83409116565
#catch_cv											
0.01	0.01	0.01	0.01	0.01	0.01	0.01	0.01	0.01	0.01	0.01	0.01	0.01	0.01	0.01	0.01	0.01	0.01	0.01	0.01	0.01	0.01	0.01	0.01	0.01	0.01	0.01	0.01	0.01	0.01
#n_ages_fsh								
30		
#n_lengths_fsh								
0															
#yrs_ages_fsh								
1	2	3	4	5	6	7	8	9	10	11	12	13	14	15	16	17	18	19	20	21	22	23	24	25	26	27	28	29	30	
#sample_ages_fsh							
200	200	200	200	200	200	200	200	200	200	200	200	200	200	200	200	200	200	200	200	200	200	200	200	200	200	200	200	200	200
#page_fsh	2	3	4	5	6	7	8	9	10	11						
0.075	0.105	0.15	0.125	0.08	0.1	0.07	0.085	0.02	0.045	0.025	0.12
0.08	0.14	0.145	0.125	0.105	0.07	0.075	0.06	0.045	0.025	0.03	0.1
0.055	0.1	0.095	0.12	0.13	0.095	0.085	0.07	0.035	0.03	0.015	0.17
0.04	0.07	0.17	0.155	0.105	0.095	0.105	0.055	0.045	0.025	0.01	0.125
0.07	0.095	0.11	0.115	0.08	0.115	0.07	0.04	0.045	0.035	0.035	0.19
0.1	0.125	0.05	0.185	0.09	0.115	0.065	0.025	0.035	0.06	0.01	0.14
0.09	0.155	0.135	0.08	0.115	0.07	0.065	0.045	0.06	0.035	0.04	0.11
0.05	0.13	0.15	0.125	0.07	0.055	0.07	0.05	0.035	0.05	0.045	0.17
0.09	0.055	0.225	0.145	0.12	0.04	0.04	0.055	0.03	0.025	0.035	0.14
0.09	0.1	0.11	0.185	0.13	0.105	0.05	0.03	0.035	0.025	0.03	0.11
0.07	0.175	0.14	0.14	0.09	0.09	0.09	0.03	0.01	0.03	0.04	0.095
0.125	0.09	0.085	0.185	0.05	0.1	0.1	0.07	0.015	0.045	0.025	0.11
0.12	0.135	0.12	0.155	0.115	0.05	0.095	0.075	0.035	0.015	0.005	0.08
0.065	0.135	0.175	0.1	0.1	0.105	0.05	0.065	0.04	0.05	0.025	0.09
0.165	0.125	0.15	0.175	0.08	0.06	0.065	0.04	0.04	0.005	0.015	0.08
0.085	0.215	0.12	0.1	0.13	0.07	0.055	0.055	0.02	0.045	0.015	0.09
0.175	0.165	0.175	0.08	0.075	0.115	0.04	0.05	0.025	0.02	0.035	0.045
0.115	0.28	0.18	0.13	0.055	0.05	0.035	0.04	0.035	0.02	0.005	0.055
0.13	0.13	0.335	0.155	0.085	0.045	0.025	0.03	0.015	0.015	0.005	0.03
0.11	0.185	0.155	0.22	0.1	0.105	0.025	0.01	0.05	0.01	0.01	0.02
0.16	0.17	0.19	0.15	0.175	0.055	0.045	0.02	0.005	0.015	0	0.015
0.14	0.235	0.125	0.17	0.09	0.11	0.035	0.04	0.01	0.02	0.01	0.015
0.15	0.195	0.19	0.135	0.1	0.06	0.065	0.04	0.03	0	0	0.035
0.18	0.26	0.12	0.175	0.07	0.085	0.04	0.035	0.005	0.005	0.015	0.01
0.17	0.255	0.195	0.11	0.115	0.05	0.045	0.025	0.015	0.005	0.005	0.01
0.215	0.21	0.24	0.135	0.055	0.06	0.01	0.03	0.015	0.02	0.01	0
0.105	0.26	0.215	0.14	0.1	0.05	0.05	0.025	0.03	0.01	0.005	0.01
0.115	0.16	0.34	0.135	0.1	0.055	0.02	0.03	0.025	0.005	0.005	0.01
0.175	0.155	0.14	0.235	0.11	0.085	0.055	0.015	0.01	0.005	0.005	0.01
0.15	0.25	0.205	0.11	0.105	0.06	0.055	0.035	0.015	0.01	0	0.005
#wt_age_fsh	1 2	3	4	5	6	7	8	9	10	11						
0.000530656	0.001196328	0.002058265	0.003034987	0.004055212	0.005064698	0.006026226	0.006916921	0.007724891	0.008446113	0.009081853	0.009636695
0.000530656	0.001196328	0.002058265	0.003034987	0.004055212	0.005064698	0.006026226	0.006916921	0.007724891	0.008446113	0.009081853	0.009636695
0.000530656	0.001196328	0.002058265	0.003034987	0.004055212	0.005064698	0.006026226	0.006916921	0.007724891	0.008446113	0.009081853	0.009636695
0.000530656	0.001196328	0.002058265	0.003034987	0.004055212	0.005064698	0.006026226	0.006916921	0.007724891	0.008446113	0.009081853	0.009636695
0.000530656	0.001196328	0.002058265	0.003034987	0.004055212	0.005064698	0.006026226	0.006916921	0.007724891	0.008446113	0.009081853	0.009636695
0.000530656	0.001196328	0.002058265	0.003034987	0.004055212	0.005064698	0.006026226	0.006916921	0.007724891	0.008446113	0.009081853	0.009636695
0.000530656	0.001196328	0.002058265	0.003034987	0.004055212	0.005064698	0.006026226	0.006916921	0.007724891	0.008446113	0.009081853	0.009636695
0.000530656	0.001196328	0.002058265	0.003034987	0.004055212	0.005064698	0.006026226	0.006916921	0.007724891	0.008446113	0.009081853	0.009636695
0.000530656	0.001196328	0.002058265	0.003034987	0.004055212	0.005064698	0.006026226	0.006916921	0.007724891	0.008446113	0.009081853	0.009636695
0.000530656	0.001196328	0.002058265	0.003034987	0.004055212	0.005064698	0.006026226	0.006916921	0.007724891	0.008446113	0.009081853	0.009636695
0.000530656	0.001196328	0.002058265	0.003034987	0.004055212	0.005064698	0.006026226	0.006916921	0.007724891	0.008446113	0.009081853	0.009636695
0.000530656	0.001196328	0.002058265	0.003034987	0.004055212	0.005064698	0.006026226	0.006916921	0.007724891	0.008446113	0.009081853	0.009636695
0.000530656	0.001196328	0.002058265	0.003034987	0.004055212	0.005064698	0.006026226	0.006916921	0.007724891	0.008446113	0.009081853	0.009636695
0.000530656	0.001196328	0.002058265	0.003034987	0.004055212	0.005064698	0.006026226	0.006916921	0.007724891	0.008446113	0.009081853	0.009636695
0.000530656	0.001196328	0.002058265	0.003034987	0.004055212	0.005064698	0.006026226	0.006916921	0.007724891	0.008446113	0.009081853	0.009636695
0.000530656	0.001196328	0.002058265	0.003034987	0.004055212	0.005064698	0.006026226	0.006916921	0.007724891	0.008446113	0.009081853	0.009636695
0.000530656	0.001196328	0.002058265	0.003034987	0.004055212	0.005064698	0.006026226	0.006916921	0.007724891	0.008446113	0.009081853	0.009636695
0.000530656	0.001196328	0.002058265	0.003034987	0.004055212	0.005064698	0.006026226	0.006916921	0.007724891	0.008446113	0.009081853	0.009636695
0.000530656	0.001196328	0.002058265	0.003034987	0.004055212	0.005064698	0.006026226	0.006916921	0.007724891	0.008446113	0.009081853	0.009636695
0.000530656	0.001196328	0.002058265	0.003034987	0.004055212	0.005064698	0.006026226	0.006916921	0.007724891	0.008446113	0.009081853	0.009636695
0.000530656	0.001196328	0.002058265	0.003034987	0.004055212	0.005064698	0.006026226	0.006916921	0.007724891	0.008446113	0.009081853	0.009636695
0.000530656	0.001196328	0.002058265	0.003034987	0.004055212	0.005064698	0.006026226	0.006916921	0.007724891	0.008446113	0.009081853	0.009636695
0.000530656	0.001196328	0.002058265	0.003034987	0.004055212	0.005064698	0.006026226	0.006916921	0.007724891	0.008446113	0.009081853	0.009636695
0.000530656	0.001196328	0.002058265	0.003034987	0.004055212	0.005064698	0.006026226	0.006916921	0.007724891	0.008446113	0.009081853	0.009636695
0.000530656	0.001196328	0.002058265	0.003034987	0.004055212	0.005064698	0.006026226	0.006916921	0.007724891	0.008446113	0.009081853	0.009636695
0.000530656	0.001196328	0.002058265	0.003034987	0.004055212	0.005064698	0.006026226	0.006916921	0.007724891	0.008446113	0.009081853	0.009636695
0.000530656	0.001196328	0.002058265	0.003034987	0.004055212	0.005064698	0.006026226	0.006916921	0.007724891	0.008446113	0.009081853	0.009636695
0.000530656	0.001196328	0.002058265	0.003034987	0.004055212	0.005064698	0.006026226	0.006916921	0.007724891	0.008446113	0.009081853	0.009636695
0.000530656	0.001196328	0.002058265	0.003034987	0.004055212	0.005064698	0.006026226	0.006916921	0.007724891	0.008446113	0.009081853	0.009636695
0.000530656	0.001196328	0.002058265	0.003034987	0.004055212	0.005064698	0.006026226	0.006916921	0.007724891	0.008446113	0.009081853	0.009636695
#nind
1
#ind_names									
SURVEY1									
#nobs_ind
30
#yrs_ind											
1	2	3	4	5	6	7	8	9	10	11	12	13	14	15	16	17	18	19	20	21	22	23	24	25	26	27	28	29	30	
#month_ind										
1															
#biom_ind											
1.6842651934324	1.78113609123538	1.3953318459616	1.35296484231449	1.38231138117844	1.39625514876839	1.32549430984453	1.13228682996693	1.16438517944173	1.03047046669557	1.05415397308097	0.944278200438221	0.937518942635579	0.780343144060278	0.852048324765624	0.850273356564154	0.863832339392817	0.793668714132537	0.919332277204824	0.761655453883449	0.786185889082478	0.629394411414681	0.858706146615778	0.872315637780672	0.776651837067865	0.790117369982573	0.811139951468291	0.736354272313792	0.571598387108234	0.540990240266271
#biom_cv																
0.336853038686481	0.356227218247076	0.279066369192319	0.270592968462898	0.276462276235687	0.279251029753678	0.265098861968906	0.226457365993386	0.232877035888346	0.206094093339114	0.210830794616193	0.188855640087644	0.187503788527116	0.156068628812056	0.170409664953125	0.170054671312831	0.172766467878563	0.158733742826508	0.183866455440965	0.15233109077669	0.157237177816496	0.125878882282936	0.171741229323156	0.174463127556134	0.155330367413573	0.158023473996515	0.162227990293658	0.147270854462758	0.114319677421647	0.108198048053254
#n_ages_ind															
30			
#n_lengths_ind															
0															
#yrs_ages_ind															
1	2	3	4	5	6	7	8	9	10	11	12	13	14	15	16	17	18	19	20	21	22	23	24	25	26	27	28	29	30	
#sample_ages_ind					
200	200	200	200	200	200	200	200	200	200	200	200	200	200	200	200	200	200	200	200	200	200	200	200	200	200	200	200	200	200
#page_ind						
0.085	0.125	0.13	0.13	0.07	0.075	0.105	0.075	0.02	0.03	0.025	0.13
0.055	0.205	0.19	0.095	0.055	0.07	0.075	0.05	0.05	0.035	0.04	0.08
0.07	0.065	0.15	0.155	0.09	0.115	0.03	0.085	0.06	0.035	0.03	0.115
0.03	0.105	0.185	0.135	0.075	0.055	0.095	0.045	0.065	0.035	0.02	0.155
0.08	0.075	0.11	0.145	0.12	0.08	0.11	0.06	0.03	0.045	0.025	0.12
0.07	0.19	0.105	0.105	0.09	0.07	0.085	0.025	0.055	0.035	0.035	0.135
0.09	0.185	0.15	0.085	0.115	0.075	0.06	0.05	0.035	0.045	0.02	0.09
0.05	0.16	0.16	0.155	0.06	0.05	0.075	0.06	0.06	0.025	0.03	0.115
0.155	0.12	0.2	0.115	0.105	0.035	0.05	0.04	0.05	0.045	0.005	0.08
0.095	0.22	0.1	0.17	0.07	0.11	0.025	0.085	0.01	0.015	0.015	0.085
0.035	0.15	0.185	0.1	0.12	0.095	0.07	0.04	0.015	0.025	0.03	0.135
0.13	0.11	0.185	0.145	0.115	0.12	0.045	0.035	0.015	0.005	0.025	0.07
0.06	0.175	0.17	0.135	0.115	0.095	0.065	0.045	0.025	0.01	0.025	0.08
0.05	0.14	0.225	0.125	0.125	0.11	0.04	0.06	0.03	0.01	0.01	0.075
0.085	0.095	0.19	0.18	0.065	0.11	0.05	0.04	0.035	0.035	0.04	0.075
0.085	0.31	0.135	0.09	0.1	0.055	0.055	0.045	0.01	0.025	0.025	0.065
0.175	0.17	0.235	0.09	0.035	0.085	0.05	0.045	0.015	0.03	0.015	0.055
0.085	0.39	0.115	0.145	0.065	0.03	0.035	0.035	0.02	0.03	0.01	0.04
0.13	0.17	0.245	0.125	0.115	0.03	0.04	0.03	0.01	0.03	0.025	0.05
0.105	0.245	0.19	0.185	0.1	0.06	0.025	0.02	0.02	0.005	0.015	0.03
0.11	0.14	0.265	0.15	0.16	0.075	0.055	0.01	0.01	0.01	0.005	0.01
0.09	0.26	0.14	0.18	0.08	0.115	0.045	0.055	0.005	0.005	0.015	0.01
0.125	0.22	0.275	0.125	0.075	0.05	0.075	0.02	0.015	0.005	0	0.015
0.165	0.25	0.15	0.175	0.065	0.07	0.035	0.045	0.01	0.015	0.01	0.01
0.105	0.285	0.245	0.115	0.095	0.045	0.04	0.01	0.01	0.02	0.015	0.015
0.135	0.25	0.29	0.14	0.09	0.035	0.025	0.005	0.015	0.01	0	0.005
0.095	0.3	0.235	0.15	0.095	0.06	0.02	0.01	0.005	0.01	0.015	0.005
0.08	0.195	0.29	0.16	0.12	0.085	0.03	0.02	0	0	0.01	0.01
0.11	0.235	0.17	0.15	0.115	0.085	0.07	0.025	0.03	0.005	0	0.005
0.09	0.27	0.235	0.115	0.16	0.06	0.025	0.025	0.005	0.005	0.005	0.005
#wt_age_ind						
1 1 1 1 1 1 1 1 1 1 1 1 
1 1 1 1 1 1 1 1 1 1 1 1 
1 1 1 1 1 1 1 1 1 1 1 1 
1 1 1 1 1 1 1 1 1 1 1 1 
1 1 1 1 1 1 1 1 1 1 1 1 
1 1 1 1 1 1 1 1 1 1 1 1 
1 1 1 1 1 1 1 1 1 1 1 1 
1 1 1 1 1 1 1 1 1 1 1 1 
1 1 1 1 1 1 1 1 1 1 1 1 
1 1 1 1 1 1 1 1 1 1 1 1 
1 1 1 1 1 1 1 1 1 1 1 1 
1 1 1 1 1 1 1 1 1 1 1 1 
1 1 1 1 1 1 1 1 1 1 1 1 
1 1 1 1 1 1 1 1 1 1 1 1 
1 1 1 1 1 1 1 1 1 1 1 1 
1 1 1 1 1 1 1 1 1 1 1 1 
1 1 1 1 1 1 1 1 1 1 1 1 
1 1 1 1 1 1 1 1 1 1 1 1 
1 1 1 1 1 1 1 1 1 1 1 1 
1 1 1 1 1 1 1 1 1 1 1 1 
1 1 1 1 1 1 1 1 1 1 1 1 
1 1 1 1 1 1 1 1 1 1 1 1 
1 1 1 1 1 1 1 1 1 1 1 1 
1 1 1 1 1 1 1 1 1 1 1 1 
1 1 1 1 1 1 1 1 1 1 1 1 
1 1 1 1 1 1 1 1 1 1 1 1 
1 1 1 1 1 1 1 1 1 1 1 1 
1 1 1 1 1 1 1 1 1 1 1 1 
1 1 1 1 1 1 1 1 1 1 1 1 
1 1 1 1 1 1 1 1 1 1 1 1 
# wt_pop
0.000530656	0.001196328	0.002058265	0.003034987	0.004055212	0.005064698	0.006026226	0.006916921	0.007724891	0.008446113	0.009081853	0.009636695
#maturity
0.02297737 0.32082130 0.90465054 0.99477987 0.99973881 0.99998699 0.99999935 0.99999997 1 1 1 1
#spmonth						
1		
#age_err						
1	0	0	0	0	0	0	0	0	0	0	0
0	1	0	0	0	0	0	0	0	0	0	0
0	0	1	0	0	0	0	0	0	0	0	0
0	0	0	1	0	0	0	0	0	0	0	0
0	0	0	0	1	0	0	0	0	0	0	0
0	0	0	0	0	1	0	0	0	0	0	0
0	0	0	0	0	0	1	0	0	0	0	0
0	0	0	0	0	0	0	1	0	0	0	0
0	0	0	0	0	0	0	0	1	0	0	0
0	0	0	0	0	0	0	0	0	1	0	0
0	0	0	0	0	0	0	0	0	0	1	0
0	0	0	0	0	0	0	0	0	0	0	1																														
