# Number of parameters = 77  Objective function value = 26282.9  Maximum gradient component = 0.00461534
# sel_params[1]:
1.85019165290
# sel_params[2]:
0.916579719691
# log_Fmult_year1:
 -4.64498852626
# log_Fmult_devs:
 1.07374640977 0.502431015161 0.309114977861 -0.229422529324 0.586054605454 0.00391903077671 0.739132083859 -0.542347081572 0.203544247691 0.108819678494 0.0648938106116 -0.324677008379 0.355559996605 0.0577096371331 -0.117828520757 0.662580174585 -0.202245732106 -0.0211829834398 -0.0127951590460 0.320240958258 -0.306678118340 0.500046181826 -0.183199905379 0.00976144726489 -0.0729548801895 0.00678244922048 0.384648672253 -0.235801484840 0.456594667412
# log_recruit_devs:
 -0.0396663054820 -0.295182750759 0.0108439861254 0.109605304788 0.0360056121443 -0.377365443757 0.445606650221 0.00167253126390 0.0446519255870 0.180364080939 0.290617946447 0.150737791365 -0.0306568190940 0.286163093414 -0.0795351844709 -0.246673058084 -0.0752799856657 -0.135153885487 0.0908676946295 -0.129556726980 -0.250792257427 -0.146733715378 0.0790463692747 0.0963061300216 0.120149925632 -0.497751458510 0.0844414848045 0.209826831620 -0.0398770404106 0.107317273229
# log_N_year1_devs:
 -0.105346505294 -0.0536657831556 -0.0903504651708 -0.0663890706828 -0.0498436495675 -0.0320359907857 -0.0823339995498 -0.215279975156 -0.213167297421 0.241648511329 -0.210322431219
# log_q_year1:
 -7.91519643991
# log_q_devs:
 0.00000000000 0.00000000000 0.00000000000 0.00000000000 0.00000000000 0.00000000000 0.00000000000 0.00000000000 0.00000000000 0.00000000000 0.00000000000 0.00000000000 0.00000000000 0.00000000000 0.00000000000 0.00000000000 0.00000000000 0.00000000000 0.00000000000 0.00000000000 0.00000000000 0.00000000000 0.00000000000 0.00000000000 0.00000000000 0.00000000000 0.00000000000 0.00000000000 0.00000000000
# index_sel_params[1]:
1.53390555217
# index_sel_params[2]:
0.503414601971
# log_SR_scaler:
6.86814866095
# SR_steepness:
0.750000000000
