#######GENERAL HEADER INPUT#######
1
30
1
30
1
30
30
12
1	2	3	4	5	6	7	8	9	10	11	12
12
1	2	3	4	5	6	7	8	9	10	11	12
1
1001
1
1
#######SURVEY DATA#######
30
1	2	3	4	5	6	7	8	9	10	11	12	13	14	15	16	17	18	19	20	21	22	23	24	25	26	27	28	29	30
1.60124864755514	1.63429130162886	1.71095339595875	1.44400680394675	1.42729831463583	1.30635875004866	1.19497374374823	1.47403340954982	1.50967746377456	1.30760985049127	1.2053559750599	1.12434816358381	1.02979967864329	1.23749634902783	1.1235110805913	1.05394704276678	0.903335293007943	0.741217371139609	0.728473474124097	0.568671263578509	0.769319608425509	0.63864334400639	0.601216446481782	0.601629178525128	0.589556273293847	0.661817637742265	0.524208518653389	0.547498965590945	0.544103263574005	0.525066205827214
0.2	0.2	0.2	0.2	0.2	0.2	0.2	0.2	0.2	0.2	0.2	0.2	0.2	0.2	0.2	0.2	0.2	0.2	0.2	0.2	0.2	0.2	0.2	0.2	0.2	0.2	0.2	0.2	0.2	0.2
30
1	2	3	4	5	6	7	8	9	10	11	12	13	14	15	16	17	18	19	20	21	22	23	24	25	26	27	28	29	30
200	200	200	200	200	200	200	200	200	200	200	200	200	200	200	200	200	200	200	200	200	200	200	200	200	200	200	200	200	200
200	200	200	200	200	200	200	200	200	200	200	200	200	200	200	200	200	200	200	200	200	200	200	200	200	200	200	200	200	200
0.055	0.18	0.12	0.13	0.06	0.07	0.075	0.035	0.08	0.03	0.025	0.14
0.075	0.115	0.125	0.135	0.095	0.085	0.055	0.08	0.025	0.03	0.02	0.16
0.075	0.18	0.155	0.135	0.1	0.075	0.035	0.04	0.04	0.025	0.025	0.115
0.07	0.16	0.09	0.125	0.13	0.07	0.075	0.07	0.05	0.03	0.02	0.11
0.04	0.21	0.14	0.115	0.115	0.095	0.05	0.035	0.07	0.02	0.005	0.105
0.085	0.16	0.195	0.11	0.08	0.075	0.055	0.035	0.04	0.04	0.01	0.115
0.07	0.13	0.195	0.12	0.09	0.075	0.07	0.045	0.04	0.02	0.025	0.12
0.095	0.15	0.165	0.145	0.125	0.075	0.06	0.045	0.03	0.035	0	0.075
0.03	0.28	0.16	0.105	0.135	0.09	0.06	0.045	0.025	0.01	0.015	0.045
0.035	0.155	0.235	0.105	0.105	0.08	0.07	0.035	0.035	0.02	0.035	0.09
0.07	0.13	0.155	0.19	0.07	0.085	0.055	0.03	0.05	0.015	0.01	0.14
0.09	0.15	0.15	0.115	0.235	0.04	0.045	0.07	0.015	0.02	0.015	0.055
0.095	0.155	0.145	0.11	0.155	0.155	0.05	0.045	0.015	0.015	0.01	0.05
0.105	0.155	0.155	0.125	0.085	0.06	0.15	0.065	0.01	0.015	0.005	0.07
0.1	0.265	0.145	0.15	0.08	0.05	0.035	0.055	0.045	0.01	0.01	0.055
0.08	0.23	0.24	0.09	0.11	0.065	0.025	0.03	0.035	0	0.01	0.085
0.08	0.155	0.225	0.18	0.07	0.065	0.065	0.015	0.03	0.04	0.005	0.07
0.06	0.19	0.165	0.18	0.155	0.085	0.055	0.03	0.005	0.01	0.01	0.055
0.15	0.185	0.155	0.125	0.095	0.14	0.025	0.02	0.025	0.005	0.025	0.05
0.095	0.235	0.205	0.12	0.1	0.08	0.06	0.03	0.02	0.015	0.01	0.03
0.065	0.255	0.245	0.12	0.085	0.085	0.055	0.03	0.02	0.005	0.01	0.025
0.15	0.215	0.16	0.145	0.105	0.045	0.035	0.045	0.04	0.025	0.015	0.02
0.075	0.24	0.145	0.19	0.1	0.085	0.055	0.025	0.025	0.02	0.01	0.03
0.17	0.235	0.23	0.095	0.11	0.055	0.025	0.03	0	0.03	0	0.02
0.075	0.37	0.19	0.195	0.045	0.05	0.035	0.015	0.005	0.005	0	0.015
0.13	0.245	0.25	0.11	0.105	0.065	0.04	0.015	0.01	0.01	0.005	0.015
0.085	0.28	0.235	0.185	0.07	0.065	0.005	0.025	0.015	0.015	0.005	0.015
0.09	0.27	0.165	0.165	0.165	0.05	0.06	0.015	0.01	0.01	0	0
0.15	0.245	0.235	0.12	0.095	0.085	0.03	0.005	0.005	0.01	0.005	0.015
0.125	0.305	0.15	0.13	0.095	0.07	0.075	0.015	0.02	0	0.005	0.01
#######LANDINGS DATA#######
1
30
161.486027645504	460.497228068687	738.45063465814	975.64503202544	755.084481842807	1326.27208172965	1288.9907646765	2493.09672275504	1352.4670020089	1586.42634632174	1678.04778844714	1664.32430440821	1122.32281348463	1565.85417432072	1536.2517247067	1333.07855723585	2358.14368216479	1649.10992828373	1459.10996484274	1288.11831080716	1587.00416401407	1024.96285359669	1520.12757842734	1118.61954346696	1076.88966580874	984.555695518486	981.080791717741	1293.99869315467	909.716576445883	1274.5615954414
0.01	0.01	0.01	0.01	0.01	0.01	0.01	0.01	0.01	0.01	0.01	0.01	0.01	0.01	0.01	0.01	0.01	0.01	0.01	0.01	0.01	0.01	0.01	0.01	0.01	0.01	0.01	0.01	0.01	0.01
30
1	2	3	4	5	6	7	8	9	10	11	12	13	14	15	16	17	18	19	20	21	22	23	24	25	26	27	28	29	30
200	200	200	200	200	200	200	200	200	200	200	200	200	200	200	200	200	200	200	200	200	200	200	200	200	200	200	200	200	200
200	200	200	200	200	200	200	200	200	200	200	200	200	200	200	200	200	200	200	200	200	200	200	200	200	200	200	200	200	200
0.12	0.085	0.1	0.105	0.08	0.075	0.08	0.095	0.025	0.07	0.03	0.135
0.055	0.155	0.11	0.16	0.105	0.1	0.06	0.045	0.04	0.03	0.025	0.115
0.085	0.11	0.075	0.12	0.11	0.08	0.075	0.075	0.04	0.03	0.035	0.165
0.095	0.135	0.145	0.125	0.125	0.055	0.065	0.05	0.04	0.045	0	0.12
0.06	0.11	0.185	0.105	0.135	0.06	0.065	0.06	0.06	0.05	0.015	0.095
0.055	0.14	0.185	0.12	0.1	0.085	0.075	0.025	0.03	0.035	0.03	0.12
0.08	0.135	0.14	0.13	0.115	0.08	0.04	0.065	0.035	0.035	0.02	0.125
0.13	0.09	0.11	0.165	0.085	0.09	0.055	0.06	0.06	0.02	0.035	0.1
0.085	0.195	0.065	0.145	0.115	0.085	0.055	0.06	0.035	0.045	0.03	0.085
0.06	0.125	0.23	0.1	0.11	0.08	0.07	0.03	0.06	0.025	0.02	0.09
0.055	0.115	0.095	0.25	0.09	0.08	0.065	0.045	0.04	0.03	0.025	0.11
0.1	0.145	0.135	0.11	0.195	0.07	0.04	0.05	0.045	0.015	0.01	0.085
0.09	0.1	0.17	0.15	0.12	0.115	0.05	0.02	0.035	0.025	0.035	0.09
0.175	0.095	0.155	0.15	0.085	0.045	0.095	0.045	0.055	0.035	0.015	0.05
0.12	0.195	0.11	0.14	0.055	0.065	0.05	0.115	0.04	0.025	0.02	0.065
0.11	0.13	0.195	0.135	0.095	0.075	0.04	0.05	0.065	0.02	0.01	0.075
0.075	0.105	0.185	0.195	0.06	0.105	0.08	0.025	0.04	0.04	0.02	0.07
0.115	0.125	0.17	0.14	0.17	0.085	0.055	0.04	0.01	0.02	0.02	0.05
0.115	0.165	0.165	0.115	0.11	0.11	0.055	0.035	0.03	0.01	0.015	0.075
0.165	0.19	0.13	0.115	0.085	0.115	0.08	0.025	0.035	0.015	0.01	0.035
0.095	0.165	0.245	0.11	0.09	0.06	0.055	0.07	0.03	0.015	0.02	0.045
0.125	0.12	0.23	0.15	0.1	0.08	0.04	0.045	0.03	0.02	0	0.06
0.12	0.215	0.16	0.16	0.115	0.08	0.05	0.03	0.01	0.035	0.01	0.015
0.19	0.21	0.205	0.115	0.095	0.065	0.02	0.015	0.025	0.005	0.025	0.03
0.205	0.32	0.145	0.135	0.07	0.06	0.035	0	0.015	0.01	0	0.005
0.155	0.235	0.23	0.125	0.105	0.045	0.02	0.02	0.04	0.005	0.01	0.01
0.11	0.175	0.25	0.205	0.105	0.065	0.015	0.015	0.035	0.01	0.005	0.01
0.105	0.17	0.245	0.22	0.12	0.03	0.045	0.025	0.03	0	0.005	0.005
0.215	0.135	0.19	0.135	0.13	0.115	0.03	0.025	0.005	0.005	0	0.015
0.135	0.295	0.17	0.115	0.095	0.08	0.06	0.005	0.02	0.005	0.005	0.015
#######PARAMETER SECTION#######
800	400	1200	-4	800	-0.25	1
0.18	0.01	1	-4	0.18	-0.25	1
-1.36	-5	-0.001	-4	-1.36	-0.25	1
0.1	0.05	0.3	-4	0.1	-0.25	1
0.2	0.01	0.5	-4	0.2	-0.25	1
0.75	0.20001	1	-3	0.75	-0.25	1
13.815511	-1	200	1	13.815511	-0.25	1
0	-1	1	-4	0	-0.25	1
0.2	1e-04	1.2	-3	0.2	-0.25	1
0	-10	10	-6	0	-1	1
0	-10	10	-6	0	-1	1
2	0	12	2	2	-0.5	1
1	0	12	2	1	-0.5	1
2	0	12	-2	2	-0.5	1
1	0	12	-2	1	-0.5	1
1.5	0	12	2	1.5	-0.5	1
2	0	12	2	2	-0.5	1
-14.8899291572232	-30	5	1	-14.8899291572232	-1	1
1	0.1	2	-1	1	-1	1
-1.54399197800355	-10	1.39	1	-1.54399197800355	-1	1
#######DEV CONSTRAINTS and DEVS#######
-15	15	2
-15	15	2
-15	15	2
0	0	0	0	0	0	0	0	0	0	0	0	0	0	0	0	0	0	0	0	0	0	0	0	0	0	0	0	0	0
0	0	0	0	0	0	0	0	0	0	0	0	0	0	0	0	0	0	0	0	0	0	0	0	0	0	0	0	0	0
0	0	0	0	0	0	0	0	0	0	0
#######LIKELIHOOD WEIGHTS#######
1
1
1
1
0
1
0
0
0
#######MISCELLANEOUS STUFF SECTION#######
2.5e-08
3
0.5	0.5	0.5	0.5	0.5	0.5	0.5	0.5	0.5	0.5	0.5	0.5
0.0229773699100256	0.320821300824607	0.904650535100891	0.994779874306442	0.999738809680904	0.999986992871533	0.999999352405202	0.999999967758134	0.999999998394772	0.99999999992008	0.999999999996021	0.999999999999802
0.2	0.2	0.2	0.2	0.2	0.2	0.2	0.2	0.2	0.2	0.2	0.2
0
1
10
0.2
1
1	0	0	0	0	0	0	0	0	0	0	0
0	1	0	0	0	0	0	0	0	0	0	0
0	0	1	0	0	0	0	0	0	0	0	0
0	0	0	1	0	0	0	0	0	0	0	0
0	0	0	0	1	0	0	0	0	0	0	0
0	0	0	0	0	1	0	0	0	0	0	0
0	0	0	0	0	0	1	0	0	0	0	0
0	0	0	0	0	0	0	1	0	0	0	0
0	0	0	0	0	0	0	0	1	0	0	0
0	0	0	0	0	0	0	0	0	1	0	0
0	0	0	0	0	0	0	0	0	0	1	0
0	0	0	0	0	0	0	0	0	0	0	1
40
31
2
1
#######END OF DATA FILE#######
999
