#######GENERAL HEADER INPUT#######
1
30
1
30
1
30
30
12
1	2	3	4	5	6	7	8	9	10	11	12
12
1	2	3	4	5	6	7	8	9	10	11	12
1
1001
1
1
#######SURVEY DATA#######
30
1	2	3	4	5	6	7	8	9	10	11	12	13	14	15	16	17	18	19	20	21	22	23	24	25	26	27	28	29	30
1.32086080743186	1.50095832283876	1.81292540050757	1.50168245596959	1.57376330393386	1.38672978997746	1.1290327976491	1.21309912909182	0.990675616925712	1.24965719826993	1.15052692827321	0.99786559573842	0.90228952712277	0.891304287884968	0.963153040971672	1.07125811925331	0.75705528158145	0.916553446890442	0.991738980063704	0.818922688640736	0.76211989825526	0.738978127335353	0.72550488398805	0.624628410577707	0.584753345630928	0.609407114631014	0.592175023147521	0.514976786337595	0.598434734437184	0.550612956617863
0.2	0.2	0.2	0.2	0.2	0.2	0.2	0.2	0.2	0.2	0.2	0.2	0.2	0.2	0.2	0.2	0.2	0.2	0.2	0.2	0.2	0.2	0.2	0.2	0.2	0.2	0.2	0.2	0.2	0.2
30
1	2	3	4	5	6	7	8	9	10	11	12	13	14	15	16	17	18	19	20	21	22	23	24	25	26	27	28	29	30
200	200	200	200	200	200	200	200	200	200	200	200	200	200	200	200	200	200	200	200	200	200	200	200	200	200	200	200	200	200
200	200	200	200	200	200	200	200	200	200	200	200	200	200	200	200	200	200	200	200	200	200	200	200	200	200	200	200	200	200
0.06	0.155	0.165	0.115	0.115	0.085	0.08	0.035	0.045	0.035	0.025	0.085
0.06	0.105	0.13	0.12	0.115	0.075	0.055	0.07	0.075	0.03	0.025	0.14
0.075	0.13	0.13	0.12	0.135	0.065	0.055	0.055	0.045	0.025	0.04	0.125
0.095	0.1	0.2	0.09	0.095	0.07	0.055	0.035	0.045	0.03	0.025	0.16
0.065	0.14	0.095	0.165	0.1	0.065	0.065	0.06	0.045	0.04	0.03	0.13
0.07	0.14	0.18	0.16	0.09	0.045	0.06	0.045	0.025	0.04	0.03	0.115
0.07	0.115	0.225	0.115	0.09	0.1	0.035	0.06	0.045	0.025	0.035	0.085
0.09	0.115	0.11	0.17	0.08	0.09	0.05	0.075	0.035	0.02	0.045	0.12
0.12	0.2	0.135	0.075	0.065	0.08	0.05	0.055	0.06	0.02	0.025	0.115
0.06	0.17	0.19	0.135	0.1	0.12	0.04	0.045	0.035	0.01	0.015	0.08
0.06	0.21	0.215	0.145	0.11	0.015	0.065	0.03	0.035	0.035	0.015	0.065
0.045	0.2	0.265	0.125	0.08	0.1	0.03	0.03	0.025	0.02	0.01	0.07
0.11	0.235	0.185	0.15	0.085	0.07	0.04	0.025	0.035	0.01	0.005	0.05
0.08	0.16	0.175	0.14	0.155	0.1	0.03	0.02	0.035	0.03	0.03	0.045
0.09	0.235	0.145	0.14	0.095	0.08	0.05	0.03	0.025	0.01	0.025	0.075
0.06	0.225	0.22	0.15	0.065	0.065	0.065	0.045	0.015	0.02	0.015	0.055
0.085	0.16	0.265	0.185	0.095	0.035	0.03	0.04	0.025	0.03	0.005	0.045
0.14	0.215	0.12	0.195	0.13	0.07	0.045	0.025	0.01	0.02	0.01	0.02
0.12	0.255	0.145	0.09	0.135	0.09	0.08	0.02	0.03	0.015	0	0.02
0.115	0.275	0.205	0.14	0.075	0.055	0.045	0.02	0.02	0.015	0.005	0.03
0.11	0.255	0.195	0.175	0.085	0.035	0.05	0.035	0.02	0.015	0.005	0.02
0.11	0.25	0.235	0.145	0.095	0.055	0.03	0.03	0.015	0.01	0.01	0.015
0.125	0.185	0.255	0.175	0.13	0.085	0.01	0.01	0.015	0	0	0.01
0.13	0.3	0.185	0.15	0.085	0.07	0.025	0.005	0.015	0.01	0.005	0.02
0.125	0.21	0.325	0.145	0.045	0.09	0.035	0.02	0	0.005	0	0
0.12	0.195	0.215	0.195	0.06	0.085	0.05	0.02	0.01	0	0.01	0.04
0.12	0.265	0.19	0.15	0.115	0.065	0.04	0.02	0.005	0.005	0.01	0.015
0.125	0.26	0.23	0.125	0.09	0.06	0.035	0.015	0.02	0.01	0.005	0.025
0.155	0.24	0.165	0.205	0.085	0.075	0.02	0.015	0.02	0.01	0	0.01
0.135	0.34	0.18	0.145	0.095	0.045	0.02	0.01	0	0.01	0.015	0.005
#######LANDINGS DATA#######
1
30
158.576073995214	460.796592267406	743.857133887955	980.449346969088	748.935022074605	1291.44375503093	1240.8782496164	2377.98522713434	1245.69612324805	1419.13107940113	1512.18470213419	1516.68709731962	1046.79808275224	1454.02109714105	1483.19968516937	1285.56000614003	2266.78089753671	1620.99748748403	1456.32339637449	1352.43395610723	1741.83421243145	1183.06278585193	1823.34483315036	1374.03368767269	1281.78403428764	1127.26762114118	1083.66726122359	1403.83914290072	993.691445474439	1451.32486401887
0.01	0.01	0.01	0.01	0.01	0.01	0.01	0.01	0.01	0.01	0.01	0.01	0.01	0.01	0.01	0.01	0.01	0.01	0.01	0.01	0.01	0.01	0.01	0.01	0.01	0.01	0.01	0.01	0.01	0.01
30
1	2	3	4	5	6	7	8	9	10	11	12	13	14	15	16	17	18	19	20	21	22	23	24	25	26	27	28	29	30
200	200	200	200	200	200	200	200	200	200	200	200	200	200	200	200	200	200	200	200	200	200	200	200	200	200	200	200	200	200
200	200	200	200	200	200	200	200	200	200	200	200	200	200	200	200	200	200	200	200	200	200	200	200	200	200	200	200	200	200
0.065	0.08	0.145	0.115	0.055	0.055	0.075	0.095	0.045	0.06	0.045	0.165
0.075	0.075	0.155	0.09	0.12	0.075	0.075	0.05	0.06	0.035	0.035	0.155
0.03	0.105	0.175	0.075	0.14	0.11	0.075	0.06	0.065	0.055	0.015	0.095
0.085	0.07	0.145	0.105	0.14	0.1	0.085	0.025	0.075	0.035	0.025	0.11
0.08	0.075	0.12	0.14	0.105	0.1	0.06	0.05	0.045	0.04	0.02	0.165
0.06	0.125	0.1	0.115	0.12	0.085	0.085	0.06	0.035	0.04	0.055	0.12
0.085	0.095	0.145	0.14	0.09	0.13	0.065	0.025	0.055	0.03	0.02	0.12
0.065	0.095	0.1	0.15	0.12	0.08	0.08	0.07	0.055	0.02	0.035	0.13
0.085	0.115	0.12	0.115	0.15	0.095	0.065	0.04	0.03	0.015	0.06	0.11
0.08	0.15	0.15	0.095	0.095	0.09	0.075	0.065	0.02	0.035	0.04	0.105
0.105	0.155	0.17	0.15	0.08	0.08	0.07	0.02	0.025	0.03	0.005	0.11
0.08	0.115	0.15	0.11	0.17	0.09	0.025	0.085	0.025	0.03	0.02	0.1
0.11	0.12	0.135	0.19	0.135	0.05	0.07	0.015	0.04	0.005	0.045	0.085
0.16	0.165	0.11	0.18	0.1	0.09	0.04	0.02	0.03	0.025	0.03	0.05
0.11	0.19	0.17	0.095	0.115	0.1	0.065	0.03	0.035	0.03	0.015	0.045
0.06	0.2	0.22	0.11	0.08	0.115	0.08	0.03	0.035	0.01	0.035	0.025
0.08	0.135	0.25	0.215	0.075	0.055	0.04	0.025	0.02	0.025	0.01	0.07
0.15	0.125	0.1	0.225	0.12	0.09	0.03	0.025	0.025	0.03	0.015	0.065
0.175	0.15	0.16	0.095	0.145	0.105	0.04	0.02	0.025	0.03	0	0.055
0.21	0.18	0.155	0.12	0.08	0.08	0.08	0.035	0.01	0.015	0.015	0.02
0.135	0.205	0.22	0.2	0.075	0.03	0.06	0.02	0.015	0.01	0.015	0.015
0.125	0.24	0.205	0.195	0.07	0.04	0.035	0.02	0.025	0.02	0	0.025
0.16	0.17	0.215	0.135	0.1	0.06	0.045	0.02	0.04	0.025	0.015	0.015
0.105	0.185	0.24	0.215	0.085	0.07	0.035	0.02	0.01	0.01	0.02	0.005
0.13	0.23	0.21	0.145	0.11	0.07	0.045	0.02	0.01	0.025	0.005	0
0.13	0.185	0.2	0.175	0.115	0.055	0.07	0.03	0.01	0.01	0	0.02
0.175	0.2	0.16	0.135	0.17	0.06	0.035	0.02	0.02	0.005	0.01	0.01
0.14	0.205	0.275	0.075	0.09	0.09	0.055	0.02	0.01	0.03	0.005	0.005
0.205	0.24	0.245	0.085	0.085	0.045	0.055	0.015	0.01	0.005	0	0.01
0.185	0.27	0.185	0.165	0.075	0.015	0.065	0.01	0.01	0.005	0.005	0.01
#######PARAMETER SECTION#######
800	400	1200	-4	800	-0.25	1
0.18	0.01	1	-4	0.18	-0.25	1
-1.36	-5	-0.001	-4	-1.36	-0.25	1
0.1	0.05	0.3	-4	0.1	-0.25	1
0.2	0.01	0.5	-4	0.2	-0.25	1
0.75	0.20001	1	-3	0.75	-0.25	1
13.815511	-1	200	1	13.815511	-0.25	1
0	-1	1	-4	0	-0.25	1
0.2	1e-04	1.2	-3	0.2	-0.25	1
0	-10	10	-6	0	-1	1
0	-10	10	-6	0	-1	1
2	0	12	2	2	-0.5	1
1	0	12	2	1	-0.5	1
2	0	12	-2	2	-0.5	1
1	0	12	-2	1	-0.5	1
1.5	0	12	2	1.5	-0.5	1
2	0	12	2	2	-0.5	1
-14.890915903444	-30	5	1	-14.890915903444	-1	1
1	0.1	2	-1	1	-1	1
-1.54399197800355	-10	1.39	1	-1.54399197800355	-1	1
#######DEV CONSTRAINTS and DEVS#######
-15	15	2
-15	15	2
-15	15	2
0	0	0	0	0	0	0	0	0	0	0	0	0	0	0	0	0	0	0	0	0	0	0	0	0	0	0	0	0	0
0	0	0	0	0	0	0	0	0	0	0	0	0	0	0	0	0	0	0	0	0	0	0	0	0	0	0	0	0	0
0	0	0	0	0	0	0	0	0	0	0
#######LIKELIHOOD WEIGHTS#######
1
1
1
1
0
1
0
0
0
#######MISCELLANEOUS STUFF SECTION#######
2.5e-08
3
0.5	0.5	0.5	0.5	0.5	0.5	0.5	0.5	0.5	0.5	0.5	0.5
0.0229773699100256	0.320821300824607	0.904650535100891	0.994779874306442	0.999738809680904	0.999986992871533	0.999999352405202	0.999999967758134	0.999999998394772	0.99999999992008	0.999999999996021	0.999999999999802
0.2	0.2	0.2	0.2	0.2	0.2	0.2	0.2	0.2	0.2	0.2	0.2
0
1
10
0.2
1
1	0	0	0	0	0	0	0	0	0	0	0
0	1	0	0	0	0	0	0	0	0	0	0
0	0	1	0	0	0	0	0	0	0	0	0
0	0	0	1	0	0	0	0	0	0	0	0
0	0	0	0	1	0	0	0	0	0	0	0
0	0	0	0	0	1	0	0	0	0	0	0
0	0	0	0	0	0	1	0	0	0	0	0
0	0	0	0	0	0	0	1	0	0	0	0
0	0	0	0	0	0	0	0	1	0	0	0
0	0	0	0	0	0	0	0	0	1	0	0
0	0	0	0	0	0	0	0	0	0	1	0
0	0	0	0	0	0	0	0	0	0	0	1
40
31
2
1
#######END OF DATA FILE#######
999
