#######GENERAL HEADER INPUT#######
1
30
1
30
1
30
30
12
1	2	3	4	5	6	7	8	9	10	11	12
12
1	2	3	4	5	6	7	8	9	10	11	12
1
1001
1
1
#######SURVEY DATA#######
30
1	2	3	4	5	6	7	8	9	10	11	12	13	14	15	16	17	18	19	20	21	22	23	24	25	26	27	28	29	30
1.48470984142945	1.40634164233281	1.54484704280032	1.42236432074145	1.18607991350199	1.28023038808369	1.17511276836016	1.11452307789477	1.08677230939384	1.27722712371643	1.34113793988163	1.19332071780632	1.18168272329095	1.07293457836535	1.15728281022024	1.20044085701097	0.929627790485128	0.994917619294093	0.959691305584829	0.752031363939306	0.804197755092816	0.739193023050263	0.904110714741985	0.630869309545502	0.77026373403308	0.585464800021291	0.65984793111918	0.536096701869541	0.47476532368585	0.549737169586165
0.2	0.2	0.2	0.2	0.2	0.2	0.2	0.2	0.2	0.2	0.2	0.2	0.2	0.2	0.2	0.2	0.2	0.2	0.2	0.2	0.2	0.2	0.2	0.2	0.2	0.2	0.2	0.2	0.2	0.2
30
1	2	3	4	5	6	7	8	9	10	11	12	13	14	15	16	17	18	19	20	21	22	23	24	25	26	27	28	29	30
200	200	200	200	200	200	200	200	200	200	200	200	200	200	200	200	200	200	200	200	200	200	200	200	200	200	200	200	200	200
200	200	200	200	200	200	200	200	200	200	200	200	200	200	200	200	200	200	200	200	200	200	200	200	200	200	200	200	200	200
0.045	0.165	0.115	0.125	0.125	0.065	0.075	0.07	0.03	0.04	0.045	0.1
0.045	0.11	0.19	0.085	0.085	0.07	0.065	0.085	0.045	0.06	0.025	0.135
0.03	0.14	0.155	0.125	0.075	0.085	0.055	0.045	0.075	0.055	0.035	0.125
0.02	0.15	0.2	0.135	0.1	0.085	0.065	0.045	0.035	0.035	0.025	0.105
0.035	0.095	0.135	0.2	0.09	0.125	0.02	0.07	0.03	0.025	0.02	0.155
0.06	0.13	0.12	0.11	0.14	0.08	0.065	0.04	0.05	0.04	0.04	0.125
0.07	0.135	0.125	0.115	0.08	0.11	0.075	0.09	0.015	0.025	0.03	0.13
0.09	0.13	0.215	0.1	0.075	0.07	0.05	0.065	0.04	0	0.02	0.145
0.15	0.12	0.195	0.11	0.065	0.05	0.065	0.08	0.045	0.015	0	0.105
0.115	0.26	0.095	0.19	0.05	0.04	0.05	0.02	0.07	0.01	0.025	0.075
0.1	0.16	0.28	0.1	0.115	0.04	0.03	0.02	0.03	0.035	0.01	0.08
0.105	0.15	0.21	0.15	0.065	0.09	0.035	0.025	0.025	0.02	0.03	0.095
0.055	0.18	0.18	0.17	0.14	0.065	0.06	0.03	0.02	0.02	0.02	0.06
0.07	0.145	0.195	0.16	0.07	0.14	0.045	0.05	0.035	0.01	0.02	0.06
0.095	0.185	0.15	0.125	0.125	0.08	0.1	0.025	0.035	0.015	0.01	0.055
0.1	0.27	0.165	0.115	0.115	0.045	0.04	0.05	0.025	0.015	0.015	0.045
0.075	0.255	0.23	0.11	0.115	0.04	0.055	0.02	0.045	0.01	0.015	0.03
0.095	0.195	0.155	0.205	0.1	0.08	0.065	0.035	0.015	0.01	0.005	0.04
0.09	0.21	0.145	0.12	0.13	0.11	0.05	0.04	0.025	0.02	0.005	0.055
0.115	0.255	0.21	0.11	0.095	0.075	0.04	0.025	0.03	0.005	0.005	0.035
0.1	0.195	0.25	0.145	0.105	0.07	0.035	0.055	0.01	0.01	0.005	0.02
0.08	0.26	0.19	0.17	0.08	0.07	0.045	0.035	0.02	0.025	0.01	0.015
0.15	0.25	0.205	0.155	0.09	0.04	0.025	0.04	0.025	0	0.005	0.015
0.18	0.225	0.225	0.13	0.095	0.07	0.03	0.015	0.01	0.02	0	0
0.13	0.27	0.22	0.185	0.06	0.025	0.03	0.04	0.01	0.01	0	0.02
0.065	0.27	0.22	0.17	0.145	0.04	0.035	0.035	0.01	0	0.005	0.005
0.125	0.15	0.25	0.165	0.125	0.09	0.04	0.015	0.02	0.005	0.01	0.005
0.12	0.235	0.165	0.155	0.095	0.095	0.05	0.03	0.005	0.02	0.005	0.025
0.125	0.175	0.25	0.13	0.105	0.085	0.065	0.035	0.015	0.005	0	0.01
0.11	0.315	0.195	0.14	0.105	0.04	0.035	0.025	0.01	0.01	0.015	0
#######LANDINGS DATA#######
1
30
160.59753774824	457.949312620954	746.897634651141	973.762829865822	742.78368649895	1273.56301383091	1189.95562259026	2258.6674874961	1196.13228684805	1387.79260961035	1487.19034597937	1529.42039550926	1079.62051336255	1517.20199197799	1544.48908993944	1346.39049378704	2410.9849387728	1771.31690495965	1619.54324333731	1494.38030931618	1882.94048516119	1260.72630377949	1892.29280434237	1408.39685814961	1342.76616780722	1174.23819809839	1098.76598069852	1420.69680661213	988.670563746589	1398.83834909936
0.01	0.01	0.01	0.01	0.01	0.01	0.01	0.01	0.01	0.01	0.01	0.01	0.01	0.01	0.01	0.01	0.01	0.01	0.01	0.01	0.01	0.01	0.01	0.01	0.01	0.01	0.01	0.01	0.01	0.01
30
1	2	3	4	5	6	7	8	9	10	11	12	13	14	15	16	17	18	19	20	21	22	23	24	25	26	27	28	29	30
200	200	200	200	200	200	200	200	200	200	200	200	200	200	200	200	200	200	200	200	200	200	200	200	200	200	200	200	200	200
200	200	200	200	200	200	200	200	200	200	200	200	200	200	200	200	200	200	200	200	200	200	200	200	200	200	200	200	200	200
0.065	0.09	0.12	0.15	0.085	0.055	0.065	0.08	0.085	0.03	0.03	0.145
0.08	0.115	0.16	0.11	0.115	0.065	0.105	0.04	0.03	0.03	0.05	0.1
0.045	0.12	0.17	0.115	0.095	0.08	0.07	0.065	0.06	0.03	0.03	0.12
0.06	0.115	0.175	0.18	0.08	0.12	0.05	0.045	0.05	0.035	0.02	0.07
0.055	0.07	0.125	0.14	0.11	0.06	0.06	0.05	0.06	0.065	0.02	0.185
0.065	0.105	0.08	0.13	0.155	0.09	0.075	0.035	0.04	0.04	0.01	0.175
0.09	0.12	0.1	0.13	0.09	0.13	0.105	0.055	0.02	0.045	0.03	0.085
0.06	0.14	0.135	0.105	0.075	0.105	0.085	0.035	0.055	0.035	0.03	0.14
0.16	0.125	0.155	0.095	0.1	0.075	0.055	0.07	0.055	0.015	0.01	0.085
0.115	0.15	0.125	0.11	0.105	0.095	0.035	0.07	0.04	0.03	0.025	0.1
0.04	0.16	0.23	0.13	0.115	0.085	0.045	0.015	0.02	0.035	0.03	0.095
0.135	0.1	0.2	0.155	0.105	0.105	0.04	0.015	0.015	0.01	0.035	0.085
0.08	0.14	0.145	0.17	0.165	0.08	0.055	0.03	0.025	0.005	0.04	0.065
0.07	0.115	0.14	0.16	0.145	0.125	0.035	0.06	0.025	0.02	0.02	0.085
0.12	0.19	0.125	0.15	0.125	0.09	0.08	0.015	0.025	0.01	0.015	0.055
0.1	0.175	0.135	0.14	0.135	0.08	0.035	0.055	0.035	0.04	0.02	0.05
0.09	0.16	0.185	0.17	0.075	0.06	0.07	0.065	0.055	0.015	0.01	0.045
0.07	0.17	0.21	0.19	0.105	0.085	0.05	0.04	0.04	0.005	0.01	0.025
0.14	0.175	0.18	0.145	0.165	0.06	0.06	0.025	0.02	0.005	0.02	0.005
0.14	0.185	0.11	0.125	0.14	0.085	0.075	0.035	0.015	0.025	0.015	0.05
0.11	0.18	0.28	0.115	0.105	0.06	0.07	0.025	0.015	0.03	0	0.01
0.165	0.135	0.195	0.15	0.09	0.055	0.05	0.045	0.045	0.01	0.01	0.05
0.15	0.195	0.17	0.185	0.1	0.045	0.04	0.03	0.015	0.015	0	0.055
0.14	0.205	0.23	0.14	0.095	0.075	0.05	0.015	0.005	0.01	0.01	0.025
0.115	0.11	0.265	0.185	0.145	0.05	0.05	0.025	0.005	0.025	0.005	0.02
0.07	0.215	0.21	0.21	0.085	0.065	0.065	0.005	0.03	0.01	0.015	0.02
0.13	0.155	0.215	0.2	0.13	0.07	0.03	0.025	0.02	0.015	0	0.01
0.135	0.195	0.125	0.19	0.105	0.105	0.07	0.02	0.025	0.005	0.01	0.015
0.215	0.165	0.21	0.095	0.115	0.1	0.04	0.025	0.015	0.005	0	0.015
0.175	0.34	0.19	0.13	0.05	0.04	0.035	0.015	0.01	0.01	0	0.005
#######PARAMETER SECTION#######
800	400	1200	-4	800	-0.25	1
0.18	0.01	1	-4	0.18	-0.25	1
-1.36	-5	-0.001	-4	-1.36	-0.25	1
0.1	0.05	0.3	-4	0.1	-0.25	1
0.2	0.01	0.5	-4	0.2	-0.25	1
0.75	0.20001	1	-3	0.75	-0.25	1
13.815511	-1	200	1	13.815511	-0.25	1
0	-1	1	-4	0	-0.25	1
0.2	1e-04	1.2	-3	0.2	-0.25	1
0	-10	10	-6	0	-1	1
0	-10	10	-6	0	-1	1
2	0	12	2	2	-0.5	1
1	0	12	2	1	-0.5	1
2	0	12	-2	2	-0.5	1
1	0	12	-2	1	-0.5	1
1.5	0	12	2	1.5	-0.5	1
2	0	12	2	2	-0.5	1
-14.9059725476242	-30	5	1	-14.9059725476242	-1	1
1	0.1	2	-1	1	-1	1
-1.54399197800355	-10	1.39	1	-1.54399197800355	-1	1
#######DEV CONSTRAINTS and DEVS#######
-15	15	2
-15	15	2
-15	15	2
0	0	0	0	0	0	0	0	0	0	0	0	0	0	0	0	0	0	0	0	0	0	0	0	0	0	0	0	0	0
0	0	0	0	0	0	0	0	0	0	0	0	0	0	0	0	0	0	0	0	0	0	0	0	0	0	0	0	0	0
0	0	0	0	0	0	0	0	0	0	0
#######LIKELIHOOD WEIGHTS#######
1
1
1
1
0
1
0
0
0
#######MISCELLANEOUS STUFF SECTION#######
2.5e-08
3
0.5	0.5	0.5	0.5	0.5	0.5	0.5	0.5	0.5	0.5	0.5	0.5
0.0229773699100256	0.320821300824607	0.904650535100891	0.994779874306442	0.999738809680904	0.999986992871533	0.999999352405202	0.999999967758134	0.999999998394772	0.99999999992008	0.999999999996021	0.999999999999802
0.2	0.2	0.2	0.2	0.2	0.2	0.2	0.2	0.2	0.2	0.2	0.2
0
1
10
0.2
1
1	0	0	0	0	0	0	0	0	0	0	0
0	1	0	0	0	0	0	0	0	0	0	0
0	0	1	0	0	0	0	0	0	0	0	0
0	0	0	1	0	0	0	0	0	0	0	0
0	0	0	0	1	0	0	0	0	0	0	0
0	0	0	0	0	1	0	0	0	0	0	0
0	0	0	0	0	0	1	0	0	0	0	0
0	0	0	0	0	0	0	1	0	0	0	0
0	0	0	0	0	0	0	0	1	0	0	0
0	0	0	0	0	0	0	0	0	1	0	0
0	0	0	0	0	0	0	0	0	0	1	0
0	0	0	0	0	0	0	0	0	0	0	1
40
31
2
1
#######END OF DATA FILE#######
999
