#styr												
1
#endyr												
30
#rec_age										
1															
#n_ages										
12
# numbers of length intervals
81
#Length	bin
10	11	12	13	14	15	16	17	18	19	20	21	22	23	24	25	26	27	28	29	30	31	32	33	34	35	36	37	38	39	40	41	42	43	44	45	46	47	48	49	50	51	52	53	54	55	56	57	58	59	60	61	62	63	64	65	66	67	68	69	70	71	72	73	74	75	76	77	78	79	80	81	82	83	84	85	86	87	88	89	90
#nfsh
1
#names_fsh
FLEET1												
#catch												
160.734578853932	461.388036367777	739.383714235221	969.908939686974	741.896218934832	1288.61920186171	1232.1906568366	2410.61448942894	1274.82102518703	1479.30913551914	1566.11587091326	1545.70783182758	1077.91982625489	1506.81385231826	1515.25699325844	1282.99657172203	2255.43879187288	1584.41002629823	1462.03337972181	1356.02505509615	1747.01420840042	1198.05488795907	1848.71128015291	1349.66230966891	1219.89519601246	1036.88330021423	995.03934617085	1330.54958344825	989.519455911892	1442.71342347355
#catch_cv											
0.01	0.01	0.01	0.01	0.01	0.01	0.01	0.01	0.01	0.01	0.01	0.01	0.01	0.01	0.01	0.01	0.01	0.01	0.01	0.01	0.01	0.01	0.01	0.01	0.01	0.01	0.01	0.01	0.01	0.01
#n_ages_fsh								
30		
#n_lengths_fsh								
0															
#yrs_ages_fsh								
1	2	3	4	5	6	7	8	9	10	11	12	13	14	15	16	17	18	19	20	21	22	23	24	25	26	27	28	29	30	
#sample_ages_fsh							
200	200	200	200	200	200	200	200	200	200	200	200	200	200	200	200	200	200	200	200	200	200	200	200	200	200	200	200	200	200
#page_fsh	2	3	4	5	6	7	8	9	10	11						
0.08	0.12	0.115	0.145	0.06	0.09	0.06	0.055	0.035	0.045	0.03	0.165
0.045	0.105	0.14	0.19	0.1	0.08	0.09	0.03	0.035	0.025	0.035	0.125
0.065	0.085	0.135	0.13	0.095	0.11	0.085	0.06	0.045	0.025	0.05	0.115
0.12	0.095	0.115	0.13	0.085	0.09	0.07	0.035	0.03	0.04	0.05	0.14
0.105	0.105	0.125	0.155	0.105	0.08	0.035	0.07	0.04	0.04	0.015	0.125
0.06	0.06	0.175	0.175	0.07	0.09	0.085	0.065	0.035	0.025	0.04	0.12
0.065	0.1	0.105	0.16	0.055	0.115	0.065	0.045	0.08	0.05	0.035	0.125
0.105	0.13	0.115	0.125	0.14	0.07	0.045	0.035	0.04	0.065	0.015	0.115
0.075	0.11	0.19	0.15	0.1	0.085	0.05	0.055	0.05	0.03	0.03	0.075
0.07	0.1	0.185	0.16	0.125	0.075	0.085	0.055	0.035	0.015	0.015	0.08
0.09	0.115	0.08	0.12	0.18	0.115	0.06	0.035	0.04	0.03	0.02	0.115
0.11	0.155	0.155	0.095	0.14	0.1	0.05	0.025	0.03	0.035	0.015	0.09
0.065	0.15	0.175	0.165	0.075	0.06	0.125	0.055	0.03	0.03	0	0.07
0.1	0.135	0.215	0.125	0.09	0.1	0.035	0.08	0.03	0.04	0.01	0.04
0.07	0.205	0.165	0.135	0.11	0.09	0.035	0.035	0.07	0.03	0.01	0.045
0.08	0.155	0.195	0.125	0.12	0.11	0.06	0.03	0.035	0.025	0.005	0.06
0.105	0.11	0.165	0.21	0.11	0.12	0.055	0.035	0.025	0.01	0.01	0.045
0.105	0.19	0.15	0.12	0.16	0.055	0.1	0.04	0.025	0.01	0.005	0.04
0.105	0.18	0.19	0.13	0.105	0.105	0.04	0.055	0.03	0.02	0.005	0.035
0.14	0.235	0.125	0.17	0.11	0.07	0.04	0.02	0.02	0.04	0.02	0.01
0.115	0.16	0.205	0.15	0.14	0.065	0.055	0.03	0.015	0.025	0.01	0.03
0.12	0.2	0.18	0.195	0.095	0.095	0.03	0.02	0.035	0	0.02	0.01
0.11	0.195	0.195	0.175	0.105	0.065	0.05	0.025	0.02	0.015	0.005	0.04
0.125	0.135	0.32	0.09	0.125	0.095	0.03	0.04	0	0.005	0.015	0.02
0.13	0.135	0.17	0.215	0.135	0.08	0.06	0.02	0.03	0.01	0.005	0.01
0.245	0.11	0.18	0.165	0.105	0.1	0.035	0.04	0.015	0	0	0.005
0.135	0.31	0.185	0.14	0.06	0.105	0.015	0.02	0.01	0.005	0	0.015
0.25	0.155	0.245	0.125	0.07	0.07	0.02	0.015	0.005	0.02	0.005	0.02
0.15	0.275	0.155	0.18	0.075	0.05	0.03	0.045	0.01	0.02	0	0.01
0.15	0.225	0.265	0.095	0.145	0.035	0.03	0.03	0.015	0.005	0.005	0
#wt_age_fsh	1 2	3	4	5	6	7	8	9	10	11						
0.000530656	0.001196328	0.002058265	0.003034987	0.004055212	0.005064698	0.006026226	0.006916921	0.007724891	0.008446113	0.009081853	0.009636695
0.000530656	0.001196328	0.002058265	0.003034987	0.004055212	0.005064698	0.006026226	0.006916921	0.007724891	0.008446113	0.009081853	0.009636695
0.000530656	0.001196328	0.002058265	0.003034987	0.004055212	0.005064698	0.006026226	0.006916921	0.007724891	0.008446113	0.009081853	0.009636695
0.000530656	0.001196328	0.002058265	0.003034987	0.004055212	0.005064698	0.006026226	0.006916921	0.007724891	0.008446113	0.009081853	0.009636695
0.000530656	0.001196328	0.002058265	0.003034987	0.004055212	0.005064698	0.006026226	0.006916921	0.007724891	0.008446113	0.009081853	0.009636695
0.000530656	0.001196328	0.002058265	0.003034987	0.004055212	0.005064698	0.006026226	0.006916921	0.007724891	0.008446113	0.009081853	0.009636695
0.000530656	0.001196328	0.002058265	0.003034987	0.004055212	0.005064698	0.006026226	0.006916921	0.007724891	0.008446113	0.009081853	0.009636695
0.000530656	0.001196328	0.002058265	0.003034987	0.004055212	0.005064698	0.006026226	0.006916921	0.007724891	0.008446113	0.009081853	0.009636695
0.000530656	0.001196328	0.002058265	0.003034987	0.004055212	0.005064698	0.006026226	0.006916921	0.007724891	0.008446113	0.009081853	0.009636695
0.000530656	0.001196328	0.002058265	0.003034987	0.004055212	0.005064698	0.006026226	0.006916921	0.007724891	0.008446113	0.009081853	0.009636695
0.000530656	0.001196328	0.002058265	0.003034987	0.004055212	0.005064698	0.006026226	0.006916921	0.007724891	0.008446113	0.009081853	0.009636695
0.000530656	0.001196328	0.002058265	0.003034987	0.004055212	0.005064698	0.006026226	0.006916921	0.007724891	0.008446113	0.009081853	0.009636695
0.000530656	0.001196328	0.002058265	0.003034987	0.004055212	0.005064698	0.006026226	0.006916921	0.007724891	0.008446113	0.009081853	0.009636695
0.000530656	0.001196328	0.002058265	0.003034987	0.004055212	0.005064698	0.006026226	0.006916921	0.007724891	0.008446113	0.009081853	0.009636695
0.000530656	0.001196328	0.002058265	0.003034987	0.004055212	0.005064698	0.006026226	0.006916921	0.007724891	0.008446113	0.009081853	0.009636695
0.000530656	0.001196328	0.002058265	0.003034987	0.004055212	0.005064698	0.006026226	0.006916921	0.007724891	0.008446113	0.009081853	0.009636695
0.000530656	0.001196328	0.002058265	0.003034987	0.004055212	0.005064698	0.006026226	0.006916921	0.007724891	0.008446113	0.009081853	0.009636695
0.000530656	0.001196328	0.002058265	0.003034987	0.004055212	0.005064698	0.006026226	0.006916921	0.007724891	0.008446113	0.009081853	0.009636695
0.000530656	0.001196328	0.002058265	0.003034987	0.004055212	0.005064698	0.006026226	0.006916921	0.007724891	0.008446113	0.009081853	0.009636695
0.000530656	0.001196328	0.002058265	0.003034987	0.004055212	0.005064698	0.006026226	0.006916921	0.007724891	0.008446113	0.009081853	0.009636695
0.000530656	0.001196328	0.002058265	0.003034987	0.004055212	0.005064698	0.006026226	0.006916921	0.007724891	0.008446113	0.009081853	0.009636695
0.000530656	0.001196328	0.002058265	0.003034987	0.004055212	0.005064698	0.006026226	0.006916921	0.007724891	0.008446113	0.009081853	0.009636695
0.000530656	0.001196328	0.002058265	0.003034987	0.004055212	0.005064698	0.006026226	0.006916921	0.007724891	0.008446113	0.009081853	0.009636695
0.000530656	0.001196328	0.002058265	0.003034987	0.004055212	0.005064698	0.006026226	0.006916921	0.007724891	0.008446113	0.009081853	0.009636695
0.000530656	0.001196328	0.002058265	0.003034987	0.004055212	0.005064698	0.006026226	0.006916921	0.007724891	0.008446113	0.009081853	0.009636695
0.000530656	0.001196328	0.002058265	0.003034987	0.004055212	0.005064698	0.006026226	0.006916921	0.007724891	0.008446113	0.009081853	0.009636695
0.000530656	0.001196328	0.002058265	0.003034987	0.004055212	0.005064698	0.006026226	0.006916921	0.007724891	0.008446113	0.009081853	0.009636695
0.000530656	0.001196328	0.002058265	0.003034987	0.004055212	0.005064698	0.006026226	0.006916921	0.007724891	0.008446113	0.009081853	0.009636695
0.000530656	0.001196328	0.002058265	0.003034987	0.004055212	0.005064698	0.006026226	0.006916921	0.007724891	0.008446113	0.009081853	0.009636695
0.000530656	0.001196328	0.002058265	0.003034987	0.004055212	0.005064698	0.006026226	0.006916921	0.007724891	0.008446113	0.009081853	0.009636695
#nind
1
#ind_names									
SURVEY1									
#nobs_ind
30
#yrs_ind											
1	2	3	4	5	6	7	8	9	10	11	12	13	14	15	16	17	18	19	20	21	22	23	24	25	26	27	28	29	30	
#month_ind										
1															
#biom_ind											
1.55802416959877	1.39789160293585	1.61273020922717	1.40870177834775	1.69301472476952	1.39390400641443	1.41493387833818	1.18244696929158	1.16933608874651	1.2541337138911	1.20723943638943	0.974798613062661	1.054685690399	1.00490167002295	0.951103998167497	0.847558529798071	1.06939555584213	0.711018210692587	0.836375795346746	0.787583868911406	0.874389256256026	0.848182682163593	0.797901436733496	0.762236084175021	0.472990563521071	0.583147043146428	0.623740722357219	0.686767358865525	0.502461552419564	0.480551135553934
#biom_cv																
0.311604833919753	0.27957832058717	0.322546041845433	0.28174035566955	0.338602944953905	0.278780801282886	0.282986775667635	0.236489393858315	0.233867217749301	0.250826742778221	0.241447887277885	0.194959722612532	0.2109371380798	0.200980334004591	0.190220799633499	0.169511705959614	0.213879111168427	0.142203642138517	0.167275159069349	0.157516773782281	0.174877851251205	0.169636536432719	0.159580287346699	0.152447216835004	0.0945981127042142	0.116629408629286	0.124748144471444	0.137353471773105	0.100492310483913	0.0961102271107868
#n_ages_ind															
30			
#n_lengths_ind															
0															
#yrs_ages_ind															
1	2	3	4	5	6	7	8	9	10	11	12	13	14	15	16	17	18	19	20	21	22	23	24	25	26	27	28	29	30	
#sample_ages_ind					
200	200	200	200	200	200	200	200	200	200	200	200	200	200	200	200	200	200	200	200	200	200	200	200	200	200	200	200	200	200
#page_ind						
0.09	0.105	0.15	0.135	0.105	0.05	0.06	0.025	0.06	0.04	0.03	0.15
0.035	0.13	0.195	0.13	0.085	0.065	0.045	0.06	0.03	0.035	0.04	0.15
0.05	0.13	0.145	0.18	0.07	0.075	0.07	0.045	0.05	0.05	0.015	0.12
0.075	0.145	0.135	0.165	0.11	0.045	0.07	0.035	0.05	0.035	0.03	0.105
0.065	0.1	0.12	0.09	0.125	0.125	0.115	0.035	0.055	0.01	0	0.16
0.08	0.11	0.17	0.07	0.105	0.095	0.11	0.04	0.045	0.025	0.015	0.135
0.095	0.155	0.175	0.12	0.1	0.055	0.055	0.035	0.03	0.04	0.015	0.125
0.055	0.205	0.175	0.1	0.085	0.075	0.06	0.035	0.08	0.015	0.03	0.085
0.065	0.145	0.24	0.125	0.08	0.09	0.06	0.03	0.04	0.02	0.015	0.09
0.095	0.14	0.135	0.17	0.09	0.06	0.055	0.025	0.045	0.03	0.03	0.125
0.095	0.155	0.155	0.165	0.09	0.085	0.045	0.04	0.035	0.02	0.025	0.09
0.135	0.175	0.145	0.11	0.12	0.095	0.035	0.045	0.035	0.005	0.02	0.08
0.055	0.255	0.205	0.16	0.075	0.07	0.075	0.035	0.025	0.005	0	0.04
0.11	0.13	0.18	0.15	0.125	0.075	0.03	0.06	0.05	0.015	0.015	0.06
0.075	0.19	0.165	0.15	0.12	0.09	0.035	0.06	0.04	0.015	0.01	0.05
0.1	0.175	0.16	0.12	0.135	0.08	0.055	0.025	0.035	0.03	0.015	0.07
0.1	0.17	0.175	0.2	0.105	0.075	0.075	0.035	0.01	0	0.01	0.045
0.11	0.235	0.18	0.155	0.075	0.075	0.065	0.015	0.025	0.02	0.005	0.04
0.13	0.2	0.205	0.125	0.095	0.05	0.055	0.045	0.015	0.005	0.01	0.065
0.06	0.255	0.185	0.125	0.12	0.105	0.05	0.015	0.025	0.015	0.015	0.03
0.105	0.235	0.22	0.16	0.1	0.06	0.035	0.01	0.015	0.025	0.01	0.025
0.155	0.19	0.23	0.165	0.105	0.075	0.025	0.005	0.015	0.01	0.01	0.015
0.12	0.265	0.185	0.17	0.125	0.045	0.035	0.015	0.005	0.015	0.01	0.01
0.1	0.255	0.205	0.15	0.125	0.035	0.035	0.025	0.005	0.025	0	0.04
0.1	0.205	0.195	0.225	0.105	0.08	0.04	0.015	0.01	0.015	0	0.01
0.165	0.17	0.18	0.165	0.125	0.07	0.055	0.03	0.015	0.01	0.005	0.01
0.105	0.33	0.17	0.115	0.07	0.095	0.035	0.025	0.03	0.005	0	0.02
0.155	0.245	0.33	0.095	0.085	0.025	0.035	0.01	0.005	0.005	0.005	0.005
0.14	0.265	0.19	0.21	0.05	0.04	0.045	0.025	0.01	0.01	0.005	0.01
0.11	0.205	0.315	0.16	0.115	0.035	0.015	0.025	0.01	0.005	0	0.005
#wt_age_ind						
1 1 1 1 1 1 1 1 1 1 1 1 
1 1 1 1 1 1 1 1 1 1 1 1 
1 1 1 1 1 1 1 1 1 1 1 1 
1 1 1 1 1 1 1 1 1 1 1 1 
1 1 1 1 1 1 1 1 1 1 1 1 
1 1 1 1 1 1 1 1 1 1 1 1 
1 1 1 1 1 1 1 1 1 1 1 1 
1 1 1 1 1 1 1 1 1 1 1 1 
1 1 1 1 1 1 1 1 1 1 1 1 
1 1 1 1 1 1 1 1 1 1 1 1 
1 1 1 1 1 1 1 1 1 1 1 1 
1 1 1 1 1 1 1 1 1 1 1 1 
1 1 1 1 1 1 1 1 1 1 1 1 
1 1 1 1 1 1 1 1 1 1 1 1 
1 1 1 1 1 1 1 1 1 1 1 1 
1 1 1 1 1 1 1 1 1 1 1 1 
1 1 1 1 1 1 1 1 1 1 1 1 
1 1 1 1 1 1 1 1 1 1 1 1 
1 1 1 1 1 1 1 1 1 1 1 1 
1 1 1 1 1 1 1 1 1 1 1 1 
1 1 1 1 1 1 1 1 1 1 1 1 
1 1 1 1 1 1 1 1 1 1 1 1 
1 1 1 1 1 1 1 1 1 1 1 1 
1 1 1 1 1 1 1 1 1 1 1 1 
1 1 1 1 1 1 1 1 1 1 1 1 
1 1 1 1 1 1 1 1 1 1 1 1 
1 1 1 1 1 1 1 1 1 1 1 1 
1 1 1 1 1 1 1 1 1 1 1 1 
1 1 1 1 1 1 1 1 1 1 1 1 
1 1 1 1 1 1 1 1 1 1 1 1 
# wt_pop
0.000530656	0.001196328	0.002058265	0.003034987	0.004055212	0.005064698	0.006026226	0.006916921	0.007724891	0.008446113	0.009081853	0.009636695
#maturity
0.02297737 0.32082130 0.90465054 0.99477987 0.99973881 0.99998699 0.99999935 0.99999997 1 1 1 1
#spmonth						
1		
#age_err						
1	0	0	0	0	0	0	0	0	0	0	0
0	1	0	0	0	0	0	0	0	0	0	0
0	0	1	0	0	0	0	0	0	0	0	0
0	0	0	1	0	0	0	0	0	0	0	0
0	0	0	0	1	0	0	0	0	0	0	0
0	0	0	0	0	1	0	0	0	0	0	0
0	0	0	0	0	0	1	0	0	0	0	0
0	0	0	0	0	0	0	1	0	0	0	0
0	0	0	0	0	0	0	0	1	0	0	0
0	0	0	0	0	0	0	0	0	1	0	0
0	0	0	0	0	0	0	0	0	0	1	0
0	0	0	0	0	0	0	0	0	0	0	1																														
