# Number of parameters = 77  Objective function value = 26346.0  Maximum gradient component = 0.000297229
# sel_params[1]:
2.00855297472
# sel_params[2]:
0.945308060107
# log_Fmult_year1:
 -4.67854131381
# log_Fmult_devs:
 1.05236639584 0.500072338905 0.299631002622 -0.222055350163 0.584883391026 0.0119337578814 0.758112764449 -0.531571778024 0.203904780774 0.131856943101 0.0797642092558 -0.334646884616 0.380676860323 0.0648248648020 -0.115655695258 0.679164613301 -0.195740305930 0.00924444242397 -0.0117478274390 0.336013177952 -0.309100292553 0.497987853809 -0.215510884019 -0.00893710686476 -0.105936377683 -0.0393928397817 0.329306403916 -0.259685105191 0.418878814853
# log_recruit_devs:
 0.0217830401724 0.164643401154 0.148702001352 0.235781946472 0.0686215530141 0.355435910232 0.0153814361109 0.190627263771 -0.0421802494011 -0.159335960169 -0.126814576976 0.138999049658 -0.247177757387 -0.0517057044232 -0.133171188311 0.227998158509 -0.249735929695 -0.0557623071309 0.182212947148 -0.0630925580070 -0.299282233635 -0.0873479249628 0.0460840962538 -0.229703347348 0.0547413679818 -0.0348429282865 0.141092549534 -0.280830992738 0.141950364648 -0.0730714275417
# log_N_year1_devs:
 0.109909127938 0.0156049339603 -0.0189048920158 -0.0295008520744 -0.0490531436900 -0.155499330072 -0.0423728788043 0.102969616127 0.148276911960 -0.161607044069 -0.165216553927
# log_q_year1:
 -8.00187940576
# log_q_devs:
 0.00000000000 0.00000000000 0.00000000000 0.00000000000 0.00000000000 0.00000000000 0.00000000000 0.00000000000 0.00000000000 0.00000000000 0.00000000000 0.00000000000 0.00000000000 0.00000000000 0.00000000000 0.00000000000 0.00000000000 0.00000000000 0.00000000000 0.00000000000 0.00000000000 0.00000000000 0.00000000000 0.00000000000 0.00000000000 0.00000000000 0.00000000000 0.00000000000 0.00000000000
# index_sel_params[1]:
1.53137204907
# index_sel_params[2]:
0.489476158161
# log_SR_scaler:
6.94771292162
# SR_steepness:
0.750000000000
