# Number of parameters = 77  Objective function value = 26426.5  Maximum gradient component = 0.00432900
# sel_params[1]:
2.05067555702
# sel_params[2]:
1.02025343853
# log_Fmult_year1:
 -4.60976653226
# log_Fmult_devs:
 1.05213942951 0.499108768471 0.298838006316 -0.227251829422 0.583045579126 0.0212916312108 0.731196910749 -0.538487552622 0.200662600785 0.127919520844 0.0628964802016 -0.328434554368 0.369455620702 0.0780673527052 -0.121154258261 0.657431288550 -0.192260666213 -0.0211274882906 -0.0209029990271 0.328124496714 -0.327729648445 0.513924572790 -0.188257264805 -0.00125273292406 -0.0988394779641 -0.0129448631374 0.330984842149 -0.276880918092 0.443800959086
# log_recruit_devs:
 0.0248873853226 -0.119876729010 -0.259859212239 0.249904886611 -0.00440500133087 0.0851982643607 0.104721704250 0.182006597400 0.0941565346998 0.112853615120 -0.111594938195 -0.170223267110 0.263167983744 0.0573463417097 0.171152370977 0.0391317619587 -0.0515448048158 0.00124932922827 -0.167718041699 -0.0499613599236 -0.187088383829 -0.111213842685 -0.0353501192281 -0.0936960800349 -0.0259912608759 0.164209409775 -0.468678544632 0.118033008848 0.202575843826 -0.0133934522214
# log_N_year1_devs:
 -0.0299532410916 -0.0335674070242 -0.0509891465166 -0.0612541617859 -0.139662827152 0.0186717314410 -0.162867724194 0.0324404014559 -0.127650029142 -0.410825738259 -0.178238776284
# log_q_year1:
 -7.91055631310
# log_q_devs:
 0.00000000000 0.00000000000 0.00000000000 0.00000000000 0.00000000000 0.00000000000 0.00000000000 0.00000000000 0.00000000000 0.00000000000 0.00000000000 0.00000000000 0.00000000000 0.00000000000 0.00000000000 0.00000000000 0.00000000000 0.00000000000 0.00000000000 0.00000000000 0.00000000000 0.00000000000 0.00000000000 0.00000000000 0.00000000000 0.00000000000 0.00000000000 0.00000000000 0.00000000000
# index_sel_params[1]:
1.50307274723
# index_sel_params[2]:
0.478294245490
# log_SR_scaler:
6.89864119749
# SR_steepness:
0.750000000000
