#######GENERAL HEADER INPUT#######
1
30
1
30
1
30
30
12
1	2	3	4	5	6	7	8	9	10	11	12
12
1	2	3	4	5	6	7	8	9	10	11	12
1
1001
1
1
#######SURVEY DATA#######
30
1	2	3	4	5	6	7	8	9	10	11	12	13	14	15	16	17	18	19	20	21	22	23	24	25	26	27	28	29	30
1.45712287234121	1.60551170150491	1.45214650858458	1.25966131039564	1.50799215406908	1.24307861028147	1.15170706048106	1.21783090297785	1.36892735152271	1.20980055397622	0.940475983775543	1.52496901837256	1.10124168200223	0.997518347544609	0.873548833900509	0.720232971900824	0.789005419362138	0.779665043599912	0.932024915040905	0.802093715050245	0.705200458812061	0.804696748186872	0.73211564746607	0.646277691318503	0.712074944590811	0.707957966247196	0.517380036777295	0.752983234142457	0.584963641532987	0.554096117779407
0.2	0.2	0.2	0.2	0.2	0.2	0.2	0.2	0.2	0.2	0.2	0.2	0.2	0.2	0.2	0.2	0.2	0.2	0.2	0.2	0.2	0.2	0.2	0.2	0.2	0.2	0.2	0.2	0.2	0.2
30
1	2	3	4	5	6	7	8	9	10	11	12	13	14	15	16	17	18	19	20	21	22	23	24	25	26	27	28	29	30
200	200	200	200	200	200	200	200	200	200	200	200	200	200	200	200	200	200	200	200	200	200	200	200	200	200	200	200	200	200
200	200	200	200	200	200	200	200	200	200	200	200	200	200	200	200	200	200	200	200	200	200	200	200	200	200	200	200	200	200
0.045	0.18	0.155	0.09	0.14	0.06	0.06	0.02	0.025	0.045	0.025	0.155
0.115	0.12	0.125	0.115	0.11	0.105	0.03	0.05	0.035	0.03	0.03	0.135
0.09	0.16	0.165	0.115	0.11	0.065	0.06	0.045	0.04	0.045	0.04	0.065
0.045	0.135	0.17	0.12	0.1	0.07	0.035	0.075	0.035	0.065	0.01	0.14
0.045	0.13	0.17	0.165	0.11	0.07	0.045	0.06	0.065	0.045	0.015	0.08
0.08	0.145	0.14	0.125	0.115	0.07	0.055	0.05	0.01	0.04	0.045	0.125
0.07	0.16	0.185	0.095	0.07	0.12	0.045	0.045	0.03	0.04	0.02	0.12
0.08	0.15	0.185	0.11	0.1	0.06	0.055	0.05	0.065	0.03	0.04	0.075
0.055	0.2	0.145	0.08	0.12	0.03	0.08	0.065	0.03	0.015	0.045	0.135
0.06	0.2	0.215	0.11	0.075	0.06	0.085	0.02	0.055	0.025	0.01	0.085
0.095	0.135	0.16	0.13	0.12	0.055	0.06	0.015	0.035	0.05	0.025	0.12
0.08	0.215	0.14	0.115	0.13	0.07	0.025	0.04	0.025	0.025	0.025	0.11
0.065	0.16	0.22	0.115	0.11	0.095	0.05	0.015	0.06	0.035	0.01	0.065
0.045	0.17	0.23	0.195	0.095	0.08	0.045	0.045	0.005	0.02	0.02	0.05
0.035	0.165	0.225	0.12	0.17	0.08	0.045	0.055	0.015	0.005	0.005	0.08
0.095	0.205	0.18	0.135	0.12	0.115	0.035	0.025	0.055	0.01	0.005	0.02
0.13	0.17	0.15	0.105	0.09	0.125	0.105	0.025	0.015	0.025	0.02	0.04
0.11	0.215	0.18	0.13	0.115	0.085	0.03	0.06	0.025	0.005	0.02	0.025
0.045	0.245	0.245	0.105	0.095	0.08	0.055	0.045	0.04	0.01	0.005	0.03
0.095	0.195	0.195	0.155	0.115	0.085	0.065	0.025	0.015	0.02	0.015	0.02
0.115	0.205	0.13	0.145	0.195	0.07	0.03	0.015	0.03	0.025	0.005	0.035
0.12	0.24	0.205	0.105	0.1	0.105	0.03	0.025	0.02	0.03	0.005	0.015
0.105	0.22	0.185	0.175	0.05	0.08	0.09	0.03	0.025	0.005	0.01	0.025
0.12	0.23	0.255	0.15	0.1	0.045	0.025	0.025	0.025	0.01	0.005	0.01
0.105	0.26	0.195	0.2	0.1	0.025	0.03	0.035	0.025	0.005	0.005	0.015
0.145	0.23	0.225	0.155	0.065	0.085	0.045	0.02	0.01	0.005	0.01	0.005
0.09	0.305	0.225	0.175	0.08	0.045	0.035	0.015	0.005	0	0.015	0.01
0.115	0.205	0.29	0.135	0.095	0.055	0.06	0.025	0.005	0.005	0	0.01
0.175	0.215	0.15	0.21	0.105	0.055	0.035	0.025	0.01	0.015	0	0.005
0.08	0.375	0.21	0.11	0.115	0.025	0.04	0.005	0.02	0.005	0.01	0.005
#######LANDINGS DATA#######
1
30
161.155709771204	464.159605477152	758.715735989878	978.420887827705	742.590119945103	1277.82048219809	1212.07851444031	2327.23247649399	1228.29966329991	1392.58924451021	1481.13613610418	1503.17435949466	1059.91392529145	1491.77230911187	1483.87061636835	1264.34342623991	2241.42892090687	1636.17044192838	1543.43663703914	1429.12744203191	1794.5337639237	1177.08008697032	1760.44981632733	1305.6738094171	1222.09153100266	1083.20684922666	1060.16078207787	1405.41325418133	1010.36957277449	1431.41498641844
0.01	0.01	0.01	0.01	0.01	0.01	0.01	0.01	0.01	0.01	0.01	0.01	0.01	0.01	0.01	0.01	0.01	0.01	0.01	0.01	0.01	0.01	0.01	0.01	0.01	0.01	0.01	0.01	0.01	0.01
30
1	2	3	4	5	6	7	8	9	10	11	12	13	14	15	16	17	18	19	20	21	22	23	24	25	26	27	28	29	30
200	200	200	200	200	200	200	200	200	200	200	200	200	200	200	200	200	200	200	200	200	200	200	200	200	200	200	200	200	200
200	200	200	200	200	200	200	200	200	200	200	200	200	200	200	200	200	200	200	200	200	200	200	200	200	200	200	200	200	200
0.075	0.095	0.145	0.11	0.12	0.095	0.085	0.065	0.015	0.035	0.025	0.135
0.06	0.09	0.165	0.085	0.085	0.065	0.07	0.075	0.03	0.035	0.045	0.195
0.06	0.095	0.135	0.16	0.105	0.055	0.075	0.055	0.03	0.03	0.04	0.16
0.09	0.1	0.145	0.11	0.12	0.045	0.08	0.07	0.035	0.04	0.055	0.11
0.07	0.08	0.095	0.155	0.14	0.125	0.065	0.04	0.015	0.03	0.03	0.155
0.06	0.12	0.105	0.135	0.1	0.11	0.045	0.075	0.045	0.03	0.025	0.15
0.07	0.085	0.105	0.12	0.105	0.075	0.075	0.09	0.035	0.025	0.02	0.195
0.12	0.1	0.115	0.13	0.095	0.095	0.08	0.045	0.045	0.055	0.02	0.1
0.075	0.17	0.18	0.09	0.085	0.055	0.065	0.065	0.015	0.015	0.04	0.145
0.095	0.16	0.22	0.13	0.08	0.08	0.045	0.035	0.035	0.015	0.02	0.085
0.175	0.075	0.185	0.135	0.08	0.065	0.065	0.04	0.045	0.03	0.025	0.08
0.08	0.19	0.14	0.105	0.135	0.13	0.03	0.025	0.02	0.045	0.02	0.08
0.13	0.16	0.185	0.095	0.095	0.075	0.075	0.035	0.045	0.02	0.02	0.065
0.09	0.13	0.175	0.16	0.095	0.105	0.07	0.05	0.015	0.03	0.01	0.07
0.135	0.11	0.195	0.135	0.1	0.07	0.065	0.07	0.03	0.01	0.015	0.065
0.115	0.12	0.19	0.13	0.155	0.07	0.045	0.05	0.02	0.02	0.005	0.08
0.165	0.135	0.155	0.125	0.125	0.065	0.07	0.04	0.03	0.025	0.015	0.05
0.115	0.21	0.19	0.14	0.075	0.055	0.07	0.06	0.005	0.02	0.01	0.05
0.125	0.15	0.25	0.165	0.07	0.04	0.03	0.03	0.045	0.01	0.02	0.065
0.08	0.12	0.175	0.28	0.09	0.085	0.04	0.06	0	0.035	0.015	0.02
0.11	0.18	0.15	0.18	0.14	0.08	0.045	0.055	0.01	0.015	0	0.035
0.1	0.225	0.18	0.09	0.105	0.11	0.055	0.04	0.02	0.02	0.015	0.04
0.13	0.165	0.21	0.12	0.1	0.08	0.075	0.04	0.025	0.005	0.02	0.03
0.15	0.18	0.195	0.15	0.08	0.095	0.05	0.05	0.015	0.005	0.01	0.02
0.12	0.25	0.195	0.165	0.125	0.055	0.03	0.02	0.015	0.005	0.005	0.015
0.16	0.185	0.245	0.185	0.08	0.055	0.02	0.02	0.01	0.01	0.005	0.025
0.145	0.25	0.19	0.195	0.085	0.065	0.045	0	0.015	0	0	0.01
0.175	0.15	0.27	0.11	0.145	0.055	0.03	0.015	0.01	0	0.005	0.035
0.22	0.19	0.15	0.18	0.085	0.06	0.035	0.03	0.015	0.01	0	0.025
0.135	0.245	0.22	0.17	0.09	0.025	0.05	0.02	0.015	0.01	0	0.02
#######PARAMETER SECTION#######
800	400	1200	-4	800	-0.25	1
0.18	0.01	1	-4	0.18	-0.25	1
-1.36	-5	-0.001	-4	-1.36	-0.25	1
0.1	0.05	0.3	-4	0.1	-0.25	1
0.2	0.01	0.5	-4	0.2	-0.25	1
0.75	0.20001	1	-3	0.75	-0.25	1
13.815511	-1	200	1	13.815511	-0.25	1
0	-1	1	-4	0	-0.25	1
0.2	1e-04	1.2	-3	0.2	-0.25	1
0	-10	10	-6	0	-1	1
0	-10	10	-6	0	-1	1
2	0	12	2	2	-0.5	1
1	0	12	2	1	-0.5	1
2	0	12	-2	2	-0.5	1
1	0	12	-2	1	-0.5	1
1.5	0	12	2	1.5	-0.5	1
2	0	12	2	2	-0.5	1
-14.8852415681657	-30	5	1	-14.8852415681657	-1	1
1	0.1	2	-1	1	-1	1
-1.54399197800355	-10	1.39	1	-1.54399197800355	-1	1
#######DEV CONSTRAINTS and DEVS#######
-15	15	2
-15	15	2
-15	15	2
0	0	0	0	0	0	0	0	0	0	0	0	0	0	0	0	0	0	0	0	0	0	0	0	0	0	0	0	0	0
0	0	0	0	0	0	0	0	0	0	0	0	0	0	0	0	0	0	0	0	0	0	0	0	0	0	0	0	0	0
0	0	0	0	0	0	0	0	0	0	0
#######LIKELIHOOD WEIGHTS#######
1
1
1
1
0
1
0
0
0
#######MISCELLANEOUS STUFF SECTION#######
2.5e-08
3
0.5	0.5	0.5	0.5	0.5	0.5	0.5	0.5	0.5	0.5	0.5	0.5
0.0229773699100256	0.320821300824607	0.904650535100891	0.994779874306442	0.999738809680904	0.999986992871533	0.999999352405202	0.999999967758134	0.999999998394772	0.99999999992008	0.999999999996021	0.999999999999802
0.2	0.2	0.2	0.2	0.2	0.2	0.2	0.2	0.2	0.2	0.2	0.2
0
1
10
0.2
1
1	0	0	0	0	0	0	0	0	0	0	0
0	1	0	0	0	0	0	0	0	0	0	0
0	0	1	0	0	0	0	0	0	0	0	0
0	0	0	1	0	0	0	0	0	0	0	0
0	0	0	0	1	0	0	0	0	0	0	0
0	0	0	0	0	1	0	0	0	0	0	0
0	0	0	0	0	0	1	0	0	0	0	0
0	0	0	0	0	0	0	1	0	0	0	0
0	0	0	0	0	0	0	0	1	0	0	0
0	0	0	0	0	0	0	0	0	1	0	0
0	0	0	0	0	0	0	0	0	0	1	0
0	0	0	0	0	0	0	0	0	0	0	1
40
31
2
1
#######END OF DATA FILE#######
999
