#######GENERAL HEADER INPUT#######
1
30
1
30
1
30
30
12
1	2	3	4	5	6	7	8	9	10	11	12
12
1	2	3	4	5	6	7	8	9	10	11	12
1
1001
1
1
#######SURVEY DATA#######
30
1	2	3	4	5	6	7	8	9	10	11	12	13	14	15	16	17	18	19	20	21	22	23	24	25	26	27	28	29	30
1.25966832643066	1.34446073164075	1.05893215019537	1.24627678599686	1.12946037453506	1.11086195409614	1.15630420401571	1.24098277368311	1.04635619042012	1.14881520614513	1.37250541906856	1.40571566048663	1.4147198094619	1.24050480601403	1.40197752839781	1.46253674809427	1.01648010582827	0.935120084632675	0.896493810811793	0.972172821504041	0.779419901479163	0.675624305213855	0.799664492246848	0.580640102526021	0.490443826267394	0.52320123258655	0.460110795770952	0.646113528167133	0.504071604527753	0.542045808852289
0.2	0.2	0.2	0.2	0.2	0.2	0.2	0.2	0.2	0.2	0.2	0.2	0.2	0.2	0.2	0.2	0.2	0.2	0.2	0.2	0.2	0.2	0.2	0.2	0.2	0.2	0.2	0.2	0.2	0.2
30
1	2	3	4	5	6	7	8	9	10	11	12	13	14	15	16	17	18	19	20	21	22	23	24	25	26	27	28	29	30
200	200	200	200	200	200	200	200	200	200	200	200	200	200	200	200	200	200	200	200	200	200	200	200	200	200	200	200	200	200
200	200	200	200	200	200	200	200	200	200	200	200	200	200	200	200	200	200	200	200	200	200	200	200	200	200	200	200	200	200
0.065	0.145	0.135	0.15	0.075	0.06	0.04	0.05	0.045	0.03	0.045	0.16
0.025	0.07	0.14	0.15	0.12	0.08	0.115	0.04	0.055	0.045	0.035	0.125
0.05	0.11	0.17	0.15	0.11	0.09	0.035	0.09	0.02	0.035	0.035	0.105
0.055	0.13	0.095	0.105	0.115	0.055	0.13	0.055	0.035	0.04	0.045	0.14
0.1	0.115	0.095	0.12	0.125	0.095	0.07	0.045	0.03	0.035	0.025	0.145
0.1	0.175	0.18	0.07	0.055	0.065	0.05	0.05	0.07	0.01	0.03	0.145
0.07	0.17	0.23	0.095	0.055	0.025	0.075	0.055	0.04	0.015	0.035	0.135
0.095	0.12	0.16	0.185	0.09	0.055	0.035	0.07	0.055	0.02	0.015	0.1
0.07	0.31	0.09	0.1	0.145	0.055	0.045	0.03	0.02	0.02	0.02	0.095
0.15	0.105	0.305	0.075	0.12	0.035	0.06	0.01	0.005	0.02	0.035	0.08
0.065	0.27	0.135	0.195	0.04	0.08	0.08	0.025	0.025	0.015	0.02	0.05
0.09	0.205	0.23	0.12	0.125	0.025	0.04	0.05	0.02	0.01	0.015	0.07
0.085	0.25	0.195	0.175	0.06	0.08	0.005	0.035	0.01	0.025	0.025	0.055
0.08	0.165	0.25	0.135	0.15	0.055	0.085	0.015	0.02	0.01	0.02	0.015
0.105	0.175	0.175	0.19	0.075	0.095	0.06	0.055	0.01	0.045	0.01	0.005
0.115	0.235	0.125	0.15	0.085	0.06	0.085	0.035	0.035	0.02	0.01	0.045
0.02	0.235	0.205	0.11	0.115	0.125	0.035	0.065	0.03	0.025	0.005	0.03
0.055	0.14	0.275	0.175	0.125	0.045	0.05	0.025	0.05	0.005	0.02	0.035
0.115	0.11	0.12	0.225	0.12	0.085	0.09	0.05	0.02	0.025	0.015	0.025
0.13	0.27	0.1	0.08	0.155	0.1	0.06	0.015	0.025	0.015	0.035	0.015
0.04	0.29	0.23	0.12	0.06	0.09	0.035	0.035	0.015	0.03	0.03	0.025
0.075	0.145	0.31	0.2	0.02	0.035	0.07	0.045	0.03	0.015	0.02	0.035
0.115	0.215	0.12	0.265	0.155	0.015	0.02	0.035	0.01	0.015	0.015	0.02
0.06	0.265	0.155	0.145	0.165	0.08	0.025	0.02	0.035	0.02	0.02	0.01
0.105	0.23	0.275	0.095	0.09	0.07	0.045	0.015	0.015	0.02	0.005	0.035
0.075	0.31	0.19	0.185	0.075	0.03	0.05	0.05	0	0	0.005	0.03
0.11	0.17	0.255	0.14	0.13	0.07	0.025	0.05	0.025	0.005	0.005	0.015
0.16	0.31	0.135	0.135	0.065	0.07	0.05	0.03	0.02	0.01	0	0.015
0.11	0.355	0.24	0.105	0.105	0.025	0.015	0.01	0.01	0.005	0.005	0.015
0.09	0.235	0.34	0.165	0.035	0.035	0.025	0.04	0.015	0.01	0	0.01
#######LANDINGS DATA#######
1
30
161.006026881654	459.577717793904	732.704366093246	948.484018682975	714.100311296761	1227.53797977011	1192.51648679024	2311.49789391713	1240.29113413946	1493.4341924656	1671.98173916568	1767.38387466362	1289.41055120466	1881.07665287052	1958.44088861561	1721.07017566462	3100.56387738953	2223.38426413263	1946.73764932978	1728.41854265584	2139.90354594121	1401.82250088839	2063.32486764343	1415.41533495829	1257.65517002628	1041.84550374257	961.505169229673	1261.65997327706	949.445483492312	1408.76600793336
0.01	0.01	0.01	0.01	0.01	0.01	0.01	0.01	0.01	0.01	0.01	0.01	0.01	0.01	0.01	0.01	0.01	0.01	0.01	0.01	0.01	0.01	0.01	0.01	0.01	0.01	0.01	0.01	0.01	0.01
30
1	2	3	4	5	6	7	8	9	10	11	12	13	14	15	16	17	18	19	20	21	22	23	24	25	26	27	28	29	30
200	200	200	200	200	200	200	200	200	200	200	200	200	200	200	200	200	200	200	200	200	200	200	200	200	200	200	200	200	200
200	200	200	200	200	200	200	200	200	200	200	200	200	200	200	200	200	200	200	200	200	200	200	200	200	200	200	200	200	200
0.07	0.075	0.15	0.125	0.09	0.085	0.065	0.09	0.04	0.055	0.03	0.125
0.04	0.13	0.125	0.11	0.085	0.105	0.065	0.075	0.055	0.045	0.035	0.13
0.03	0.065	0.15	0.14	0.1	0.125	0.09	0.055	0.045	0.03	0.04	0.13
0.055	0.1	0.1	0.135	0.135	0.06	0.08	0.07	0.045	0.025	0.03	0.165
0.11	0.075	0.115	0.07	0.085	0.1	0.055	0.075	0.06	0.045	0.055	0.155
0.12	0.125	0.155	0.07	0.065	0.09	0.085	0.065	0.05	0.05	0.025	0.1
0.05	0.12	0.24	0.09	0.085	0.07	0.06	0.04	0.035	0.035	0.045	0.13
0.12	0.115	0.19	0.135	0.065	0.075	0.05	0.05	0.03	0.025	0.04	0.105
0.085	0.27	0.095	0.16	0.1	0.07	0.035	0.02	0.03	0.015	0.02	0.1
0.145	0.08	0.22	0.055	0.105	0.09	0.1	0.05	0.02	0.05	0.005	0.08
0.075	0.215	0.12	0.23	0.05	0.07	0.045	0.05	0.04	0.005	0.015	0.085
0.17	0.145	0.24	0.105	0.12	0.03	0.06	0.03	0.02	0.02	0.025	0.035
0.115	0.205	0.145	0.19	0.1	0.11	0.02	0.045	0	0.015	0.01	0.045
0.115	0.175	0.24	0.14	0.135	0.045	0.075	0	0.02	0.025	0	0.03
0.12	0.12	0.165	0.15	0.05	0.145	0.055	0.09	0.015	0.025	0.01	0.055
0.145	0.195	0.22	0.085	0.115	0.035	0.055	0.035	0.04	0.015	0.02	0.04
0.04	0.205	0.23	0.12	0.075	0.075	0.09	0.07	0.015	0.03	0.005	0.045
0.02	0.105	0.245	0.215	0.1	0.075	0.085	0.035	0.04	0.03	0.01	0.04
0.125	0.05	0.105	0.21	0.185	0.085	0.055	0.065	0.035	0.03	0	0.055
0.16	0.255	0.095	0.055	0.16	0.09	0.055	0.03	0.035	0.01	0.03	0.025
0.085	0.235	0.25	0.045	0.105	0.09	0.045	0.02	0.035	0.005	0.02	0.065
0.105	0.125	0.26	0.225	0.07	0.04	0.045	0.055	0.03	0.015	0.005	0.025
0.155	0.165	0.155	0.195	0.13	0.025	0.04	0.05	0.025	0.02	0.01	0.03
0.115	0.14	0.225	0.12	0.19	0.075	0.035	0.015	0.02	0.01	0.015	0.04
0.165	0.17	0.21	0.12	0.105	0.125	0.045	0.015	0	0.015	0.005	0.025
0.09	0.21	0.165	0.185	0.115	0.075	0.065	0.035	0.015	0.005	0.015	0.025
0.195	0.175	0.215	0.1	0.09	0.07	0.05	0.04	0.035	0.005	0.005	0.02
0.215	0.25	0.11	0.18	0.08	0.075	0.055	0.015	0.015	0.005	0	0
0.175	0.285	0.23	0.09	0.095	0.045	0.02	0.025	0.005	0.005	0.02	0.005
0.135	0.24	0.28	0.17	0.05	0.04	0.04	0.02	0.01	0.005	0.01	0
#######PARAMETER SECTION#######
800	400	1200	-4	800	-0.25	1
0.18	0.01	1	-4	0.18	-0.25	1
-1.36	-5	-0.001	-4	-1.36	-0.25	1
0.1	0.05	0.3	-4	0.1	-0.25	1
0.2	0.01	0.5	-4	0.2	-0.25	1
0.75	0.20001	1	-3	0.75	-0.25	1
13.815511	-1	200	1	13.815511	-0.25	1
0	-1	1	-4	0	-0.25	1
0.4	1e-04	1.2	-3	0.4	-0.25	1
0	-10	10	-6	0	-1	1
0	-10	10	-6	0	-1	1
2	0	12	2	2	-0.5	1
1	0	12	2	1	-0.5	1
2	0	12	-2	2	-0.5	1
1	0	12	-2	1	-0.5	1
1.5	0	12	2	1.5	-0.5	1
2	0	12	2	2	-0.5	1
-14.9891031693056	-30	5	1	-14.9891031693056	-1	1
1	0.1	2	-1	1	-1	1
-1.54399197800355	-10	1.39	1	-1.54399197800355	-1	1
#######DEV CONSTRAINTS and DEVS#######
-15	15	2
-15	15	2
-15	15	2
0	0	0	0	0	0	0	0	0	0	0	0	0	0	0	0	0	0	0	0	0	0	0	0	0	0	0	0	0	0
0	0	0	0	0	0	0	0	0	0	0	0	0	0	0	0	0	0	0	0	0	0	0	0	0	0	0	0	0	0
0	0	0	0	0	0	0	0	0	0	0
#######LIKELIHOOD WEIGHTS#######
1
1
1
1
0
1
0
0
0
#######MISCELLANEOUS STUFF SECTION#######
2.5e-08
3
0.5	0.5	0.5	0.5	0.5	0.5	0.5	0.5	0.5	0.5	0.5	0.5
0.0229773699100256	0.320821300824607	0.904650535100891	0.994779874306442	0.999738809680904	0.999986992871533	0.999999352405202	0.999999967758134	0.999999998394772	0.99999999992008	0.999999999996021	0.999999999999802
0.2	0.2	0.2	0.2	0.2	0.2	0.2	0.2	0.2	0.2	0.2	0.2
0
1
10
0.2
1
1	0	0	0	0	0	0	0	0	0	0	0
0	1	0	0	0	0	0	0	0	0	0	0
0	0	1	0	0	0	0	0	0	0	0	0
0	0	0	1	0	0	0	0	0	0	0	0
0	0	0	0	1	0	0	0	0	0	0	0
0	0	0	0	0	1	0	0	0	0	0	0
0	0	0	0	0	0	1	0	0	0	0	0
0	0	0	0	0	0	0	1	0	0	0	0
0	0	0	0	0	0	0	0	1	0	0	0
0	0	0	0	0	0	0	0	0	1	0	0
0	0	0	0	0	0	0	0	0	0	1	0
0	0	0	0	0	0	0	0	0	0	0	1
40
31
2
1
#######END OF DATA FILE#######
999
