#######GENERAL HEADER INPUT#######
1
30
1
30
1
30
30
12
1	2	3	4	5	6	7	8	9	10	11	12
12
1	2	3	4	5	6	7	8	9	10	11	12
1
1001
1
1
#######SURVEY DATA#######
30
1	2	3	4	5	6	7	8	9	10	11	12	13	14	15	16	17	18	19	20	21	22	23	24	25	26	27	28	29	30
1.51212511056543	1.63274808532546	1.79765724455788	1.68190514692087	1.32055438212188	1.23333128861193	1.57162525847923	1.41498093542714	1.14313512669149	1.46824822399741	1.0494949171864	1.19005417969381	0.931358302463978	0.867883747195811	0.920566654918358	0.882240341511037	0.851483135306097	0.799364772942019	0.888837153293173	0.861142413718079	0.626225467252619	0.637223313271756	0.746412036578711	0.510703246620577	0.529709725787291	0.554522290759985	0.598884140111988	0.483297403199678	0.529343178817886	0.566651133774683
0.2	0.2	0.2	0.2	0.2	0.2	0.2	0.2	0.2	0.2	0.2	0.2	0.2	0.2	0.2	0.2	0.2	0.2	0.2	0.2	0.2	0.2	0.2	0.2	0.2	0.2	0.2	0.2	0.2	0.2
30
1	2	3	4	5	6	7	8	9	10	11	12	13	14	15	16	17	18	19	20	21	22	23	24	25	26	27	28	29	30
200	200	200	200	200	200	200	200	200	200	200	200	200	200	200	200	200	200	200	200	200	200	200	200	200	200	200	200	200	200
200	200	200	200	200	200	200	200	200	200	200	200	200	200	200	200	200	200	200	200	200	200	200	200	200	200	200	200	200	200
0.07	0.14	0.13	0.165	0.105	0.095	0.045	0.035	0.05	0.035	0.015	0.115
0.065	0.12	0.15	0.1	0.105	0.065	0.07	0.095	0.045	0.045	0.025	0.115
0.07	0.105	0.195	0.105	0.105	0.08	0.075	0.075	0.02	0.04	0.015	0.115
0.08	0.115	0.14	0.15	0.115	0.065	0.065	0.065	0.03	0.035	0.02	0.12
0.09	0.15	0.18	0.085	0.105	0.075	0.065	0.06	0.04	0.02	0.025	0.105
0.065	0.17	0.125	0.135	0.06	0.09	0.075	0.06	0.02	0.04	0.025	0.135
0.06	0.16	0.185	0.13	0.095	0.075	0.03	0.05	0.065	0.035	0.01	0.105
0.085	0.13	0.16	0.15	0.1	0.105	0.065	0.045	0.025	0.03	0.025	0.08
0.06	0.205	0.175	0.11	0.08	0.085	0.025	0.055	0.03	0.015	0.025	0.135
0.045	0.22	0.17	0.145	0.085	0.065	0.06	0.035	0.02	0.03	0.04	0.085
0.085	0.165	0.225	0.115	0.08	0.08	0.07	0.07	0.025	0.02	0.03	0.035
0.055	0.16	0.175	0.16	0.11	0.105	0.045	0.045	0.03	0.015	0.02	0.08
0.095	0.155	0.185	0.105	0.14	0.07	0.05	0.045	0.03	0.02	0.02	0.085
0.095	0.21	0.135	0.12	0.09	0.1	0.06	0.055	0.025	0.015	0.025	0.07
0.065	0.185	0.19	0.105	0.085	0.065	0.105	0.05	0.035	0.025	0.025	0.065
0.07	0.25	0.22	0.11	0.105	0.08	0.035	0.025	0.04	0.015	0.005	0.045
0.08	0.17	0.225	0.205	0.085	0.045	0.045	0.035	0.04	0.02	0	0.05
0.16	0.175	0.16	0.145	0.14	0.07	0.04	0.035	0.005	0.01	0.015	0.045
0.055	0.24	0.23	0.115	0.12	0.075	0.075	0.035	0.02	0	0	0.035
0.11	0.17	0.325	0.125	0.105	0.03	0.035	0.04	0.015	0.005	0.005	0.035
0.075	0.215	0.185	0.215	0.065	0.07	0.055	0.04	0.015	0.015	0.015	0.035
0.055	0.17	0.255	0.135	0.19	0.09	0.005	0.02	0.035	0.005	0.01	0.03
0.09	0.215	0.19	0.17	0.075	0.115	0.03	0.025	0.02	0.04	0.01	0.02
0.115	0.215	0.165	0.155	0.115	0.085	0.055	0.035	0.01	0.015	0.015	0.02
0.1	0.27	0.195	0.115	0.115	0.08	0.035	0.035	0.015	0.01	0.005	0.025
0.145	0.27	0.185	0.16	0.065	0.06	0.035	0.005	0.02	0.03	0.005	0.02
0.135	0.26	0.305	0.11	0.04	0.05	0.045	0.03	0.01	0	0	0.015
0.095	0.235	0.28	0.175	0.085	0.025	0.015	0.025	0.025	0	0.025	0.015
0.245	0.205	0.22	0.15	0.1	0.055	0.01	0.005	0.01	0	0	0
0.085	0.37	0.145	0.15	0.07	0.045	0.05	0.03	0.02	0.01	0.015	0.01
#######LANDINGS DATA#######
1
30
161.434387312085	461.904539212951	740.605055275193	960.771831140226	732.061423567483	1273.94629250077	1215.78284667958	2329.24765971977	1240.71953275903	1420.20609449577	1506.24431688884	1474.85741655675	1008.13229572166	1380.00210093132	1376.53616394153	1181.73127003839	2086.81556017232	1481.40129006003	1360.49273668536	1290.36814719227	1643.33567624649	1089.97644306293	1617.1852161963	1138.52742097681	1012.74884869637	892.919641481671	874.595030813144	1166.60329535412	857.351196105537	1260.853601151
0.01	0.01	0.01	0.01	0.01	0.01	0.01	0.01	0.01	0.01	0.01	0.01	0.01	0.01	0.01	0.01	0.01	0.01	0.01	0.01	0.01	0.01	0.01	0.01	0.01	0.01	0.01	0.01	0.01	0.01
30
1	2	3	4	5	6	7	8	9	10	11	12	13	14	15	16	17	18	19	20	21	22	23	24	25	26	27	28	29	30
200	200	200	200	200	200	200	200	200	200	200	200	200	200	200	200	200	200	200	200	200	200	200	200	200	200	200	200	200	200
200	200	200	200	200	200	200	200	200	200	200	200	200	200	200	200	200	200	200	200	200	200	200	200	200	200	200	200	200	200
0.105	0.11	0.1	0.105	0.13	0.12	0.055	0.06	0.065	0.05	0.015	0.085
0.07	0.095	0.12	0.12	0.13	0.11	0.07	0.075	0.065	0.045	0.025	0.075
0.06	0.13	0.11	0.11	0.105	0.085	0.13	0.06	0.035	0.045	0.005	0.125
0.095	0.09	0.145	0.11	0.125	0.1	0.06	0.065	0.05	0.03	0.01	0.12
0.065	0.105	0.13	0.135	0.075	0.095	0.09	0.065	0.03	0.02	0.035	0.155
0.065	0.14	0.18	0.08	0.08	0.07	0.085	0.055	0.06	0.03	0.05	0.105
0.1	0.12	0.165	0.13	0.075	0.06	0.09	0.065	0.035	0.03	0.035	0.095
0.085	0.075	0.14	0.145	0.105	0.07	0.085	0.055	0.04	0.04	0.025	0.135
0.085	0.155	0.11	0.115	0.145	0.065	0.055	0.04	0.035	0.035	0.025	0.135
0.05	0.15	0.135	0.19	0.115	0.085	0.08	0.025	0.03	0.025	0.015	0.1
0.08	0.07	0.195	0.13	0.075	0.13	0.09	0.05	0.03	0.045	0.04	0.065
0.095	0.18	0.135	0.195	0.085	0.08	0.055	0.035	0.035	0.03	0.02	0.055
0.11	0.09	0.17	0.11	0.125	0.09	0.065	0.05	0.065	0.025	0.005	0.095
0.11	0.18	0.13	0.13	0.1	0.09	0.045	0.03	0.04	0.03	0.02	0.095
0.105	0.15	0.215	0.09	0.075	0.095	0.065	0.07	0.03	0.025	0.01	0.07
0.075	0.14	0.195	0.15	0.135	0.085	0.06	0.045	0.025	0.02	0.015	0.055
0.09	0.185	0.165	0.175	0.115	0.075	0.07	0.02	0.03	0.01	0.01	0.055
0.17	0.17	0.145	0.12	0.125	0.065	0.025	0.055	0.02	0.015	0.01	0.08
0.1	0.27	0.15	0.065	0.12	0.08	0.08	0.025	0.04	0.015	0.02	0.035
0.125	0.155	0.25	0.15	0.07	0.065	0.035	0.045	0.025	0.01	0.02	0.05
0.105	0.225	0.11	0.24	0.1	0.05	0.05	0.055	0.01	0.005	0.03	0.02
0.115	0.215	0.165	0.13	0.185	0.035	0.03	0.03	0.035	0.025	0.005	0.03
0.045	0.175	0.215	0.18	0.1	0.12	0.05	0.04	0.025	0.03	0.01	0.01
0.14	0.165	0.195	0.185	0.115	0.055	0.075	0.015	0.015	0.015	0.01	0.015
0.2	0.225	0.155	0.13	0.095	0.07	0.035	0.035	0.03	0	0.015	0.01
0.155	0.25	0.235	0.12	0.06	0.065	0.035	0.025	0.005	0.025	0.01	0.015
0.135	0.23	0.215	0.155	0.095	0.065	0.025	0.015	0.045	0.01	0.005	0.005
0.125	0.2	0.195	0.275	0.105	0.05	0.025	0.01	0.005	0	0.005	0.005
0.27	0.21	0.15	0.155	0.065	0.07	0.035	0.015	0.005	0	0.015	0.01
0.17	0.33	0.13	0.125	0.135	0.055	0.03	0.005	0	0	0	0.02
#######PARAMETER SECTION#######
800	400	1200	-4	800	-0.25	1
0.18	0.01	1	-4	0.18	-0.25	1
-1.36	-5	-0.001	-4	-1.36	-0.25	1
0.1	0.05	0.3	-4	0.1	-0.25	1
0.2	0.01	0.5	-4	0.2	-0.25	1
0.75	0.20001	1	-3	0.75	-0.25	1
13.815511	-1	200	1	13.815511	-0.25	1
0	-1	1	-4	0	-0.25	1
0.2	1e-04	1.2	-3	0.2	-0.25	1
0	-10	10	-6	0	-1	1
0	-10	10	-6	0	-1	1
2	0	12	2	2	-0.5	1
1	0	12	2	1	-0.5	1
2	0	12	-2	2	-0.5	1
1	0	12	-2	1	-0.5	1
1.5	0	12	2	1.5	-0.5	1
2	0	12	2	2	-0.5	1
-14.8249906383739	-30	5	1	-14.8249906383739	-1	1
1	0.1	2	-1	1	-1	1
-1.54399197800355	-10	1.39	1	-1.54399197800355	-1	1
#######DEV CONSTRAINTS and DEVS#######
-15	15	2
-15	15	2
-15	15	2
0	0	0	0	0	0	0	0	0	0	0	0	0	0	0	0	0	0	0	0	0	0	0	0	0	0	0	0	0	0
0	0	0	0	0	0	0	0	0	0	0	0	0	0	0	0	0	0	0	0	0	0	0	0	0	0	0	0	0	0
0	0	0	0	0	0	0	0	0	0	0
#######LIKELIHOOD WEIGHTS#######
1
1
1
1
0
1
0
0
0
#######MISCELLANEOUS STUFF SECTION#######
2.5e-08
3
0.5	0.5	0.5	0.5	0.5	0.5	0.5	0.5	0.5	0.5	0.5	0.5
0.0229773699100256	0.320821300824607	0.904650535100891	0.994779874306442	0.999738809680904	0.999986992871533	0.999999352405202	0.999999967758134	0.999999998394772	0.99999999992008	0.999999999996021	0.999999999999802
0.2	0.2	0.2	0.2	0.2	0.2	0.2	0.2	0.2	0.2	0.2	0.2
0
1
10
0.2
1
1	0	0	0	0	0	0	0	0	0	0	0
0	1	0	0	0	0	0	0	0	0	0	0
0	0	1	0	0	0	0	0	0	0	0	0
0	0	0	1	0	0	0	0	0	0	0	0
0	0	0	0	1	0	0	0	0	0	0	0
0	0	0	0	0	1	0	0	0	0	0	0
0	0	0	0	0	0	1	0	0	0	0	0
0	0	0	0	0	0	0	1	0	0	0	0
0	0	0	0	0	0	0	0	1	0	0	0
0	0	0	0	0	0	0	0	0	1	0	0
0	0	0	0	0	0	0	0	0	0	1	0
0	0	0	0	0	0	0	0	0	0	0	1
40
31
2
1
#######END OF DATA FILE#######
999
