# Number of parameters = 77  Objective function value = 26400.3  Maximum gradient component = 0.00230535
# sel_params[1]:
1.99791573233
# sel_params[2]:
1.07768028552
# log_Fmult_year1:
 -4.67837542140
# log_Fmult_devs:
 1.08313484548 0.490248842212 0.312986867732 -0.225439799658 0.585770980385 0.0112976867069 0.741283024958 -0.541323594903 0.204110327606 0.127819359118 0.0705211925736 -0.322443944627 0.373055372832 0.0560443097383 -0.114939361390 0.659373560762 -0.197895707126 -0.00983042385401 -0.00970224080253 0.319464600845 -0.312206937070 0.499412833743 -0.202540453355 -0.00503502994309 -0.116977892891 -0.0144683097596 0.319106405325 -0.282277619956 0.380455416788
# log_recruit_devs:
 0.0272245659014 0.271677188367 0.00278020721740 -0.188053338169 -0.0808147591692 0.412276497865 0.272139633101 0.165225277738 -0.0788736610552 -0.0406109393939 0.112903769746 -0.113232311706 -0.0471001087079 0.123433746267 -0.473050911226 0.0282722005303 0.0663146302490 -0.0356585584727 -0.182543034563 0.00316161564759 0.0168474630563 0.162371662622 -0.150063958759 0.181396393558 -0.0154471536340 -0.0627630001563 0.00575563195264 -0.240902881273 -0.229605741767 0.0869398742343
# log_N_year1_devs:
 0.0354007985658 -0.121538355580 -0.102213437251 -0.137234935926 -0.0292791999981 -0.231290562114 -0.0764867382392 0.0678034779503 0.311615694170 0.166715362875 -0.177804151941
# log_q_year1:
 -7.95783898303
# log_q_devs:
 0.00000000000 0.00000000000 0.00000000000 0.00000000000 0.00000000000 0.00000000000 0.00000000000 0.00000000000 0.00000000000 0.00000000000 0.00000000000 0.00000000000 0.00000000000 0.00000000000 0.00000000000 0.00000000000 0.00000000000 0.00000000000 0.00000000000 0.00000000000 0.00000000000 0.00000000000 0.00000000000 0.00000000000 0.00000000000 0.00000000000 0.00000000000 0.00000000000 0.00000000000
# index_sel_params[1]:
1.45118019778
# index_sel_params[2]:
0.459705507536
# log_SR_scaler:
6.82902452893
# SR_steepness:
0.750000000000
