#######GENERAL HEADER INPUT#######
1
30
1
30
1
30
30
12
1	2	3	4	5	6	7	8	9	10	11	12
12
1	2	3	4	5	6	7	8	9	10	11	12
1
1001
1
1
#######SURVEY DATA#######
30
1	2	3	4	5	6	7	8	9	10	11	12	13	14	15	16	17	18	19	20	21	22	23	24	25	26	27	28	29	30
1.54476225618165	1.46083205312288	1.46834182210336	1.35771831330159	1.30409190880185	1.44300386994807	1.46120612337998	1.05319195118978	1.09721488409539	1.22505585170649	0.914757385616633	0.970968140006359	0.956299468563213	0.949067103742422	0.89438390584053	1.10890260187447	0.874235030921441	0.897995120258178	0.889379404102632	0.885174235071672	0.72416501626988	0.656543301254308	0.708339188020516	0.635338791507952	0.632142838750026	0.735000688362397	0.779502620087225	0.687388428063654	0.559027064065428	0.778593449615414
0.2	0.2	0.2	0.2	0.2	0.2	0.2	0.2	0.2	0.2	0.2	0.2	0.2	0.2	0.2	0.2	0.2	0.2	0.2	0.2	0.2	0.2	0.2	0.2	0.2	0.2	0.2	0.2	0.2	0.2
30
1	2	3	4	5	6	7	8	9	10	11	12	13	14	15	16	17	18	19	20	21	22	23	24	25	26	27	28	29	30
200	200	200	200	200	200	200	200	200	200	200	200	200	200	200	200	200	200	200	200	200	200	200	200	200	200	200	200	200	200
200	200	200	200	200	200	200	200	200	200	200	200	200	200	200	200	200	200	200	200	200	200	200	200	200	200	200	200	200	200
0.075	0.15	0.12	0.12	0.07	0.08	0.065	0.07	0.065	0.045	0.015	0.125
0.05	0.18	0.135	0.13	0.105	0.085	0.065	0.04	0.015	0.03	0.04	0.125
0.08	0.1	0.145	0.13	0.075	0.075	0.065	0.115	0.045	0.02	0.025	0.125
0.07	0.125	0.205	0.11	0.095	0.08	0.075	0.05	0.05	0.045	0.01	0.085
0.065	0.12	0.18	0.11	0.1	0.085	0.07	0.06	0.04	0.01	0.02	0.14
0.04	0.14	0.135	0.135	0.13	0.075	0.085	0.065	0.045	0.045	0.01	0.095
0.07	0.115	0.19	0.11	0.11	0.095	0.055	0.055	0.035	0.025	0.015	0.125
0.065	0.145	0.165	0.12	0.075	0.105	0.08	0.07	0.02	0.035	0.03	0.09
0.06	0.25	0.19	0.125	0.095	0.055	0.08	0.03	0.01	0.01	0.03	0.065
0.045	0.19	0.18	0.08	0.1	0.085	0.05	0.095	0.035	0.025	0.005	0.11
0.09	0.185	0.175	0.135	0.07	0.065	0.045	0.02	0.04	0.03	0.02	0.125
0.085	0.15	0.185	0.11	0.165	0.065	0.045	0.04	0.025	0.03	0.025	0.075
0.1	0.145	0.18	0.145	0.095	0.12	0.025	0.03	0.03	0.015	0.035	0.08
0.085	0.175	0.175	0.14	0.08	0.04	0.1	0.025	0.035	0.03	0.02	0.095
0.11	0.2	0.255	0.14	0.1	0.055	0.025	0.03	0.025	0.025	0.02	0.015
0.12	0.16	0.27	0.11	0.07	0.055	0.055	0.045	0.035	0.015	0.025	0.04
0.065	0.17	0.275	0.12	0.145	0.09	0.045	0.01	0.015	0.035	0.01	0.02
0.08	0.27	0.155	0.155	0.095	0.095	0.035	0.035	0.005	0.01	0.025	0.04
0.125	0.245	0.2	0.125	0.11	0.06	0.035	0.035	0.02	0.015	0.01	0.02
0.07	0.255	0.275	0.185	0.06	0.055	0.015	0.03	0.015	0	0.015	0.025
0.095	0.18	0.31	0.1	0.115	0.055	0.035	0.015	0.02	0.02	0.02	0.035
0.085	0.215	0.17	0.25	0.08	0.07	0.035	0.05	0.02	0.01	0	0.015
0.145	0.205	0.16	0.155	0.115	0.075	0.06	0.03	0.025	0.005	0.015	0.01
0.15	0.3	0.17	0.105	0.07	0.085	0.055	0.035	0.015	0.01	0	0.005
0.11	0.325	0.235	0.08	0.09	0.055	0.055	0.02	0.02	0	0.005	0.005
0.205	0.2	0.275	0.12	0.07	0.02	0.015	0.035	0.005	0.015	0.01	0.03
0.125	0.26	0.2	0.205	0.09	0.03	0.04	0.02	0	0	0.01	0.02
0.09	0.215	0.245	0.205	0.125	0.065	0.03	0.015	0.005	0	0.005	0
0.135	0.23	0.235	0.155	0.105	0.065	0.04	0.015	0.01	0	0	0.01
0.175	0.19	0.25	0.155	0.085	0.07	0.035	0.015	0.015	0	0.005	0.005
#######LANDINGS DATA#######
1
30
160.431726647462	459.014559040009	743.44468478187	977.980972267745	748.127706599443	1295.24674793034	1219.53193771796	2322.71559502638	1213.92440322822	1395.72501402697	1470.05855648104	1451.8198651164	998.466659504315	1368.86653818432	1379.0193236073	1179.48718503363	2098.89440304934	1532.03282892091	1431.31476407383	1357.67370288327	1737.67681823786	1156.38148009076	1707.38928305486	1261.102995446	1198.55089509669	1095.97864031716	1100.7643882211	1494.32735557323	1053.5912431116	1457.84752075062
0.01	0.01	0.01	0.01	0.01	0.01	0.01	0.01	0.01	0.01	0.01	0.01	0.01	0.01	0.01	0.01	0.01	0.01	0.01	0.01	0.01	0.01	0.01	0.01	0.01	0.01	0.01	0.01	0.01	0.01
30
1	2	3	4	5	6	7	8	9	10	11	12	13	14	15	16	17	18	19	20	21	22	23	24	25	26	27	28	29	30
200	200	200	200	200	200	200	200	200	200	200	200	200	200	200	200	200	200	200	200	200	200	200	200	200	200	200	200	200	200
200	200	200	200	200	200	200	200	200	200	200	200	200	200	200	200	200	200	200	200	200	200	200	200	200	200	200	200	200	200
0.055	0.145	0.11	0.16	0.09	0.09	0.065	0.08	0.04	0.025	0.03	0.11
0.06	0.09	0.165	0.095	0.12	0.07	0.08	0.055	0.02	0.03	0.045	0.17
0.1	0.115	0.11	0.135	0.1	0.075	0.075	0.045	0.055	0.045	0.035	0.11
0.075	0.105	0.1	0.16	0.095	0.09	0.075	0.05	0.045	0.03	0.025	0.15
0.055	0.12	0.12	0.155	0.115	0.11	0.04	0.06	0.02	0.03	0.02	0.155
0.085	0.095	0.085	0.16	0.135	0.09	0.07	0.04	0.055	0	0.035	0.15
0.06	0.1	0.135	0.075	0.145	0.085	0.065	0.06	0.055	0.04	0.04	0.14
0.15	0.075	0.105	0.115	0.09	0.08	0.105	0.055	0.055	0.02	0.04	0.11
0.1	0.16	0.115	0.115	0.145	0.04	0.055	0.055	0.055	0.02	0.015	0.125
0.06	0.155	0.2	0.125	0.08	0.1	0.05	0.035	0.025	0.005	0.045	0.12
0.08	0.115	0.185	0.135	0.11	0.105	0.085	0.015	0.015	0.015	0.025	0.115
0.08	0.14	0.13	0.16	0.155	0.07	0.06	0.03	0.025	0.035	0.03	0.085
0.085	0.075	0.185	0.115	0.145	0.125	0.04	0.05	0.045	0.02	0.045	0.07
0.115	0.12	0.15	0.195	0.09	0.06	0.115	0.035	0.02	0.015	0.02	0.065
0.085	0.2	0.185	0.155	0.105	0.055	0.03	0.025	0.02	0.04	0.02	0.08
0.115	0.155	0.205	0.12	0.155	0.045	0.04	0.05	0.02	0.015	0.025	0.055
0.1	0.135	0.13	0.155	0.145	0.06	0.055	0.065	0.04	0.03	0.01	0.075
0.14	0.185	0.19	0.115	0.14	0.06	0.03	0.03	0.03	0.03	0.02	0.03
0.125	0.185	0.16	0.16	0.13	0.075	0.05	0.025	0.025	0.02	0.015	0.03
0.105	0.165	0.245	0.165	0.07	0.045	0.065	0.035	0.04	0.01	0.005	0.05
0.135	0.155	0.21	0.195	0.115	0.09	0.035	0.03	0.025	0	0	0.01
0.11	0.155	0.15	0.185	0.145	0.115	0.05	0.03	0.025	0.01	0	0.025
0.13	0.225	0.17	0.145	0.155	0.05	0.055	0.015	0.025	0.015	0.005	0.01
0.16	0.205	0.165	0.13	0.12	0.06	0.045	0.06	0.005	0.02	0.01	0.02
0.105	0.24	0.18	0.155	0.08	0.065	0.045	0.055	0.02	0.02	0.015	0.02
0.18	0.19	0.22	0.165	0.085	0.045	0.025	0.05	0	0.02	0.005	0.015
0.15	0.27	0.18	0.215	0.07	0.06	0.025	0.01	0.005	0	0.005	0.01
0.15	0.17	0.285	0.14	0.13	0.025	0.035	0.02	0.015	0.03	0	0
0.15	0.23	0.225	0.17	0.08	0.06	0.025	0.025	0.01	0.015	0.005	0.005
0.21	0.15	0.22	0.125	0.105	0.08	0.05	0.025	0.015	0.015	0	0.005
#######PARAMETER SECTION#######
800	400	1200	-4	800	-0.25	1
0.18	0.01	1	-4	0.18	-0.25	1
-1.36	-5	-0.001	-4	-1.36	-0.25	1
0.1	0.05	0.3	-4	0.1	-0.25	1
0.2	0.01	0.5	-4	0.2	-0.25	1
0.75	0.20001	1	-3	0.75	-0.25	1
13.815511	-1	200	1	13.815511	-0.25	1
0	-1	1	-4	0	-0.25	1
0.2	1e-04	1.2	-3	0.2	-0.25	1
0	-10	10	-6	0	-1	1
0	-10	10	-6	0	-1	1
2	0	12	2	2	-0.5	1
1	0	12	2	1	-0.5	1
2	0	12	-2	2	-0.5	1
1	0	12	-2	1	-0.5	1
1.5	0	12	2	1.5	-0.5	1
2	0	12	2	2	-0.5	1
-14.8652292427546	-30	5	1	-14.8652292427546	-1	1
1	0.1	2	-1	1	-1	1
-1.54399197800355	-10	1.39	1	-1.54399197800355	-1	1
#######DEV CONSTRAINTS and DEVS#######
-15	15	2
-15	15	2
-15	15	2
0	0	0	0	0	0	0	0	0	0	0	0	0	0	0	0	0	0	0	0	0	0	0	0	0	0	0	0	0	0
0	0	0	0	0	0	0	0	0	0	0	0	0	0	0	0	0	0	0	0	0	0	0	0	0	0	0	0	0	0
0	0	0	0	0	0	0	0	0	0	0
#######LIKELIHOOD WEIGHTS#######
1
1
1
1
0
1
0
0
0
#######MISCELLANEOUS STUFF SECTION#######
2.5e-08
3
0.5	0.5	0.5	0.5	0.5	0.5	0.5	0.5	0.5	0.5	0.5	0.5
0.0229773699100256	0.320821300824607	0.904650535100891	0.994779874306442	0.999738809680904	0.999986992871533	0.999999352405202	0.999999967758134	0.999999998394772	0.99999999992008	0.999999999996021	0.999999999999802
0.2	0.2	0.2	0.2	0.2	0.2	0.2	0.2	0.2	0.2	0.2	0.2
0
1
10
0.2
1
1	0	0	0	0	0	0	0	0	0	0	0
0	1	0	0	0	0	0	0	0	0	0	0
0	0	1	0	0	0	0	0	0	0	0	0
0	0	0	1	0	0	0	0	0	0	0	0
0	0	0	0	1	0	0	0	0	0	0	0
0	0	0	0	0	1	0	0	0	0	0	0
0	0	0	0	0	0	1	0	0	0	0	0
0	0	0	0	0	0	0	1	0	0	0	0
0	0	0	0	0	0	0	0	1	0	0	0
0	0	0	0	0	0	0	0	0	1	0	0
0	0	0	0	0	0	0	0	0	0	1	0
0	0	0	0	0	0	0	0	0	0	0	1
40
31
2
1
#######END OF DATA FILE#######
999
