#styr												
1
#endyr												
30
#rec_age										
1															
#n_ages										
12
# numbers of length intervals
81
#Length	bin
10	11	12	13	14	15	16	17	18	19	20	21	22	23	24	25	26	27	28	29	30	31	32	33	34	35	36	37	38	39	40	41	42	43	44	45	46	47	48	49	50	51	52	53	54	55	56	57	58	59	60	61	62	63	64	65	66	67	68	69	70	71	72	73	74	75	76	77	78	79	80	81	82	83	84	85	86	87	88	89	90
#nfsh
1
#names_fsh
FLEET1												
#catch												
160.045284454622	460.42509652554	755.17773037329	985.29744297882	751.43969237887	1286.30472500797	1229.505310352	2317.77561813451	1221.66346660427	1393.01430805472	1450.97643342904	1471.31339210692	1023.017654201	1419.79152831776	1418.20453390981	1245.2303698994	2265.81671264343	1654.45901926448	1509.58278564969	1395.28516104463	1799.30586124342	1261.12639848717	1995.91377798077	1508.37014598211	1395.55657887046	1223.01201147929	1223.74273885416	1692.41731685778	1232.58672775592	1744.33147826331
#catch_cv											
0.01	0.01	0.01	0.01	0.01	0.01	0.01	0.01	0.01	0.01	0.01	0.01	0.01	0.01	0.01	0.01	0.01	0.01	0.01	0.01	0.01	0.01	0.01	0.01	0.01	0.01	0.01	0.01	0.01	0.01
#n_ages_fsh								
30		
#n_lengths_fsh								
0															
#yrs_ages_fsh								
1	2	3	4	5	6	7	8	9	10	11	12	13	14	15	16	17	18	19	20	21	22	23	24	25	26	27	28	29	30	
#sample_ages_fsh							
200	200	200	200	200	200	200	200	200	200	200	200	200	200	200	200	200	200	200	200	200	200	200	200	200	200	200	200	200	200
#page_fsh	2	3	4	5	6	7	8	9	10	11						
0.07	0.085	0.17	0.08	0.125	0.09	0.08	0.07	0.04	0.03	0.025	0.135
0.065	0.125	0.15	0.105	0.11	0.095	0.055	0.05	0.045	0.055	0.035	0.11
0.04	0.125	0.125	0.1	0.125	0.075	0.05	0.095	0.045	0.035	0.025	0.16
0.07	0.095	0.14	0.155	0.085	0.095	0.055	0.06	0.065	0.04	0.03	0.11
0.05	0.075	0.095	0.195	0.095	0.095	0.08	0.065	0.04	0.025	0.045	0.14
0.075	0.115	0.075	0.07	0.125	0.09	0.105	0.095	0.04	0.045	0.04	0.125
0.085	0.125	0.105	0.115	0.08	0.11	0.085	0.08	0.045	0.045	0.03	0.095
0.045	0.16	0.165	0.115	0.08	0.09	0.05	0.05	0.055	0.055	0.02	0.115
0.095	0.125	0.1	0.19	0.08	0.08	0.075	0.06	0.035	0.025	0.025	0.11
0.08	0.145	0.14	0.115	0.14	0.095	0.07	0.035	0.04	0.03	0.02	0.09
0.15	0.175	0.1	0.135	0.085	0.075	0.08	0.01	0.015	0.06	0.005	0.11
0.035	0.195	0.17	0.15	0.085	0.11	0.06	0.055	0.045	0.015	0.015	0.065
0.055	0.125	0.275	0.11	0.095	0.07	0.09	0.045	0.025	0.01	0.015	0.085
0.105	0.07	0.105	0.22	0.11	0.08	0.06	0.06	0.06	0.03	0.02	0.08
0.19	0.215	0.08	0.075	0.18	0.085	0.05	0.025	0.035	0.005	0.02	0.04
0.09	0.155	0.225	0.095	0.08	0.11	0.09	0.025	0.02	0.035	0.015	0.06
0.085	0.135	0.26	0.175	0.065	0.07	0.075	0.02	0.02	0.02	0.01	0.065
0.125	0.13	0.175	0.215	0.12	0.045	0.035	0.065	0.015	0.015	0	0.06
0.155	0.215	0.125	0.18	0.095	0.08	0.04	0.03	0.025	0.01	0	0.045
0.135	0.2	0.205	0.16	0.095	0.08	0.03	0.015	0.01	0.025	0	0.045
0.215	0.18	0.14	0.2	0.055	0.075	0.045	0.03	0.01	0.005	0.005	0.04
0.165	0.24	0.115	0.175	0.13	0.03	0.055	0.025	0.025	0	0.01	0.03
0.095	0.21	0.3	0.14	0.085	0.07	0.02	0.045	0.005	0.015	0.005	0.01
0.14	0.14	0.195	0.235	0.09	0.08	0.04	0.02	0.025	0.005	0.01	0.02
0.22	0.17	0.155	0.16	0.125	0.05	0.055	0.04	0.005	0	0.01	0.01
0.175	0.195	0.165	0.13	0.11	0.12	0.03	0.015	0.015	0.01	0.01	0.025
0.135	0.265	0.22	0.135	0.075	0.075	0.06	0.015	0.005	0.005	0	0.01
0.095	0.22	0.29	0.14	0.05	0.075	0.04	0.05	0	0.015	0.01	0.015
0.205	0.195	0.25	0.175	0.075	0.025	0.01	0.015	0.04	0.005	0.005	0
0.16	0.24	0.215	0.1	0.15	0.025	0.03	0.025	0.03	0.015	0.005	0.005
#wt_age_fsh	1 2	3	4	5	6	7	8	9	10	11						
0.000530656	0.001196328	0.002058265	0.003034987	0.004055212	0.005064698	0.006026226	0.006916921	0.007724891	0.008446113	0.009081853	0.009636695
0.000530656	0.001196328	0.002058265	0.003034987	0.004055212	0.005064698	0.006026226	0.006916921	0.007724891	0.008446113	0.009081853	0.009636695
0.000530656	0.001196328	0.002058265	0.003034987	0.004055212	0.005064698	0.006026226	0.006916921	0.007724891	0.008446113	0.009081853	0.009636695
0.000530656	0.001196328	0.002058265	0.003034987	0.004055212	0.005064698	0.006026226	0.006916921	0.007724891	0.008446113	0.009081853	0.009636695
0.000530656	0.001196328	0.002058265	0.003034987	0.004055212	0.005064698	0.006026226	0.006916921	0.007724891	0.008446113	0.009081853	0.009636695
0.000530656	0.001196328	0.002058265	0.003034987	0.004055212	0.005064698	0.006026226	0.006916921	0.007724891	0.008446113	0.009081853	0.009636695
0.000530656	0.001196328	0.002058265	0.003034987	0.004055212	0.005064698	0.006026226	0.006916921	0.007724891	0.008446113	0.009081853	0.009636695
0.000530656	0.001196328	0.002058265	0.003034987	0.004055212	0.005064698	0.006026226	0.006916921	0.007724891	0.008446113	0.009081853	0.009636695
0.000530656	0.001196328	0.002058265	0.003034987	0.004055212	0.005064698	0.006026226	0.006916921	0.007724891	0.008446113	0.009081853	0.009636695
0.000530656	0.001196328	0.002058265	0.003034987	0.004055212	0.005064698	0.006026226	0.006916921	0.007724891	0.008446113	0.009081853	0.009636695
0.000530656	0.001196328	0.002058265	0.003034987	0.004055212	0.005064698	0.006026226	0.006916921	0.007724891	0.008446113	0.009081853	0.009636695
0.000530656	0.001196328	0.002058265	0.003034987	0.004055212	0.005064698	0.006026226	0.006916921	0.007724891	0.008446113	0.009081853	0.009636695
0.000530656	0.001196328	0.002058265	0.003034987	0.004055212	0.005064698	0.006026226	0.006916921	0.007724891	0.008446113	0.009081853	0.009636695
0.000530656	0.001196328	0.002058265	0.003034987	0.004055212	0.005064698	0.006026226	0.006916921	0.007724891	0.008446113	0.009081853	0.009636695
0.000530656	0.001196328	0.002058265	0.003034987	0.004055212	0.005064698	0.006026226	0.006916921	0.007724891	0.008446113	0.009081853	0.009636695
0.000530656	0.001196328	0.002058265	0.003034987	0.004055212	0.005064698	0.006026226	0.006916921	0.007724891	0.008446113	0.009081853	0.009636695
0.000530656	0.001196328	0.002058265	0.003034987	0.004055212	0.005064698	0.006026226	0.006916921	0.007724891	0.008446113	0.009081853	0.009636695
0.000530656	0.001196328	0.002058265	0.003034987	0.004055212	0.005064698	0.006026226	0.006916921	0.007724891	0.008446113	0.009081853	0.009636695
0.000530656	0.001196328	0.002058265	0.003034987	0.004055212	0.005064698	0.006026226	0.006916921	0.007724891	0.008446113	0.009081853	0.009636695
0.000530656	0.001196328	0.002058265	0.003034987	0.004055212	0.005064698	0.006026226	0.006916921	0.007724891	0.008446113	0.009081853	0.009636695
0.000530656	0.001196328	0.002058265	0.003034987	0.004055212	0.005064698	0.006026226	0.006916921	0.007724891	0.008446113	0.009081853	0.009636695
0.000530656	0.001196328	0.002058265	0.003034987	0.004055212	0.005064698	0.006026226	0.006916921	0.007724891	0.008446113	0.009081853	0.009636695
0.000530656	0.001196328	0.002058265	0.003034987	0.004055212	0.005064698	0.006026226	0.006916921	0.007724891	0.008446113	0.009081853	0.009636695
0.000530656	0.001196328	0.002058265	0.003034987	0.004055212	0.005064698	0.006026226	0.006916921	0.007724891	0.008446113	0.009081853	0.009636695
0.000530656	0.001196328	0.002058265	0.003034987	0.004055212	0.005064698	0.006026226	0.006916921	0.007724891	0.008446113	0.009081853	0.009636695
0.000530656	0.001196328	0.002058265	0.003034987	0.004055212	0.005064698	0.006026226	0.006916921	0.007724891	0.008446113	0.009081853	0.009636695
0.000530656	0.001196328	0.002058265	0.003034987	0.004055212	0.005064698	0.006026226	0.006916921	0.007724891	0.008446113	0.009081853	0.009636695
0.000530656	0.001196328	0.002058265	0.003034987	0.004055212	0.005064698	0.006026226	0.006916921	0.007724891	0.008446113	0.009081853	0.009636695
0.000530656	0.001196328	0.002058265	0.003034987	0.004055212	0.005064698	0.006026226	0.006916921	0.007724891	0.008446113	0.009081853	0.009636695
0.000530656	0.001196328	0.002058265	0.003034987	0.004055212	0.005064698	0.006026226	0.006916921	0.007724891	0.008446113	0.009081853	0.009636695
#nind
1
#ind_names									
SURVEY1									
#nobs_ind
30
#yrs_ind											
1	2	3	4	5	6	7	8	9	10	11	12	13	14	15	16	17	18	19	20	21	22	23	24	25	26	27	28	29	30	
#month_ind										
1															
#biom_ind											
1.48309701857137	1.44093320720722	1.57109233261415	1.33674136023951	1.31898659679178	1.68839601828707	0.983024278701084	1.13977545912438	1.14097356049802	1.00200439112241	1.03912950463007	1.10590776484237	1.09417909379486	0.981172923382467	0.859336836907153	1.01038786903501	1.01882002613054	0.872094093177717	0.869732004890236	0.704032891236238	0.914220707227156	0.799694823517967	0.920675829691655	0.725557869545227	0.839323432239105	0.614890202068618	0.762630679051218	0.811911467360145	0.597142710236601	0.705795055568769
#biom_cv																
0.296619403714273	0.288186641441444	0.31421846652283	0.267348272047903	0.263797319358356	0.337679203657413	0.196604855740217	0.227955091824876	0.228194712099604	0.200400878224481	0.207825900926015	0.221181552968475	0.218835818758971	0.196234584676493	0.171867367381431	0.202077573807002	0.203764005226108	0.174418818635543	0.173946400978047	0.140806578247248	0.182844141445431	0.159938964703593	0.184135165938331	0.145111573909045	0.167864686447821	0.122978040413724	0.152526135810244	0.162382293472029	0.11942854204732	0.141159011113754
#n_ages_ind															
30			
#n_lengths_ind															
0															
#yrs_ages_ind															
1	2	3	4	5	6	7	8	9	10	11	12	13	14	15	16	17	18	19	20	21	22	23	24	25	26	27	28	29	30	
#sample_ages_ind					
200	200	200	200	200	200	200	200	200	200	200	200	200	200	200	200	200	200	200	200	200	200	200	200	200	200	200	200	200	200
#page_ind						
0.06	0.14	0.18	0.135	0.08	0.065	0.045	0.055	0.025	0.02	0.035	0.16
0.08	0.15	0.18	0.085	0.105	0.065	0.08	0.045	0.05	0.02	0.03	0.11
0.04	0.155	0.095	0.095	0.1	0.1	0.08	0.06	0.04	0.05	0.06	0.125
0.045	0.14	0.24	0.11	0.08	0.08	0.055	0.03	0.025	0.035	0.03	0.13
0.065	0.11	0.17	0.14	0.13	0.06	0.055	0.04	0.04	0.03	0.02	0.14
0.065	0.135	0.105	0.155	0.125	0.08	0.07	0.05	0.04	0.065	0.02	0.09
0.08	0.12	0.22	0.12	0.11	0.07	0.065	0.045	0.055	0.01	0.025	0.08
0.085	0.14	0.16	0.14	0.07	0.065	0.095	0.035	0.04	0.025	0.04	0.105
0.08	0.16	0.15	0.115	0.11	0.095	0.035	0.05	0.03	0.045	0.045	0.085
0.105	0.15	0.15	0.16	0.095	0.09	0.07	0.025	0.03	0.035	0.005	0.085
0.14	0.225	0.145	0.11	0.09	0.055	0.05	0.025	0.035	0.03	0.015	0.08
0.055	0.235	0.19	0.135	0.06	0.09	0.055	0.025	0.035	0.015	0.01	0.095
0.065	0.105	0.29	0.16	0.09	0.08	0.06	0.045	0.02	0.015	0.01	0.06
0.105	0.13	0.145	0.22	0.075	0.09	0.045	0.04	0.035	0.005	0.015	0.095
0.13	0.215	0.15	0.095	0.145	0.085	0.05	0.05	0.035	0.01	0.005	0.03
0.11	0.285	0.175	0.07	0.065	0.075	0.045	0.045	0.025	0.03	0.02	0.055
0.085	0.205	0.25	0.16	0.045	0.085	0.06	0.02	0.015	0.02	0.01	0.045
0.09	0.11	0.185	0.315	0.1	0.04	0.035	0.03	0.03	0.01	0.005	0.05
0.1	0.23	0.12	0.125	0.19	0.075	0.045	0.02	0.035	0.01	0.005	0.045
0.13	0.235	0.205	0.1	0.11	0.085	0.045	0.025	0.005	0.03	0	0.03
0.12	0.215	0.185	0.175	0.075	0.07	0.1	0.015	0.005	0	0.02	0.02
0.12	0.365	0.2	0.12	0.09	0.02	0.035	0.025	0.01	0.005	0	0.01
0.11	0.235	0.32	0.11	0.055	0.04	0.025	0.04	0.035	0.01	0.005	0.015
0.095	0.16	0.255	0.255	0.1	0.045	0.035	0.01	0.02	0	0.01	0.015
0.19	0.15	0.195	0.155	0.175	0.055	0.02	0.04	0.005	0	0.01	0.005
0.175	0.235	0.175	0.135	0.13	0.075	0.035	0.01	0.02	0	0	0.01
0.11	0.325	0.265	0.09	0.045	0.06	0.03	0.03	0.02	0.015	0.005	0.005
0.085	0.285	0.305	0.16	0.045	0.035	0.035	0.02	0.02	0.005	0.005	0
0.12	0.23	0.25	0.185	0.12	0.015	0.02	0.03	0.02	0.01	0	0
0.09	0.25	0.2	0.185	0.135	0.06	0.05	0.01	0	0.015	0.005	0
#wt_age_ind						
1 1 1 1 1 1 1 1 1 1 1 1 
1 1 1 1 1 1 1 1 1 1 1 1 
1 1 1 1 1 1 1 1 1 1 1 1 
1 1 1 1 1 1 1 1 1 1 1 1 
1 1 1 1 1 1 1 1 1 1 1 1 
1 1 1 1 1 1 1 1 1 1 1 1 
1 1 1 1 1 1 1 1 1 1 1 1 
1 1 1 1 1 1 1 1 1 1 1 1 
1 1 1 1 1 1 1 1 1 1 1 1 
1 1 1 1 1 1 1 1 1 1 1 1 
1 1 1 1 1 1 1 1 1 1 1 1 
1 1 1 1 1 1 1 1 1 1 1 1 
1 1 1 1 1 1 1 1 1 1 1 1 
1 1 1 1 1 1 1 1 1 1 1 1 
1 1 1 1 1 1 1 1 1 1 1 1 
1 1 1 1 1 1 1 1 1 1 1 1 
1 1 1 1 1 1 1 1 1 1 1 1 
1 1 1 1 1 1 1 1 1 1 1 1 
1 1 1 1 1 1 1 1 1 1 1 1 
1 1 1 1 1 1 1 1 1 1 1 1 
1 1 1 1 1 1 1 1 1 1 1 1 
1 1 1 1 1 1 1 1 1 1 1 1 
1 1 1 1 1 1 1 1 1 1 1 1 
1 1 1 1 1 1 1 1 1 1 1 1 
1 1 1 1 1 1 1 1 1 1 1 1 
1 1 1 1 1 1 1 1 1 1 1 1 
1 1 1 1 1 1 1 1 1 1 1 1 
1 1 1 1 1 1 1 1 1 1 1 1 
1 1 1 1 1 1 1 1 1 1 1 1 
1 1 1 1 1 1 1 1 1 1 1 1 
# wt_pop
0.000530656	0.001196328	0.002058265	0.003034987	0.004055212	0.005064698	0.006026226	0.006916921	0.007724891	0.008446113	0.009081853	0.009636695
#maturity
0.02297737 0.32082130 0.90465054 0.99477987 0.99973881 0.99998699 0.99999935 0.99999997 1 1 1 1
#spmonth						
1		
#age_err						
1	0	0	0	0	0	0	0	0	0	0	0
0	1	0	0	0	0	0	0	0	0	0	0
0	0	1	0	0	0	0	0	0	0	0	0
0	0	0	1	0	0	0	0	0	0	0	0
0	0	0	0	1	0	0	0	0	0	0	0
0	0	0	0	0	1	0	0	0	0	0	0
0	0	0	0	0	0	1	0	0	0	0	0
0	0	0	0	0	0	0	1	0	0	0	0
0	0	0	0	0	0	0	0	1	0	0	0
0	0	0	0	0	0	0	0	0	1	0	0
0	0	0	0	0	0	0	0	0	0	1	0
0	0	0	0	0	0	0	0	0	0	0	1																														
