# Number of parameters = 77  Objective function value = 26167.7  Maximum gradient component = 0.000529269
# sel_params[1]:
2.07379423819
# sel_params[2]:
1.07091938379
# log_Fmult_year1:
 -4.58179212680
# log_Fmult_devs:
 1.04662338257 0.525777242441 0.296186315676 -0.210898713171 0.583443389748 0.00968147108008 0.750282385270 -0.531271211843 0.185688173993 0.124008614117 0.0564594455078 -0.333108100811 0.362180805913 0.0659383980956 -0.112321678314 0.654733955110 -0.194921458942 -0.0125521647248 -0.0168696084436 0.322527424691 -0.302438039333 0.496582081804 -0.182712720595 -0.00695960114236 -0.0657947897162 0.0181040745393 0.384379720725 -0.217341704914 0.493747646054
# log_recruit_devs:
 -0.0233741439857 0.0950458950207 0.110599079538 -0.198890701950 -0.0571387907604 -0.180407162028 0.376793903499 -0.341954458004 -0.0993567092246 0.258518718445 0.127882237424 0.147415978538 -0.0881579119265 -0.331353984996 -0.412088067634 0.0308989549668 -0.0546539987788 -0.237065006292 0.186028408763 0.0139877796194 -0.207991863529 0.0894210992600 0.0672705496999 0.175107675332 0.0809341198549 0.0253667518702 -0.0477592428147 -0.103787270083 0.406810358619 0.191897801557
# log_N_year1_devs:
 -0.0917254654492 -0.156439188182 -0.188317414234 -0.0572380247475 -0.248723127516 0.00225476899080 -0.101320404332 0.0784320837772 -0.0448523415116 0.0420472522912 -0.328670089905
# log_q_year1:
 -7.84654002916
# log_q_devs:
 0.00000000000 0.00000000000 0.00000000000 0.00000000000 0.00000000000 0.00000000000 0.00000000000 0.00000000000 0.00000000000 0.00000000000 0.00000000000 0.00000000000 0.00000000000 0.00000000000 0.00000000000 0.00000000000 0.00000000000 0.00000000000 0.00000000000 0.00000000000 0.00000000000 0.00000000000 0.00000000000 0.00000000000 0.00000000000 0.00000000000 0.00000000000 0.00000000000 0.00000000000
# index_sel_params[1]:
1.54516887446
# index_sel_params[2]:
0.486876039012
# log_SR_scaler:
6.85407417207
# SR_steepness:
0.750000000000
