# Number of parameters = 77  Objective function value = 26639.0  Maximum gradient component = 0.00142812
# sel_params[1]:
3.77045207337
# sel_params[2]:
0.899715517678
# log_Fmult_year1:
 -4.31977536999
# log_Fmult_devs:
 1.01164229120 0.448190404955 0.267657127315 -0.265942311224 0.554977590633 -0.0246448906865 0.755841015657 -0.537853613162 0.206758248860 0.126903690416 0.0726294650104 -0.336608815794 0.358807414868 0.0375466346598 -0.116294035027 0.656266199644 -0.189946443693 -0.0142755382502 -0.0237454236105 0.322221900393 -0.314052761701 0.512033308273 -0.191008807677 0.0137757260822 -0.0966034361189 -0.0144815506107 0.346514736533 -0.266785102535 0.430080700775
# log_recruit_devs:
 -0.0491649987549 -0.353347437262 -0.139681203658 -0.113543481495 0.00141441342205 0.0165044578656 -0.446848670660 0.238423450642 -0.0176546477325 0.206972398804 0.177730231886 0.305875693699 0.155779953920 0.141823128545 0.116253853640 0.259300418333 -0.182062307470 -0.199011245837 0.114366169767 0.189517415636 -0.204873536163 -0.0570220164210 0.0136009596669 -0.213375819700 -0.0487818518105 -0.202204304115 0.0276653958386 0.117655848084 0.0394027414499 0.105284989881
# log_N_year1_devs:
 -0.178607139939 -0.332855806140 -0.371547215927 -0.354513839632 -0.330847827837 -0.285053336787 -0.466513780442 -0.590138189019 -0.839971941071 -1.01970510451 -1.29128404768
# log_q_year1:
 -7.86688884596
# log_q_devs:
 0.00000000000 0.00000000000 0.00000000000 0.00000000000 0.00000000000 0.00000000000 0.00000000000 0.00000000000 0.00000000000 0.00000000000 0.00000000000 0.00000000000 0.00000000000 0.00000000000 0.00000000000 0.00000000000 0.00000000000 0.00000000000 0.00000000000 0.00000000000 0.00000000000 0.00000000000 0.00000000000 0.00000000000 0.00000000000 0.00000000000 0.00000000000 0.00000000000 0.00000000000
# index_sel_params[1]:
1.99877886538
# index_sel_params[2]:
0.667344300192
# log_SR_scaler:
6.90899512337
# SR_steepness:
0.750000000000
