#styr												
1
#endyr												
30
#rec_age										
1															
#n_ages										
12
# numbers of length intervals
81
#Length	bin
10	11	12	13	14	15	16	17	18	19	20	21	22	23	24	25	26	27	28	29	30	31	32	33	34	35	36	37	38	39	40	41	42	43	44	45	46	47	48	49	50	51	52	53	54	55	56	57	58	59	60	61	62	63	64	65	66	67	68	69	70	71	72	73	74	75	76	77	78	79	80	81	82	83	84	85	86	87	88	89	90
#nfsh
1
#names_fsh
FLEET1												
#catch												
160.658447319137	458.698305014888	735.722709886111	959.295911431558	729.449174199178	1249.35615609879	1204.83944536394	2351.85338168898	1271.04757857986	1474.44815324728	1630.86057996435	1658.47449417852	1139.99452342219	1583.19853857257	1552.18051113616	1298.81021709727	2304.59231446316	1658.41249545883	1509.70412160364	1394.2189129938	1731.60174403268	1147.25016094028	1706.77178652276	1264.82409782662	1205.79849337281	1092.43378261761	1072.47893278324	1436.82059600027	1004.28138019355	1378.82755619049
#catch_cv											
0.01	0.01	0.01	0.01	0.01	0.01	0.01	0.01	0.01	0.01	0.01	0.01	0.01	0.01	0.01	0.01	0.01	0.01	0.01	0.01	0.01	0.01	0.01	0.01	0.01	0.01	0.01	0.01	0.01	0.01
#n_ages_fsh								
30		
#n_lengths_fsh								
0															
#yrs_ages_fsh								
1	2	3	4	5	6	7	8	9	10	11	12	13	14	15	16	17	18	19	20	21	22	23	24	25	26	27	28	29	30	
#sample_ages_fsh							
200	200	200	200	200	200	200	200	200	200	200	200	200	200	200	200	200	200	200	200	200	200	200	200	200	200	200	200	200	200
#page_fsh	2	3	4	5	6	7	8	9	10	11						
0.085	0.115	0.14	0.105	0.105	0.07	0.07	0.07	0.04	0.04	0.015	0.145
0.085	0.095	0.125	0.135	0.11	0.06	0.07	0.075	0.05	0.04	0.02	0.135
0.035	0.14	0.15	0.11	0.12	0.095	0.055	0.055	0.025	0.035	0.04	0.14
0.055	0.085	0.145	0.11	0.1	0.09	0.085	0.055	0.045	0.05	0.02	0.16
0.09	0.09	0.145	0.12	0.09	0.08	0.065	0.07	0.05	0.04	0.035	0.125
0.1	0.155	0.085	0.12	0.06	0.095	0.075	0.06	0.025	0.06	0.05	0.115
0.06	0.135	0.245	0.11	0.07	0.075	0.055	0.05	0.03	0.04	0.05	0.08
0.075	0.085	0.185	0.185	0.095	0.045	0.05	0.045	0.04	0.04	0.03	0.125
0.11	0.13	0.15	0.175	0.13	0.065	0.055	0.045	0.025	0.02	0.02	0.075
0.135	0.16	0.125	0.1	0.105	0.105	0.05	0.05	0.015	0.005	0.03	0.12
0.135	0.12	0.175	0.115	0.065	0.095	0.08	0.04	0.04	0.015	0.04	0.08
0.11	0.145	0.16	0.18	0.08	0.085	0.045	0.045	0.02	0.025	0.02	0.085
0.025	0.13	0.175	0.19	0.175	0.065	0.08	0.03	0.045	0.035	0.015	0.035
0.105	0.075	0.195	0.115	0.17	0.125	0.035	0.04	0.04	0.045	0.02	0.035
0.11	0.135	0.105	0.185	0.105	0.12	0.055	0.06	0.035	0.03	0.02	0.04
0.095	0.225	0.15	0.07	0.11	0.095	0.075	0.09	0.03	0.005	0.01	0.045
0.105	0.155	0.17	0.17	0.07	0.1	0.065	0.05	0.025	0.02	0.01	0.06
0.09	0.17	0.18	0.18	0.125	0.03	0.045	0.04	0.06	0.03	0.01	0.04
0.135	0.145	0.18	0.175	0.135	0.06	0.04	0.015	0.025	0.03	0.015	0.045
0.13	0.235	0.19	0.155	0.09	0.025	0.03	0.035	0.035	0.02	0.025	0.03
0.095	0.14	0.22	0.16	0.115	0.085	0.065	0.02	0.005	0.025	0.015	0.055
0.14	0.155	0.15	0.22	0.095	0.075	0.065	0.03	0.04	0.005	0	0.025
0.17	0.195	0.195	0.13	0.12	0.055	0.04	0.03	0.03	0	0.005	0.03
0.155	0.19	0.22	0.14	0.08	0.045	0.045	0.04	0.03	0.02	0.015	0.02
0.2	0.22	0.195	0.135	0.085	0.03	0.04	0.025	0.025	0.005	0.02	0.02
0.13	0.185	0.25	0.185	0.09	0.055	0.04	0.015	0.01	0.005	0	0.035
0.1	0.175	0.27	0.19	0.1	0.075	0.025	0.025	0.01	0.01	0.005	0.015
0.14	0.175	0.205	0.24	0.095	0.045	0.05	0.02	0.01	0.01	0	0.01
0.15	0.19	0.205	0.14	0.135	0.08	0.05	0.02	0.005	0	0.01	0.015
0.16	0.23	0.19	0.185	0.07	0.08	0.04	0.01	0.01	0.01	0.005	0.01
#wt_age_fsh	1 2	3	4	5	6	7	8	9	10	11						
0.000530656	0.001196328	0.002058265	0.003034987	0.004055212	0.005064698	0.006026226	0.006916921	0.007724891	0.008446113	0.009081853	0.009636695
0.000530656	0.001196328	0.002058265	0.003034987	0.004055212	0.005064698	0.006026226	0.006916921	0.007724891	0.008446113	0.009081853	0.009636695
0.000530656	0.001196328	0.002058265	0.003034987	0.004055212	0.005064698	0.006026226	0.006916921	0.007724891	0.008446113	0.009081853	0.009636695
0.000530656	0.001196328	0.002058265	0.003034987	0.004055212	0.005064698	0.006026226	0.006916921	0.007724891	0.008446113	0.009081853	0.009636695
0.000530656	0.001196328	0.002058265	0.003034987	0.004055212	0.005064698	0.006026226	0.006916921	0.007724891	0.008446113	0.009081853	0.009636695
0.000530656	0.001196328	0.002058265	0.003034987	0.004055212	0.005064698	0.006026226	0.006916921	0.007724891	0.008446113	0.009081853	0.009636695
0.000530656	0.001196328	0.002058265	0.003034987	0.004055212	0.005064698	0.006026226	0.006916921	0.007724891	0.008446113	0.009081853	0.009636695
0.000530656	0.001196328	0.002058265	0.003034987	0.004055212	0.005064698	0.006026226	0.006916921	0.007724891	0.008446113	0.009081853	0.009636695
0.000530656	0.001196328	0.002058265	0.003034987	0.004055212	0.005064698	0.006026226	0.006916921	0.007724891	0.008446113	0.009081853	0.009636695
0.000530656	0.001196328	0.002058265	0.003034987	0.004055212	0.005064698	0.006026226	0.006916921	0.007724891	0.008446113	0.009081853	0.009636695
0.000530656	0.001196328	0.002058265	0.003034987	0.004055212	0.005064698	0.006026226	0.006916921	0.007724891	0.008446113	0.009081853	0.009636695
0.000530656	0.001196328	0.002058265	0.003034987	0.004055212	0.005064698	0.006026226	0.006916921	0.007724891	0.008446113	0.009081853	0.009636695
0.000530656	0.001196328	0.002058265	0.003034987	0.004055212	0.005064698	0.006026226	0.006916921	0.007724891	0.008446113	0.009081853	0.009636695
0.000530656	0.001196328	0.002058265	0.003034987	0.004055212	0.005064698	0.006026226	0.006916921	0.007724891	0.008446113	0.009081853	0.009636695
0.000530656	0.001196328	0.002058265	0.003034987	0.004055212	0.005064698	0.006026226	0.006916921	0.007724891	0.008446113	0.009081853	0.009636695
0.000530656	0.001196328	0.002058265	0.003034987	0.004055212	0.005064698	0.006026226	0.006916921	0.007724891	0.008446113	0.009081853	0.009636695
0.000530656	0.001196328	0.002058265	0.003034987	0.004055212	0.005064698	0.006026226	0.006916921	0.007724891	0.008446113	0.009081853	0.009636695
0.000530656	0.001196328	0.002058265	0.003034987	0.004055212	0.005064698	0.006026226	0.006916921	0.007724891	0.008446113	0.009081853	0.009636695
0.000530656	0.001196328	0.002058265	0.003034987	0.004055212	0.005064698	0.006026226	0.006916921	0.007724891	0.008446113	0.009081853	0.009636695
0.000530656	0.001196328	0.002058265	0.003034987	0.004055212	0.005064698	0.006026226	0.006916921	0.007724891	0.008446113	0.009081853	0.009636695
0.000530656	0.001196328	0.002058265	0.003034987	0.004055212	0.005064698	0.006026226	0.006916921	0.007724891	0.008446113	0.009081853	0.009636695
0.000530656	0.001196328	0.002058265	0.003034987	0.004055212	0.005064698	0.006026226	0.006916921	0.007724891	0.008446113	0.009081853	0.009636695
0.000530656	0.001196328	0.002058265	0.003034987	0.004055212	0.005064698	0.006026226	0.006916921	0.007724891	0.008446113	0.009081853	0.009636695
0.000530656	0.001196328	0.002058265	0.003034987	0.004055212	0.005064698	0.006026226	0.006916921	0.007724891	0.008446113	0.009081853	0.009636695
0.000530656	0.001196328	0.002058265	0.003034987	0.004055212	0.005064698	0.006026226	0.006916921	0.007724891	0.008446113	0.009081853	0.009636695
0.000530656	0.001196328	0.002058265	0.003034987	0.004055212	0.005064698	0.006026226	0.006916921	0.007724891	0.008446113	0.009081853	0.009636695
0.000530656	0.001196328	0.002058265	0.003034987	0.004055212	0.005064698	0.006026226	0.006916921	0.007724891	0.008446113	0.009081853	0.009636695
0.000530656	0.001196328	0.002058265	0.003034987	0.004055212	0.005064698	0.006026226	0.006916921	0.007724891	0.008446113	0.009081853	0.009636695
0.000530656	0.001196328	0.002058265	0.003034987	0.004055212	0.005064698	0.006026226	0.006916921	0.007724891	0.008446113	0.009081853	0.009636695
0.000530656	0.001196328	0.002058265	0.003034987	0.004055212	0.005064698	0.006026226	0.006916921	0.007724891	0.008446113	0.009081853	0.009636695
#nind
1
#ind_names									
SURVEY1									
#nobs_ind
30
#yrs_ind											
1	2	3	4	5	6	7	8	9	10	11	12	13	14	15	16	17	18	19	20	21	22	23	24	25	26	27	28	29	30	
#month_ind										
1															
#biom_ind											
1.62932845940007	1.47635663078924	1.52360262622433	1.40336512069517	1.27732731207461	1.35475827789462	1.21662747754064	1.28602102498271	1.41517595400057	1.3170006689512	0.998063138098399	1.1697555744792	0.996784153255271	0.933241286117671	1.09532916037704	1.1169075049394	0.961694730793284	1.07413377442078	0.867363015854336	0.725576910359675	0.594896903706797	0.7115542690206	0.737237151487407	0.575649152830483	0.629322187878665	0.637107193517722	0.65319969556524	0.609845180975405	0.58906612376844	0.627729646116999
#biom_cv																
0.325865691880015	0.295271326157847	0.304720525244867	0.280673024139034	0.255465462414922	0.270951655578923	0.243325495508128	0.257204204996542	0.283035190800115	0.263400133790241	0.19961262761968	0.233951114895841	0.199356830651054	0.186648257223534	0.219065832075408	0.22338150098788	0.192338946158657	0.214826754884156	0.173472603170867	0.145115382071935	0.118979380741359	0.14231085380412	0.147447430297481	0.115129830566097	0.125864437575733	0.127421438703544	0.130639939113048	0.121969036195081	0.117813224753688	0.1255459292234
#n_ages_ind															
30			
#n_lengths_ind															
0															
#yrs_ages_ind															
1	2	3	4	5	6	7	8	9	10	11	12	13	14	15	16	17	18	19	20	21	22	23	24	25	26	27	28	29	30	
#sample_ages_ind					
200	200	200	200	200	200	200	200	200	200	200	200	200	200	200	200	200	200	200	200	200	200	200	200	200	200	200	200	200	200
#page_ind						
0.06	0.115	0.175	0.14	0.105	0.075	0.06	0.01	0.045	0.035	0.04	0.14
0.065	0.1	0.175	0.18	0.09	0.095	0.055	0.025	0.055	0.025	0.025	0.11
0.06	0.14	0.18	0.125	0.12	0.055	0.055	0.03	0.02	0.065	0.03	0.12
0.035	0.095	0.2	0.13	0.1	0.1	0.075	0.055	0.065	0.025	0.015	0.105
0.085	0.11	0.12	0.1	0.11	0.085	0.08	0.035	0.035	0.045	0.03	0.165
0.135	0.155	0.14	0.075	0.085	0.075	0.085	0.035	0.07	0.03	0.005	0.11
0.075	0.135	0.235	0.13	0.095	0.08	0.06	0.055	0.02	0.025	0.02	0.07
0.05	0.16	0.2	0.17	0.08	0.04	0.055	0.065	0.03	0.01	0.025	0.115
0.115	0.155	0.15	0.14	0.145	0.075	0.04	0.055	0.015	0.015	0.025	0.07
0.06	0.215	0.155	0.085	0.145	0.12	0.03	0.02	0.05	0.025	0.035	0.06
0.08	0.21	0.225	0.105	0.085	0.09	0.05	0.045	0.01	0.02	0	0.08
0.065	0.175	0.165	0.225	0.05	0.055	0.045	0.045	0.02	0.035	0.03	0.09
0.065	0.17	0.19	0.125	0.18	0.07	0.035	0.065	0.03	0.015	0	0.055
0.06	0.09	0.27	0.165	0.11	0.1	0.055	0.02	0.04	0.015	0.005	0.07
0.11	0.135	0.115	0.195	0.135	0.1	0.075	0.035	0.025	0.02	0.015	0.04
0.11	0.195	0.11	0.065	0.15	0.09	0.075	0.095	0.025	0.02	0.025	0.04
0.09	0.18	0.27	0.11	0.065	0.07	0.065	0.03	0.045	0.015	0.015	0.045
0.105	0.22	0.22	0.155	0.06	0.075	0.045	0.03	0.02	0.05	0.005	0.015
0.095	0.155	0.265	0.125	0.16	0.055	0.025	0.03	0.03	0.015	0.01	0.035
0.08	0.205	0.185	0.21	0.115	0.07	0.05	0.015	0.015	0.015	0.015	0.025
0.1	0.16	0.185	0.175	0.125	0.09	0.07	0.035	0.015	0.01	0.01	0.025
0.125	0.26	0.155	0.17	0.09	0.075	0.025	0.02	0.025	0.02	0.015	0.02
0.125	0.27	0.195	0.13	0.08	0.07	0.03	0.04	0.015	0.01	0.005	0.03
0.105	0.265	0.225	0.135	0.07	0.065	0.045	0.05	0.01	0.02	0	0.01
0.165	0.26	0.2	0.13	0.065	0.055	0.045	0.03	0.015	0.01	0.005	0.02
0.075	0.34	0.255	0.125	0.12	0.01	0.03	0.005	0.02	0.005	0.01	0.005
0.09	0.225	0.305	0.145	0.085	0.065	0.01	0.025	0.015	0.005	0.005	0.025
0.115	0.33	0.16	0.185	0.085	0.075	0.03	0.01	0	0.005	0.005	0
0.12	0.21	0.225	0.135	0.12	0.09	0.04	0.025	0.015	0.005	0.01	0.005
0.11	0.21	0.205	0.205	0.075	0.075	0.03	0.03	0.03	0.01	0.005	0.015
#wt_age_ind						
1 1 1 1 1 1 1 1 1 1 1 1 
1 1 1 1 1 1 1 1 1 1 1 1 
1 1 1 1 1 1 1 1 1 1 1 1 
1 1 1 1 1 1 1 1 1 1 1 1 
1 1 1 1 1 1 1 1 1 1 1 1 
1 1 1 1 1 1 1 1 1 1 1 1 
1 1 1 1 1 1 1 1 1 1 1 1 
1 1 1 1 1 1 1 1 1 1 1 1 
1 1 1 1 1 1 1 1 1 1 1 1 
1 1 1 1 1 1 1 1 1 1 1 1 
1 1 1 1 1 1 1 1 1 1 1 1 
1 1 1 1 1 1 1 1 1 1 1 1 
1 1 1 1 1 1 1 1 1 1 1 1 
1 1 1 1 1 1 1 1 1 1 1 1 
1 1 1 1 1 1 1 1 1 1 1 1 
1 1 1 1 1 1 1 1 1 1 1 1 
1 1 1 1 1 1 1 1 1 1 1 1 
1 1 1 1 1 1 1 1 1 1 1 1 
1 1 1 1 1 1 1 1 1 1 1 1 
1 1 1 1 1 1 1 1 1 1 1 1 
1 1 1 1 1 1 1 1 1 1 1 1 
1 1 1 1 1 1 1 1 1 1 1 1 
1 1 1 1 1 1 1 1 1 1 1 1 
1 1 1 1 1 1 1 1 1 1 1 1 
1 1 1 1 1 1 1 1 1 1 1 1 
1 1 1 1 1 1 1 1 1 1 1 1 
1 1 1 1 1 1 1 1 1 1 1 1 
1 1 1 1 1 1 1 1 1 1 1 1 
1 1 1 1 1 1 1 1 1 1 1 1 
1 1 1 1 1 1 1 1 1 1 1 1 
# wt_pop
0.000530656	0.001196328	0.002058265	0.003034987	0.004055212	0.005064698	0.006026226	0.006916921	0.007724891	0.008446113	0.009081853	0.009636695
#maturity
0.02297737 0.32082130 0.90465054 0.99477987 0.99973881 0.99998699 0.99999935 0.99999997 1 1 1 1
#spmonth						
1		
#age_err						
1	0	0	0	0	0	0	0	0	0	0	0
0	1	0	0	0	0	0	0	0	0	0	0
0	0	1	0	0	0	0	0	0	0	0	0
0	0	0	1	0	0	0	0	0	0	0	0
0	0	0	0	1	0	0	0	0	0	0	0
0	0	0	0	0	1	0	0	0	0	0	0
0	0	0	0	0	0	1	0	0	0	0	0
0	0	0	0	0	0	0	1	0	0	0	0
0	0	0	0	0	0	0	0	1	0	0	0
0	0	0	0	0	0	0	0	0	1	0	0
0	0	0	0	0	0	0	0	0	0	1	0
0	0	0	0	0	0	0	0	0	0	0	1																														
