#######GENERAL HEADER INPUT#######
1
30
1
30
1
30
30
12
1	2	3	4	5	6	7	8	9	10	11	12
12
1	2	3	4	5	6	7	8	9	10	11	12
1
1001
1
1
#######SURVEY DATA#######
30
1	2	3	4	5	6	7	8	9	10	11	12	13	14	15	16	17	18	19	20	21	22	23	24	25	26	27	28	29	30
1.44295214959198	1.56145855504709	1.55278163886789	1.65489286721687	1.40980915622653	1.28223740367899	1.22802771184913	1.09187671731488	1.2294244601019	1.30370812709706	1.04666183186972	1.13252942177472	1.17144189053623	1.13613226219126	0.891571925870843	1.03162677855475	0.977261387459586	0.800538950148832	0.821607149000252	0.790415492938033	0.888517555757401	0.737468440086067	0.678618732835965	0.582767641910202	0.509125094107193	0.54335338978774	0.619167597228021	0.622678672755867	0.588447271508216	0.594926377379056
0.2	0.2	0.2	0.2	0.2	0.2	0.2	0.2	0.2	0.2	0.2	0.2	0.2	0.2	0.2	0.2	0.2	0.2	0.2	0.2	0.2	0.2	0.2	0.2	0.2	0.2	0.2	0.2	0.2	0.2
30
1	2	3	4	5	6	7	8	9	10	11	12	13	14	15	16	17	18	19	20	21	22	23	24	25	26	27	28	29	30
200	200	200	200	200	200	200	200	200	200	200	200	200	200	200	200	200	200	200	200	200	200	200	200	200	200	200	200	200	200
200	200	200	200	200	200	200	200	200	200	200	200	200	200	200	200	200	200	200	200	200	200	200	200	200	200	200	200	200	200
0.06	0.115	0.17	0.115	0.095	0.07	0.085	0.065	0.03	0.035	0.03	0.13
0.08	0.15	0.175	0.115	0.095	0.05	0.06	0.035	0.04	0.02	0.03	0.15
0.04	0.115	0.14	0.15	0.09	0.105	0.1	0.04	0.035	0.02	0.015	0.15
0.1	0.11	0.135	0.165	0.08	0.09	0.07	0.045	0.03	0.04	0.045	0.09
0.075	0.15	0.1	0.145	0.085	0.065	0.08	0.055	0.065	0.03	0.035	0.115
0.04	0.095	0.19	0.105	0.09	0.08	0.085	0.06	0.045	0.035	0.035	0.14
0.1	0.11	0.12	0.155	0.115	0.09	0.055	0.05	0.025	0.025	0.005	0.15
0.08	0.14	0.135	0.105	0.14	0.08	0.07	0.045	0.04	0.045	0.04	0.08
0.06	0.135	0.13	0.11	0.125	0.115	0.055	0.06	0.035	0.045	0.025	0.105
0.105	0.195	0.2	0.13	0.05	0.085	0.055	0.02	0.025	0.04	0.025	0.07
0.135	0.16	0.165	0.145	0.075	0.055	0.04	0.06	0.01	0.035	0.035	0.085
0.045	0.245	0.23	0.165	0.125	0.03	0.025	0.025	0.03	0.01	0.005	0.065
0.075	0.08	0.21	0.19	0.075	0.085	0.06	0.045	0.02	0.05	0.01	0.1
0.065	0.23	0.095	0.265	0.08	0.08	0.045	0.035	0.005	0.015	0.035	0.05
0.115	0.14	0.215	0.08	0.12	0.09	0.065	0.03	0.035	0.005	0.01	0.095
0.07	0.25	0.135	0.15	0.08	0.11	0.06	0.03	0.06	0.005	0.01	0.04
0.105	0.14	0.28	0.12	0.11	0.055	0.065	0.02	0.02	0.02	0.02	0.045
0.055	0.31	0.12	0.155	0.055	0.135	0.02	0.05	0.02	0.015	0.015	0.05
0.065	0.17	0.27	0.085	0.1	0.055	0.09	0.035	0.05	0.015	0.01	0.055
0.14	0.285	0.125	0.19	0.06	0.075	0.035	0.045	0.005	0.02	0.01	0.01
0.07	0.34	0.18	0.085	0.12	0.065	0.05	0.025	0.01	0	0.01	0.045
0.125	0.195	0.31	0.155	0.055	0.04	0.025	0.03	0.015	0.01	0.02	0.02
0.1	0.205	0.175	0.235	0.13	0.04	0.045	0.025	0.02	0.01	0.01	0.005
0.07	0.23	0.25	0.155	0.14	0.06	0.025	0.025	0.025	0.01	0.005	0.005
0.16	0.205	0.22	0.145	0.11	0.065	0.03	0.01	0.02	0.005	0.005	0.025
0.085	0.335	0.17	0.175	0.095	0.025	0.06	0.04	0	0.01	0.005	0
0.12	0.255	0.29	0.135	0.09	0.045	0.01	0.025	0.015	0.005	0.005	0.005
0.095	0.275	0.225	0.16	0.055	0.07	0.025	0.035	0.03	0.01	0	0.02
0.135	0.2	0.305	0.16	0.1	0.03	0.04	0.015	0.01	0	0	0.005
0.11	0.315	0.215	0.165	0.075	0.035	0.02	0.02	0.01	0.005	0.01	0.02
#######LANDINGS DATA#######
1
30
161.884770265809	461.662151225572	736.804333060789	958.300309493166	734.112131936956	1252.05291803185	1177.18376328707	2237.18053642727	1153.51996564322	1329.00661710082	1419.49022013834	1444.29175026378	1022.94145470488	1437.20636553124	1439.98397818481	1224.61562810502	2144.76921109809	1540.5172955392	1382.03386078847	1291.92841646092	1615.07154057359	1102.81932263292	1660.36461998219	1201.86588939363	1098.30032049429	957.408221440356	955.187195289559	1318.25891772582	964.335526720548	1421.05455966317
0.01	0.01	0.01	0.01	0.01	0.01	0.01	0.01	0.01	0.01	0.01	0.01	0.01	0.01	0.01	0.01	0.01	0.01	0.01	0.01	0.01	0.01	0.01	0.01	0.01	0.01	0.01	0.01	0.01	0.01
30
1	2	3	4	5	6	7	8	9	10	11	12	13	14	15	16	17	18	19	20	21	22	23	24	25	26	27	28	29	30
200	200	200	200	200	200	200	200	200	200	200	200	200	200	200	200	200	200	200	200	200	200	200	200	200	200	200	200	200	200
200	200	200	200	200	200	200	200	200	200	200	200	200	200	200	200	200	200	200	200	200	200	200	200	200	200	200	200	200	200
0.06	0.09	0.13	0.125	0.085	0.095	0.12	0.05	0.035	0.02	0.02	0.17
0.065	0.085	0.13	0.17	0.115	0.055	0.1	0.055	0.04	0.035	0.015	0.135
0.055	0.09	0.14	0.095	0.09	0.105	0.065	0.07	0.045	0.045	0.045	0.155
0.105	0.065	0.125	0.16	0.105	0.07	0.075	0.05	0.055	0.03	0.03	0.13
0.07	0.165	0.125	0.15	0.1	0.06	0.045	0.06	0.045	0.03	0.01	0.14
0.06	0.095	0.225	0.11	0.075	0.06	0.075	0.055	0.055	0.035	0.035	0.12
0.04	0.1	0.11	0.215	0.075	0.08	0.085	0.045	0.03	0.04	0.07	0.11
0.13	0.1	0.11	0.09	0.125	0.075	0.095	0.04	0.025	0.03	0.02	0.16
0.1	0.105	0.155	0.08	0.115	0.105	0.07	0.045	0.06	0.055	0.03	0.08
0.115	0.14	0.18	0.095	0.075	0.085	0.09	0.055	0.005	0.03	0.03	0.1
0.145	0.15	0.135	0.165	0.105	0.06	0.06	0.065	0.005	0.015	0.025	0.07
0.07	0.235	0.16	0.14	0.15	0.07	0.055	0.02	0.01	0.025	0.015	0.05
0.165	0.09	0.205	0.12	0.11	0.11	0.045	0.02	0.03	0.025	0.01	0.07
0.07	0.205	0.105	0.205	0.11	0.115	0.045	0.03	0.02	0.025	0.01	0.06
0.105	0.115	0.16	0.085	0.22	0.085	0.09	0.035	0.015	0.015	0.01	0.065
0.065	0.19	0.115	0.165	0.105	0.155	0.035	0.065	0.04	0.02	0.005	0.04
0.15	0.095	0.18	0.13	0.11	0.055	0.07	0.06	0.03	0.035	0.035	0.05
0.115	0.21	0.095	0.135	0.095	0.085	0.06	0.075	0.025	0.025	0.03	0.05
0.13	0.105	0.305	0.1	0.115	0.055	0.06	0.02	0.035	0.02	0.015	0.04
0.185	0.205	0.12	0.225	0.05	0.09	0.035	0.015	0.01	0.02	0.01	0.035
0.1	0.295	0.14	0.09	0.2	0.075	0.035	0.015	0.005	0.005	0.025	0.015
0.11	0.14	0.28	0.12	0.1	0.115	0.06	0.025	0.02	0.025	0	0.005
0.135	0.175	0.19	0.22	0.115	0.03	0.055	0.02	0.02	0.01	0	0.03
0.125	0.195	0.215	0.075	0.185	0.075	0.05	0.05	0.02	0	0	0.01
0.26	0.115	0.18	0.15	0.095	0.095	0.07	0	0.005	0.005	0.01	0.015
0.135	0.265	0.14	0.165	0.125	0.045	0.055	0.02	0.01	0.015	0	0.025
0.18	0.22	0.25	0.07	0.115	0.04	0.04	0.045	0.01	0.005	0.015	0.01
0.145	0.215	0.195	0.205	0.07	0.08	0.035	0.025	0.01	0.015	0	0.005
0.195	0.18	0.235	0.15	0.115	0.05	0.03	0.02	0.01	0.01	0	0.005
0.13	0.245	0.145	0.225	0.085	0.105	0.015	0.03	0	0.01	0.01	0
#######PARAMETER SECTION#######
800	400	1200	-4	800	-0.25	1
0.18	0.01	1	-4	0.18	-0.25	1
-1.36	-5	-0.001	-4	-1.36	-0.25	1
0.1	0.05	0.3	-4	0.1	-0.25	1
0.2	0.01	0.5	-4	0.2	-0.25	1
0.75	0.20001	1	-3	0.75	-0.25	1
13.815511	-1	200	1	13.815511	-0.25	1
0	-1	1	-4	0	-0.25	1
0.2	1e-04	1.2	-3	0.2	-0.25	1
0	-10	10	-6	0	-1	1
0	-10	10	-6	0	-1	1
2	0	12	2	2	-0.5	1
1	0	12	2	1	-0.5	1
2	0	12	-2	2	-0.5	1
1	0	12	-2	1	-0.5	1
1.5	0	12	2	1.5	-0.5	1
2	0	12	2	2	-0.5	1
-14.8364420946068	-30	5	1	-14.8364420946068	-1	1
1	0.1	2	-1	1	-1	1
-1.54399197800355	-10	1.39	1	-1.54399197800355	-1	1
#######DEV CONSTRAINTS and DEVS#######
-15	15	2
-15	15	2
-15	15	2
0	0	0	0	0	0	0	0	0	0	0	0	0	0	0	0	0	0	0	0	0	0	0	0	0	0	0	0	0	0
0	0	0	0	0	0	0	0	0	0	0	0	0	0	0	0	0	0	0	0	0	0	0	0	0	0	0	0	0	0
0	0	0	0	0	0	0	0	0	0	0
#######LIKELIHOOD WEIGHTS#######
1
1
1
1
0
1
0
0
0
#######MISCELLANEOUS STUFF SECTION#######
2.5e-08
3
0.5	0.5	0.5	0.5	0.5	0.5	0.5	0.5	0.5	0.5	0.5	0.5
0.0229773699100256	0.320821300824607	0.904650535100891	0.994779874306442	0.999738809680904	0.999986992871533	0.999999352405202	0.999999967758134	0.999999998394772	0.99999999992008	0.999999999996021	0.999999999999802
0.2	0.2	0.2	0.2	0.2	0.2	0.2	0.2	0.2	0.2	0.2	0.2
0
1
10
0.2
1
1	0	0	0	0	0	0	0	0	0	0	0
0	1	0	0	0	0	0	0	0	0	0	0
0	0	1	0	0	0	0	0	0	0	0	0
0	0	0	1	0	0	0	0	0	0	0	0
0	0	0	0	1	0	0	0	0	0	0	0
0	0	0	0	0	1	0	0	0	0	0	0
0	0	0	0	0	0	1	0	0	0	0	0
0	0	0	0	0	0	0	1	0	0	0	0
0	0	0	0	0	0	0	0	1	0	0	0
0	0	0	0	0	0	0	0	0	1	0	0
0	0	0	0	0	0	0	0	0	0	1	0
0	0	0	0	0	0	0	0	0	0	0	1
40
31
2
1
#######END OF DATA FILE#######
999
