# Number of parameters = 77  Objective function value = 26425.8  Maximum gradient component = 0.000790373
# sel_params[1]:
2.06043915888
# sel_params[2]:
1.05463076614
# log_Fmult_year1:
 -4.67057316352
# log_Fmult_devs:
 1.06051419778 0.478953174526 0.299910825904 -0.240756131671 0.587034151722 0.0172842584499 0.734759550960 -0.525781365571 0.191387762153 0.123378233204 0.0786541962033 -0.328408800985 0.379157719153 0.0578357479830 -0.0920324890951 0.671856544149 -0.183783976787 0.00434028136852 -0.000642810932090 0.333115060167 -0.312441332982 0.500989033679 -0.199104213588 -0.00473638749498 -0.0979086249790 -0.00978394589235 0.332943725499 -0.257527400332 0.458997093973
# log_recruit_devs:
 0.0890139087106 -0.224317894862 -0.0254974750327 0.193068856432 -0.0475611519840 -0.125415216528 -0.0705003963774 -0.147026464629 0.00157967080926 -0.155924250090 -0.300820436288 0.0846564758265 -0.0359244752757 0.0510242439547 0.123048737110 0.0333457529815 0.164770489717 -0.100505219807 -0.0602497222254 0.204974323110 0.106439023166 -0.0691347911051 -0.148907388941 0.195604733484 0.132793886587 -0.0534812245430 0.113166793104 -0.00168623354013 -0.0624770942480 0.135942540486
# log_N_year1_devs:
 0.158403487515 0.0332529921113 0.0828540511757 -0.0655070117706 -0.0127053337455 -0.113978896553 -0.0175010560631 -0.0422824788455 0.0134163106846 -0.558609429458 -0.0855104030126
# log_q_year1:
 -7.90530319282
# log_q_devs:
 0.00000000000 0.00000000000 0.00000000000 0.00000000000 0.00000000000 0.00000000000 0.00000000000 0.00000000000 0.00000000000 0.00000000000 0.00000000000 0.00000000000 0.00000000000 0.00000000000 0.00000000000 0.00000000000 0.00000000000 0.00000000000 0.00000000000 0.00000000000 0.00000000000 0.00000000000 0.00000000000 0.00000000000 0.00000000000 0.00000000000 0.00000000000 0.00000000000 0.00000000000
# index_sel_params[1]:
1.49322579249
# index_sel_params[2]:
0.514380861741
# log_SR_scaler:
6.85983873105
# SR_steepness:
0.750000000000
