#######GENERAL HEADER INPUT#######
1
30
1
30
1
30
30
12
1	2	3	4	5	6	7	8	9	10	11	12
12
1	2	3	4	5	6	7	8	9	10	11	12
1
1001
1
1
#######SURVEY DATA#######
30
1	2	3	4	5	6	7	8	9	10	11	12	13	14	15	16	17	18	19	20	21	22	23	24	25	26	27	28	29	30
1.14125146412446	1.43702507642242	1.17717249807869	1.32971152514018	1.0676941405718	1.35127706278127	1.46918028935723	1.59015674135819	1.4750808488833	1.52821298400967	1.28105541791607	0.970127618828312	0.968920027098825	0.9659849414427	1.03764574952385	0.841902912713486	0.94789109828754	0.720549432543415	0.877083051707144	0.880050022740622	0.852098667851521	0.825054946332052	0.640420953341262	0.607176053943236	0.697965882544319	0.830727129069529	0.652762846590387	0.654807806036435	0.502062044510069	0.479124049849532
0.2	0.2	0.2	0.2	0.2	0.2	0.2	0.2	0.2	0.2	0.2	0.2	0.2	0.2	0.2	0.2	0.2	0.2	0.2	0.2	0.2	0.2	0.2	0.2	0.2	0.2	0.2	0.2	0.2	0.2
30
1	2	3	4	5	6	7	8	9	10	11	12	13	14	15	16	17	18	19	20	21	22	23	24	25	26	27	28	29	30
200	200	200	200	200	200	200	200	200	200	200	200	200	200	200	200	200	200	200	200	200	200	200	200	200	200	200	200	200	200
200	200	200	200	200	200	200	200	200	200	200	200	200	200	200	200	200	200	200	200	200	200	200	200	200	200	200	200	200	200
0.045	0.13	0.155	0.135	0.06	0.085	0.06	0.075	0.085	0.02	0.015	0.135
0.045	0.13	0.185	0.105	0.095	0.06	0.055	0.06	0.05	0.03	0.025	0.16
0.035	0.115	0.115	0.125	0.1	0.115	0.055	0.055	0.05	0.065	0.025	0.145
0.07	0.095	0.09	0.155	0.14	0.105	0.075	0.075	0.035	0.03	0.035	0.095
0.18	0.075	0.085	0.085	0.095	0.135	0.065	0.09	0.045	0.015	0.02	0.11
0.1	0.265	0.115	0.03	0.06	0.065	0.07	0.05	0.055	0.045	0.025	0.12
0.085	0.2	0.31	0.06	0.045	0.02	0.055	0.045	0.03	0.03	0.005	0.115
0.095	0.11	0.3	0.2	0.035	0.035	0.03	0.035	0.04	0.03	0.035	0.055
0.045	0.165	0.205	0.195	0.17	0.03	0.015	0.03	0.035	0.015	0.025	0.07
0.1	0.1	0.19	0.135	0.16	0.155	0.025	0.02	0.02	0.02	0.015	0.06
0.055	0.25	0.14	0.115	0.09	0.11	0.1	0.025	0.04	0.005	0.005	0.065
0.05	0.15	0.275	0.105	0.085	0.07	0.09	0.07	0.02	0.01	0.01	0.065
0.065	0.145	0.15	0.185	0.065	0.095	0.08	0.07	0.06	0.015	0.01	0.06
0.13	0.145	0.135	0.13	0.15	0.075	0.04	0.045	0.055	0.035	0.01	0.05
0.07	0.19	0.17	0.08	0.105	0.13	0.065	0.05	0.045	0.035	0.01	0.05
0.135	0.12	0.22	0.085	0.07	0.07	0.09	0.05	0.05	0.015	0.035	0.06
0.02	0.245	0.185	0.2	0.085	0.045	0.05	0.06	0.035	0.02	0	0.055
0.1	0.095	0.335	0.11	0.11	0.025	0.035	0.04	0.05	0.015	0.02	0.065
0.17	0.19	0.075	0.26	0.065	0.045	0.025	0.035	0.01	0.04	0.01	0.075
0.13	0.34	0.175	0.07	0.11	0.05	0.045	0.02	0.01	0.005	0.015	0.03
0.055	0.225	0.335	0.135	0.02	0.13	0.02	0.01	0.015	0	0	0.055
0.085	0.09	0.275	0.285	0.1	0.015	0.065	0.02	0.025	0.005	0.025	0.01
0.16	0.12	0.13	0.205	0.205	0.085	0.03	0.03	0.02	0.01	0	0.005
0.06	0.425	0.125	0.07	0.105	0.12	0.035	0	0.025	0.01	0.01	0.015
0.22	0.18	0.38	0.055	0.025	0.07	0.025	0.03	0	0.005	0	0.01
0.11	0.415	0.135	0.185	0.03	0.025	0.005	0.045	0.03	0.01	0.01	0
0.11	0.2	0.37	0.105	0.13	0.01	0.01	0.025	0.01	0.015	0.005	0.01
0.115	0.18	0.2	0.29	0.075	0.11	0	0.005	0.015	0.01	0	0
0.075	0.235	0.24	0.12	0.185	0.04	0.045	0.02	0.01	0.005	0.02	0.005
0.195	0.125	0.245	0.12	0.125	0.125	0.03	0.01	0.01	0	0.015	0
#######LANDINGS DATA#######
1
30
161.425762337174	461.90209567432	737.267675675785	933.395531617812	706.527980368854	1241.64700682884	1240.82097450617	2570.22923971766	1433.85964004981	1699.63075928481	1861.59964336346	1875.78983006782	1277.25396778167	1737.58425646072	1698.35703611315	1426.92599985285	2509.24002020541	1764.16321871073	1595.44348970906	1508.19483484427	2012.88148020569	1341.28752558742	1994.16378040155	1460.30533399886	1415.43275769871	1331.18645774505	1354.44290853011	1804.77092298302	1246.52137562058	1695.88947837991
0.01	0.01	0.01	0.01	0.01	0.01	0.01	0.01	0.01	0.01	0.01	0.01	0.01	0.01	0.01	0.01	0.01	0.01	0.01	0.01	0.01	0.01	0.01	0.01	0.01	0.01	0.01	0.01	0.01	0.01
30
1	2	3	4	5	6	7	8	9	10	11	12	13	14	15	16	17	18	19	20	21	22	23	24	25	26	27	28	29	30
200	200	200	200	200	200	200	200	200	200	200	200	200	200	200	200	200	200	200	200	200	200	200	200	200	200	200	200	200	200
200	200	200	200	200	200	200	200	200	200	200	200	200	200	200	200	200	200	200	200	200	200	200	200	200	200	200	200	200	200
0.08	0.115	0.13	0.12	0.135	0.11	0.075	0.03	0.04	0.055	0.015	0.095
0.045	0.115	0.14	0.105	0.11	0.07	0.07	0.065	0.055	0.04	0.05	0.135
0.065	0.095	0.15	0.11	0.13	0.1	0.065	0.065	0.04	0.035	0.015	0.13
0.06	0.065	0.145	0.135	0.11	0.085	0.05	0.07	0.035	0.065	0.025	0.155
0.19	0.025	0.075	0.1	0.1	0.11	0.065	0.035	0.07	0.05	0.04	0.14
0.105	0.245	0.065	0.065	0.095	0.07	0.03	0.065	0.055	0.05	0.04	0.115
0.065	0.16	0.265	0.04	0.055	0.04	0.075	0.05	0.045	0.055	0.04	0.11
0.1	0.125	0.215	0.235	0.05	0.05	0.03	0.035	0.025	0.035	0.02	0.08
0.085	0.12	0.14	0.15	0.205	0.045	0.045	0.02	0.035	0.03	0.03	0.095
0.13	0.12	0.12	0.175	0.14	0.09	0.015	0.025	0.04	0.03	0.045	0.07
0.085	0.19	0.115	0.09	0.085	0.14	0.16	0.015	0.02	0.025	0.02	0.055
0.08	0.105	0.2	0.12	0.12	0.06	0.1	0.08	0.02	0.01	0.005	0.1
0.085	0.075	0.14	0.175	0.08	0.065	0.095	0.09	0.065	0.025	0.02	0.085
0.12	0.095	0.095	0.15	0.16	0.1	0.085	0.02	0.065	0.04	0.01	0.06
0.05	0.2	0.1	0.07	0.085	0.19	0.09	0.05	0.03	0.04	0.055	0.04
0.175	0.13	0.205	0.1	0.075	0.055	0.09	0.04	0.055	0.03	0.02	0.025
0.045	0.2	0.165	0.2	0.065	0.035	0.07	0.075	0.045	0.03	0.01	0.06
0.09	0.06	0.35	0.13	0.17	0.015	0.05	0.025	0.05	0.01	0.005	0.045
0.165	0.145	0.065	0.225	0.11	0.135	0.04	0.025	0.02	0.02	0.01	0.04
0.145	0.25	0.2	0.035	0.18	0.04	0.045	0.03	0	0.025	0.03	0.02
0.085	0.145	0.3	0.13	0.05	0.11	0.05	0.025	0.015	0.02	0.015	0.055
0.075	0.14	0.225	0.26	0.105	0.025	0.08	0.03	0.02	0.005	0.005	0.03
0.205	0.085	0.095	0.18	0.18	0.085	0.015	0.065	0.04	0.02	0	0.03
0.11	0.43	0.09	0.085	0.08	0.11	0.035	0.005	0.035	0.01	0.005	0.005
0.245	0.11	0.34	0.065	0.055	0.055	0.06	0.02	0	0.025	0.01	0.015
0.1	0.335	0.135	0.225	0.07	0.035	0.025	0.045	0.01	0	0.015	0.005
0.12	0.185	0.395	0.065	0.15	0.015	0.015	0.015	0.02	0.005	0.005	0.01
0.125	0.17	0.16	0.265	0.07	0.13	0.015	0.005	0.02	0.015	0	0.025
0.08	0.21	0.18	0.165	0.2	0.035	0.085	0.015	0.01	0.005	0	0.015
0.305	0.135	0.165	0.12	0.1	0.095	0.035	0.015	0	0.005	0.01	0.015
#######PARAMETER SECTION#######
800	400	1200	-4	800	-0.25	1
0.18	0.01	1	-4	0.18	-0.25	1
-1.36	-5	-0.001	-4	-1.36	-0.25	1
0.1	0.05	0.3	-4	0.1	-0.25	1
0.2	0.01	0.5	-4	0.2	-0.25	1
0.75	0.20001	1	-3	0.75	-0.25	1
13.815511	-1	200	1	13.815511	-0.25	1
0	-1	1	-4	0	-0.25	1
0.6	1e-04	1.2	-3	0.6	-0.25	1
0	-10	10	-6	0	-1	1
0	-10	10	-6	0	-1	1
2	0	12	2	2	-0.5	1
1	0	12	2	1	-0.5	1
2	0	12	-2	2	-0.5	1
1	0	12	-2	1	-0.5	1
1.5	0	12	2	1.5	-0.5	1
2	0	12	2	2	-0.5	1
-14.9992107314572	-30	5	1	-14.9992107314572	-1	1
1	0.1	2	-1	1	-1	1
-1.54399197800355	-10	1.39	1	-1.54399197800355	-1	1
#######DEV CONSTRAINTS and DEVS#######
-15	15	2
-15	15	2
-15	15	2
0	0	0	0	0	0	0	0	0	0	0	0	0	0	0	0	0	0	0	0	0	0	0	0	0	0	0	0	0	0
0	0	0	0	0	0	0	0	0	0	0	0	0	0	0	0	0	0	0	0	0	0	0	0	0	0	0	0	0	0
0	0	0	0	0	0	0	0	0	0	0
#######LIKELIHOOD WEIGHTS#######
1
1
1
1
0
1
0
0
0
#######MISCELLANEOUS STUFF SECTION#######
2.5e-08
3
0.5	0.5	0.5	0.5	0.5	0.5	0.5	0.5	0.5	0.5	0.5	0.5
0.0229773699100256	0.320821300824607	0.904650535100891	0.994779874306442	0.999738809680904	0.999986992871533	0.999999352405202	0.999999967758134	0.999999998394772	0.99999999992008	0.999999999996021	0.999999999999802
0.2	0.2	0.2	0.2	0.2	0.2	0.2	0.2	0.2	0.2	0.2	0.2
0
1
10
0.2
1
1	0	0	0	0	0	0	0	0	0	0	0
0	1	0	0	0	0	0	0	0	0	0	0
0	0	1	0	0	0	0	0	0	0	0	0
0	0	0	1	0	0	0	0	0	0	0	0
0	0	0	0	1	0	0	0	0	0	0	0
0	0	0	0	0	1	0	0	0	0	0	0
0	0	0	0	0	0	1	0	0	0	0	0
0	0	0	0	0	0	0	1	0	0	0	0
0	0	0	0	0	0	0	0	1	0	0	0
0	0	0	0	0	0	0	0	0	1	0	0
0	0	0	0	0	0	0	0	0	0	1	0
0	0	0	0	0	0	0	0	0	0	0	1
40
31
2
1
#######END OF DATA FILE#######
999
