# Number of parameters = 77  Objective function value = 25990.3  Maximum gradient component = 0.00390953
# sel_params[1]:
2.09290583515
# sel_params[2]:
0.971161994324
# log_Fmult_year1:
 -4.60578451637
# log_Fmult_devs:
 1.03908437382 0.498640132338 0.295196559369 -0.232349185562 0.580596494121 -0.00502958044869 0.755814924601 -0.556474547344 0.208198146440 0.125439967380 0.0815948847672 -0.320607714805 0.383266439111 0.0578485588290 -0.107985043991 0.675829022460 -0.197191176844 0.00792818996432 -0.0119328463623 0.327028840623 -0.316248706220 0.507272683716 -0.183782957333 0.00401422648963 -0.0950126065409 -0.0147365560123 0.339208858970 -0.265644933477 0.411411422713
# log_recruit_devs:
 -0.0932881063543 -0.243253970743 -0.279112118276 -0.313617535744 0.602179741845 0.361687222581 0.189320599678 0.0439338594661 -0.156235438516 0.310795593899 -0.0852579466467 -0.272213072789 -0.285743703492 0.138632146107 -0.0762130119676 0.296160204088 -0.752614082784 -0.0446063536408 0.430240247756 0.131468620842 -0.293240492766 -0.414835069580 0.419747320457 -0.130191675296 0.516241657769 -0.0941042131824 0.0655396393914 -0.0257259414765 -0.370635536913 0.424941416291
# log_N_year1_devs:
 0.0331385531514 0.0135564239986 -0.00973111830047 -0.115065619366 -0.0873886312309 -0.0966912680261 -0.0175652310497 0.0179128184095 -0.471640193309 0.0505070943002 -0.215647147363
# log_q_year1:
 -8.02320652319
# log_q_devs:
 0.00000000000 0.00000000000 0.00000000000 0.00000000000 0.00000000000 0.00000000000 0.00000000000 0.00000000000 0.00000000000 0.00000000000 0.00000000000 0.00000000000 0.00000000000 0.00000000000 0.00000000000 0.00000000000 0.00000000000 0.00000000000 0.00000000000 0.00000000000 0.00000000000 0.00000000000 0.00000000000 0.00000000000 0.00000000000 0.00000000000 0.00000000000 0.00000000000 0.00000000000
# index_sel_params[1]:
1.53834263264
# index_sel_params[2]:
0.545044756921
# log_SR_scaler:
6.95888564794
# SR_steepness:
0.750000000000
