#styr												
1
#endyr												
30
#rec_age										
1															
#n_ages										
12
# numbers of length intervals
81
#Length	bin
10	11	12	13	14	15	16	17	18	19	20	21	22	23	24	25	26	27	28	29	30	31	32	33	34	35	36	37	38	39	40	41	42	43	44	45	46	47	48	49	50	51	52	53	54	55	56	57	58	59	60	61	62	63	64	65	66	67	68	69	70	71	72	73	74	75	76	77	78	79	80	81	82	83	84	85	86	87	88	89	90
#nfsh
1
#names_fsh
FLEET1												
#catch												
160.842634953163	463.39097426605	749.581533467352	964.12144368861	742.332680625395	1282.10663349061	1217.03523665502	2308.50594620404	1222.16590271387	1391.80458555924	1462.33156344838	1447.18756661331	997.508508910859	1385.49746292883	1389.20494677312	1179.61172647971	2095.16600006308	1489.32325851331	1339.86539822407	1220.19975585788	1542.96039813609	1024.93134825442	1557.64750008488	1125.35549108567	1051.57546168436	948.52904278133	938.318966082899	1275.54932480213	956.61869983528	1336.41497601514
#catch_cv											
0.01	0.01	0.01	0.01	0.01	0.01	0.01	0.01	0.01	0.01	0.01	0.01	0.01	0.01	0.01	0.01	0.01	0.01	0.01	0.01	0.01	0.01	0.01	0.01	0.01	0.01	0.01	0.01	0.01	0.01
#n_ages_fsh								
30		
#n_lengths_fsh								
0															
#yrs_ages_fsh								
1	2	3	4	5	6	7	8	9	10	11	12	13	14	15	16	17	18	19	20	21	22	23	24	25	26	27	28	29	30	
#sample_ages_fsh							
200	200	200	200	200	200	200	200	200	200	200	200	200	200	200	200	200	200	200	200	200	200	200	200	200	200	200	200	200	200
#page_fsh	2	3	4	5	6	7	8	9	10	11						
0.06	0.1	0.105	0.12	0.105	0.11	0.095	0.06	0.045	0.035	0.06	0.105
0.075	0.1	0.16	0.125	0.095	0.11	0.035	0.075	0.03	0.035	0.015	0.145
0.055	0.135	0.125	0.105	0.1	0.08	0.095	0.05	0.05	0.055	0.025	0.125
0.045	0.105	0.18	0.13	0.075	0.075	0.065	0.05	0.03	0.03	0.04	0.175
0.06	0.165	0.11	0.12	0.075	0.07	0.06	0.065	0.055	0.05	0.005	0.165
0.04	0.075	0.2	0.095	0.1	0.13	0.085	0.075	0.04	0.045	0.025	0.09
0.105	0.12	0.1	0.14	0.095	0.105	0.03	0.06	0.025	0.035	0.045	0.14
0.095	0.11	0.125	0.105	0.115	0.1	0.05	0.075	0.05	0.04	0.03	0.105
0.09	0.145	0.135	0.12	0.095	0.09	0.1	0.04	0.035	0.03	0.02	0.1
0.065	0.1	0.115	0.13	0.08	0.095	0.1	0.05	0.04	0.045	0.045	0.135
0.105	0.105	0.17	0.185	0.115	0.035	0.05	0.055	0.035	0.03	0.035	0.08
0.065	0.145	0.125	0.185	0.15	0.045	0.06	0.035	0.04	0.025	0.03	0.095
0.18	0.14	0.13	0.08	0.115	0.105	0.05	0.045	0.02	0.05	0.015	0.07
0.1	0.17	0.13	0.195	0.1	0.065	0.11	0.05	0.015	0.01	0.02	0.035
0.125	0.165	0.15	0.14	0.095	0.07	0.055	0.045	0.035	0.02	0.01	0.09
0.12	0.135	0.135	0.19	0.11	0.07	0.055	0.035	0.045	0.015	0.015	0.075
0.11	0.125	0.17	0.13	0.155	0.075	0.07	0.045	0.035	0.02	0.01	0.055
0.11	0.155	0.16	0.145	0.105	0.1	0.055	0.04	0.02	0.01	0.02	0.08
0.145	0.115	0.145	0.165	0.09	0.1	0.075	0.05	0.015	0.03	0.005	0.065
0.145	0.185	0.215	0.12	0.085	0.065	0.07	0.03	0.03	0.02	0	0.035
0.135	0.2	0.165	0.11	0.14	0.05	0.09	0.02	0.03	0.01	0.005	0.045
0.105	0.22	0.21	0.145	0.07	0.055	0.065	0.035	0.03	0.02	0.015	0.03
0.15	0.165	0.165	0.165	0.1	0.065	0.08	0.02	0.02	0.015	0.01	0.045
0.185	0.185	0.205	0.12	0.115	0.04	0.065	0.025	0	0.01	0.015	0.035
0.21	0.21	0.175	0.115	0.12	0.04	0.055	0.025	0.025	0.01	0.005	0.01
0.2	0.125	0.235	0.135	0.13	0.08	0.04	0.035	0.005	0	0	0.015
0.175	0.2	0.225	0.215	0.065	0.035	0.045	0.025	0	0	0.005	0.01
0.16	0.245	0.205	0.105	0.125	0.055	0.04	0.015	0.035	0	0.015	0
0.055	0.21	0.29	0.12	0.15	0.075	0.05	0.02	0.005	0.01	0	0.015
0.135	0.205	0.235	0.135	0.115	0.09	0.05	0.015	0.005	0	0.015	0
#wt_age_fsh	1 2	3	4	5	6	7	8	9	10	11						
0.000530656	0.001196328	0.002058265	0.003034987	0.004055212	0.005064698	0.006026226	0.006916921	0.007724891	0.008446113	0.009081853	0.009636695
0.000530656	0.001196328	0.002058265	0.003034987	0.004055212	0.005064698	0.006026226	0.006916921	0.007724891	0.008446113	0.009081853	0.009636695
0.000530656	0.001196328	0.002058265	0.003034987	0.004055212	0.005064698	0.006026226	0.006916921	0.007724891	0.008446113	0.009081853	0.009636695
0.000530656	0.001196328	0.002058265	0.003034987	0.004055212	0.005064698	0.006026226	0.006916921	0.007724891	0.008446113	0.009081853	0.009636695
0.000530656	0.001196328	0.002058265	0.003034987	0.004055212	0.005064698	0.006026226	0.006916921	0.007724891	0.008446113	0.009081853	0.009636695
0.000530656	0.001196328	0.002058265	0.003034987	0.004055212	0.005064698	0.006026226	0.006916921	0.007724891	0.008446113	0.009081853	0.009636695
0.000530656	0.001196328	0.002058265	0.003034987	0.004055212	0.005064698	0.006026226	0.006916921	0.007724891	0.008446113	0.009081853	0.009636695
0.000530656	0.001196328	0.002058265	0.003034987	0.004055212	0.005064698	0.006026226	0.006916921	0.007724891	0.008446113	0.009081853	0.009636695
0.000530656	0.001196328	0.002058265	0.003034987	0.004055212	0.005064698	0.006026226	0.006916921	0.007724891	0.008446113	0.009081853	0.009636695
0.000530656	0.001196328	0.002058265	0.003034987	0.004055212	0.005064698	0.006026226	0.006916921	0.007724891	0.008446113	0.009081853	0.009636695
0.000530656	0.001196328	0.002058265	0.003034987	0.004055212	0.005064698	0.006026226	0.006916921	0.007724891	0.008446113	0.009081853	0.009636695
0.000530656	0.001196328	0.002058265	0.003034987	0.004055212	0.005064698	0.006026226	0.006916921	0.007724891	0.008446113	0.009081853	0.009636695
0.000530656	0.001196328	0.002058265	0.003034987	0.004055212	0.005064698	0.006026226	0.006916921	0.007724891	0.008446113	0.009081853	0.009636695
0.000530656	0.001196328	0.002058265	0.003034987	0.004055212	0.005064698	0.006026226	0.006916921	0.007724891	0.008446113	0.009081853	0.009636695
0.000530656	0.001196328	0.002058265	0.003034987	0.004055212	0.005064698	0.006026226	0.006916921	0.007724891	0.008446113	0.009081853	0.009636695
0.000530656	0.001196328	0.002058265	0.003034987	0.004055212	0.005064698	0.006026226	0.006916921	0.007724891	0.008446113	0.009081853	0.009636695
0.000530656	0.001196328	0.002058265	0.003034987	0.004055212	0.005064698	0.006026226	0.006916921	0.007724891	0.008446113	0.009081853	0.009636695
0.000530656	0.001196328	0.002058265	0.003034987	0.004055212	0.005064698	0.006026226	0.006916921	0.007724891	0.008446113	0.009081853	0.009636695
0.000530656	0.001196328	0.002058265	0.003034987	0.004055212	0.005064698	0.006026226	0.006916921	0.007724891	0.008446113	0.009081853	0.009636695
0.000530656	0.001196328	0.002058265	0.003034987	0.004055212	0.005064698	0.006026226	0.006916921	0.007724891	0.008446113	0.009081853	0.009636695
0.000530656	0.001196328	0.002058265	0.003034987	0.004055212	0.005064698	0.006026226	0.006916921	0.007724891	0.008446113	0.009081853	0.009636695
0.000530656	0.001196328	0.002058265	0.003034987	0.004055212	0.005064698	0.006026226	0.006916921	0.007724891	0.008446113	0.009081853	0.009636695
0.000530656	0.001196328	0.002058265	0.003034987	0.004055212	0.005064698	0.006026226	0.006916921	0.007724891	0.008446113	0.009081853	0.009636695
0.000530656	0.001196328	0.002058265	0.003034987	0.004055212	0.005064698	0.006026226	0.006916921	0.007724891	0.008446113	0.009081853	0.009636695
0.000530656	0.001196328	0.002058265	0.003034987	0.004055212	0.005064698	0.006026226	0.006916921	0.007724891	0.008446113	0.009081853	0.009636695
0.000530656	0.001196328	0.002058265	0.003034987	0.004055212	0.005064698	0.006026226	0.006916921	0.007724891	0.008446113	0.009081853	0.009636695
0.000530656	0.001196328	0.002058265	0.003034987	0.004055212	0.005064698	0.006026226	0.006916921	0.007724891	0.008446113	0.009081853	0.009636695
0.000530656	0.001196328	0.002058265	0.003034987	0.004055212	0.005064698	0.006026226	0.006916921	0.007724891	0.008446113	0.009081853	0.009636695
0.000530656	0.001196328	0.002058265	0.003034987	0.004055212	0.005064698	0.006026226	0.006916921	0.007724891	0.008446113	0.009081853	0.009636695
0.000530656	0.001196328	0.002058265	0.003034987	0.004055212	0.005064698	0.006026226	0.006916921	0.007724891	0.008446113	0.009081853	0.009636695
#nind
1
#ind_names									
SURVEY1									
#nobs_ind
30
#yrs_ind											
1	2	3	4	5	6	7	8	9	10	11	12	13	14	15	16	17	18	19	20	21	22	23	24	25	26	27	28	29	30	
#month_ind										
1															
#biom_ind											
1.3893664336262	1.74580522241693	1.52860423170488	1.54252838349627	1.62416362519797	1.46767961949966	1.433950830698	1.28991127393909	1.09633022230404	1.20659565972251	0.957094786931164	1.36679246598253	0.895071598487017	1.06268515836554	1.05493968738644	1.02771589534104	1.03058371584344	0.698319272776977	0.841447671599385	0.693962623044573	0.807144335500008	0.521649671156394	0.588112806102027	0.579676049905359	0.620688815776666	0.584899181569044	0.728847376691835	0.74386289118807	0.689742981364145	0.454838553385802
#biom_cv																
0.277873286725239	0.349161044483387	0.305720846340976	0.308505676699254	0.324832725039593	0.293535923899931	0.2867901661396	0.257982254787818	0.219266044460808	0.241319131944502	0.191418957386233	0.273358493196507	0.179014319697403	0.212537031673108	0.210987937477288	0.205543179068208	0.206116743168687	0.139663854555395	0.168289534319877	0.138792524608915	0.161428867100002	0.104329934231279	0.117622561220405	0.115935209981072	0.124137763155333	0.116979836313809	0.145769475338367	0.148772578237614	0.137948596272829	0.0909677106771603
#n_ages_ind															
30			
#n_lengths_ind															
0															
#yrs_ages_ind															
1	2	3	4	5	6	7	8	9	10	11	12	13	14	15	16	17	18	19	20	21	22	23	24	25	26	27	28	29	30	
#sample_ages_ind					
200	200	200	200	200	200	200	200	200	200	200	200	200	200	200	200	200	200	200	200	200	200	200	200	200	200	200	200	200	200
#page_ind						
0.035	0.14	0.18	0.105	0.11	0.04	0.05	0.055	0.045	0.04	0.02	0.18
0.06	0.135	0.135	0.115	0.11	0.085	0.045	0.04	0.065	0.06	0.02	0.13
0.045	0.14	0.165	0.09	0.13	0.105	0.035	0.065	0.035	0.065	0.02	0.105
0.085	0.095	0.13	0.15	0.045	0.135	0.1	0.07	0.025	0.035	0.025	0.105
0.07	0.11	0.155	0.095	0.11	0.07	0.065	0.055	0.06	0.045	0.025	0.14
0.02	0.115	0.235	0.135	0.08	0.065	0.04	0.075	0.055	0.055	0.02	0.105
0.1	0.18	0.135	0.12	0.1	0.04	0.075	0.035	0.025	0.015	0.025	0.15
0.09	0.15	0.165	0.125	0.16	0.07	0.055	0.025	0.015	0.025	0.025	0.095
0.07	0.195	0.135	0.135	0.08	0.13	0.05	0.035	0.04	0.01	0.015	0.105
0.075	0.175	0.18	0.11	0.09	0.095	0.07	0.03	0.05	0.025	0.03	0.07
0.075	0.145	0.18	0.175	0.085	0.075	0.04	0.065	0.03	0.03	0.03	0.07
0.03	0.2	0.17	0.12	0.13	0.075	0.055	0.04	0.05	0.02	0.01	0.1
0.085	0.195	0.235	0.12	0.11	0.045	0.07	0.02	0.02	0.025	0.02	0.055
0.075	0.195	0.205	0.13	0.07	0.09	0.055	0.03	0.01	0.035	0.025	0.08
0.055	0.22	0.195	0.135	0.09	0.06	0.08	0.025	0.03	0.025	0.01	0.075
0.065	0.235	0.165	0.185	0.085	0.055	0.04	0.05	0.025	0.02	0.01	0.065
0.09	0.155	0.185	0.175	0.115	0.075	0.04	0.03	0.015	0.03	0.015	0.075
0.085	0.21	0.205	0.16	0.065	0.085	0.05	0.06	0.025	0.005	0.01	0.04
0.12	0.21	0.18	0.105	0.11	0.065	0.085	0.045	0.02	0.005	0.015	0.04
0.14	0.155	0.21	0.1	0.11	0.1	0.04	0.04	0.03	0.02	0.015	0.04
0.11	0.24	0.18	0.13	0.075	0.08	0.055	0.02	0.04	0.005	0.02	0.045
0.07	0.22	0.27	0.15	0.12	0.04	0.02	0.03	0.03	0	0.005	0.045
0.1	0.23	0.205	0.205	0.085	0.03	0.05	0.02	0.02	0.02	0	0.035
0.17	0.245	0.175	0.21	0.085	0.03	0.035	0.01	0.005	0	0.01	0.025
0.13	0.315	0.18	0.105	0.09	0.075	0.04	0.035	0.005	0.005	0.005	0.015
0.115	0.26	0.235	0.125	0.08	0.06	0.045	0.03	0.015	0.015	0	0.02
0.115	0.245	0.175	0.15	0.105	0.1	0.02	0.04	0.015	0.01	0.005	0.02
0.105	0.285	0.2	0.15	0.125	0.065	0.03	0.025	0.005	0	0.005	0.005
0.13	0.195	0.245	0.155	0.12	0.09	0.03	0.01	0.005	0.01	0.01	0
0.115	0.185	0.23	0.21	0.105	0.045	0.07	0.015	0.015	0	0	0.01
#wt_age_ind						
1 1 1 1 1 1 1 1 1 1 1 1 
1 1 1 1 1 1 1 1 1 1 1 1 
1 1 1 1 1 1 1 1 1 1 1 1 
1 1 1 1 1 1 1 1 1 1 1 1 
1 1 1 1 1 1 1 1 1 1 1 1 
1 1 1 1 1 1 1 1 1 1 1 1 
1 1 1 1 1 1 1 1 1 1 1 1 
1 1 1 1 1 1 1 1 1 1 1 1 
1 1 1 1 1 1 1 1 1 1 1 1 
1 1 1 1 1 1 1 1 1 1 1 1 
1 1 1 1 1 1 1 1 1 1 1 1 
1 1 1 1 1 1 1 1 1 1 1 1 
1 1 1 1 1 1 1 1 1 1 1 1 
1 1 1 1 1 1 1 1 1 1 1 1 
1 1 1 1 1 1 1 1 1 1 1 1 
1 1 1 1 1 1 1 1 1 1 1 1 
1 1 1 1 1 1 1 1 1 1 1 1 
1 1 1 1 1 1 1 1 1 1 1 1 
1 1 1 1 1 1 1 1 1 1 1 1 
1 1 1 1 1 1 1 1 1 1 1 1 
1 1 1 1 1 1 1 1 1 1 1 1 
1 1 1 1 1 1 1 1 1 1 1 1 
1 1 1 1 1 1 1 1 1 1 1 1 
1 1 1 1 1 1 1 1 1 1 1 1 
1 1 1 1 1 1 1 1 1 1 1 1 
1 1 1 1 1 1 1 1 1 1 1 1 
1 1 1 1 1 1 1 1 1 1 1 1 
1 1 1 1 1 1 1 1 1 1 1 1 
1 1 1 1 1 1 1 1 1 1 1 1 
1 1 1 1 1 1 1 1 1 1 1 1 
# wt_pop
0.000530656	0.001196328	0.002058265	0.003034987	0.004055212	0.005064698	0.006026226	0.006916921	0.007724891	0.008446113	0.009081853	0.009636695
#maturity
0.02297737 0.32082130 0.90465054 0.99477987 0.99973881 0.99998699 0.99999935 0.99999997 1 1 1 1
#spmonth						
1		
#age_err						
1	0	0	0	0	0	0	0	0	0	0	0
0	1	0	0	0	0	0	0	0	0	0	0
0	0	1	0	0	0	0	0	0	0	0	0
0	0	0	1	0	0	0	0	0	0	0	0
0	0	0	0	1	0	0	0	0	0	0	0
0	0	0	0	0	1	0	0	0	0	0	0
0	0	0	0	0	0	1	0	0	0	0	0
0	0	0	0	0	0	0	1	0	0	0	0
0	0	0	0	0	0	0	0	1	0	0	0
0	0	0	0	0	0	0	0	0	1	0	0
0	0	0	0	0	0	0	0	0	0	1	0
0	0	0	0	0	0	0	0	0	0	0	1																														
