# ASAP VERSION 3.0
#  
# Number of Years
30 
# First Year
1 
# Number of Ages
12 
# Number of Fleets
1 
# Number of Selectivity Blocks
1 
# Number of Available Survey Indices
1 
# Natural Mortality 
0.2 0.2 0.2 0.2 0.2 0.2 0.2 0.2 0.2 0.2 0.2 0.2
0.2 0.2 0.2 0.2 0.2 0.2 0.2 0.2 0.2 0.2 0.2 0.2
0.2 0.2 0.2 0.2 0.2 0.2 0.2 0.2 0.2 0.2 0.2 0.2
0.2 0.2 0.2 0.2 0.2 0.2 0.2 0.2 0.2 0.2 0.2 0.2
0.2 0.2 0.2 0.2 0.2 0.2 0.2 0.2 0.2 0.2 0.2 0.2
0.2 0.2 0.2 0.2 0.2 0.2 0.2 0.2 0.2 0.2 0.2 0.2
0.2 0.2 0.2 0.2 0.2 0.2 0.2 0.2 0.2 0.2 0.2 0.2
0.2 0.2 0.2 0.2 0.2 0.2 0.2 0.2 0.2 0.2 0.2 0.2
0.2 0.2 0.2 0.2 0.2 0.2 0.2 0.2 0.2 0.2 0.2 0.2
0.2 0.2 0.2 0.2 0.2 0.2 0.2 0.2 0.2 0.2 0.2 0.2
0.2 0.2 0.2 0.2 0.2 0.2 0.2 0.2 0.2 0.2 0.2 0.2
0.2 0.2 0.2 0.2 0.2 0.2 0.2 0.2 0.2 0.2 0.2 0.2
0.2 0.2 0.2 0.2 0.2 0.2 0.2 0.2 0.2 0.2 0.2 0.2
0.2 0.2 0.2 0.2 0.2 0.2 0.2 0.2 0.2 0.2 0.2 0.2
0.2 0.2 0.2 0.2 0.2 0.2 0.2 0.2 0.2 0.2 0.2 0.2
0.2 0.2 0.2 0.2 0.2 0.2 0.2 0.2 0.2 0.2 0.2 0.2
0.2 0.2 0.2 0.2 0.2 0.2 0.2 0.2 0.2 0.2 0.2 0.2
0.2 0.2 0.2 0.2 0.2 0.2 0.2 0.2 0.2 0.2 0.2 0.2
0.2 0.2 0.2 0.2 0.2 0.2 0.2 0.2 0.2 0.2 0.2 0.2
0.2 0.2 0.2 0.2 0.2 0.2 0.2 0.2 0.2 0.2 0.2 0.2
0.2 0.2 0.2 0.2 0.2 0.2 0.2 0.2 0.2 0.2 0.2 0.2
0.2 0.2 0.2 0.2 0.2 0.2 0.2 0.2 0.2 0.2 0.2 0.2
0.2 0.2 0.2 0.2 0.2 0.2 0.2 0.2 0.2 0.2 0.2 0.2
0.2 0.2 0.2 0.2 0.2 0.2 0.2 0.2 0.2 0.2 0.2 0.2
0.2 0.2 0.2 0.2 0.2 0.2 0.2 0.2 0.2 0.2 0.2 0.2
0.2 0.2 0.2 0.2 0.2 0.2 0.2 0.2 0.2 0.2 0.2 0.2
0.2 0.2 0.2 0.2 0.2 0.2 0.2 0.2 0.2 0.2 0.2 0.2
0.2 0.2 0.2 0.2 0.2 0.2 0.2 0.2 0.2 0.2 0.2 0.2
0.2 0.2 0.2 0.2 0.2 0.2 0.2 0.2 0.2 0.2 0.2 0.2
0.2 0.2 0.2 0.2 0.2 0.2 0.2 0.2 0.2 0.2 0.2 0.2
# Fecundity Option (0: multiply maturity by weight-at-age; 1: use maturity values directly)
0 
# Fraction of year that elapses prior to SSB calculation (0=Jan-1)
0 
# Maturity (devide maturity by 2 to include female fraction) 
0.011488685 0.16041065 0.45232527 0.497389935 0.499869405 0.499993495 0.499999675 0.499999985 0.5 0.5 0.5 0.5
0.011488685 0.16041065 0.45232527 0.497389935 0.499869405 0.499993495 0.499999675 0.499999985 0.5 0.5 0.5 0.5
0.011488685 0.16041065 0.45232527 0.497389935 0.499869405 0.499993495 0.499999675 0.499999985 0.5 0.5 0.5 0.5
0.011488685 0.16041065 0.45232527 0.497389935 0.499869405 0.499993495 0.499999675 0.499999985 0.5 0.5 0.5 0.5
0.011488685 0.16041065 0.45232527 0.497389935 0.499869405 0.499993495 0.499999675 0.499999985 0.5 0.5 0.5 0.5
0.011488685 0.16041065 0.45232527 0.497389935 0.499869405 0.499993495 0.499999675 0.499999985 0.5 0.5 0.5 0.5
0.011488685 0.16041065 0.45232527 0.497389935 0.499869405 0.499993495 0.499999675 0.499999985 0.5 0.5 0.5 0.5
0.011488685 0.16041065 0.45232527 0.497389935 0.499869405 0.499993495 0.499999675 0.499999985 0.5 0.5 0.5 0.5
0.011488685 0.16041065 0.45232527 0.497389935 0.499869405 0.499993495 0.499999675 0.499999985 0.5 0.5 0.5 0.5
0.011488685 0.16041065 0.45232527 0.497389935 0.499869405 0.499993495 0.499999675 0.499999985 0.5 0.5 0.5 0.5
0.011488685 0.16041065 0.45232527 0.497389935 0.499869405 0.499993495 0.499999675 0.499999985 0.5 0.5 0.5 0.5
0.011488685 0.16041065 0.45232527 0.497389935 0.499869405 0.499993495 0.499999675 0.499999985 0.5 0.5 0.5 0.5
0.011488685 0.16041065 0.45232527 0.497389935 0.499869405 0.499993495 0.499999675 0.499999985 0.5 0.5 0.5 0.5
0.011488685 0.16041065 0.45232527 0.497389935 0.499869405 0.499993495 0.499999675 0.499999985 0.5 0.5 0.5 0.5
0.011488685 0.16041065 0.45232527 0.497389935 0.499869405 0.499993495 0.499999675 0.499999985 0.5 0.5 0.5 0.5
0.011488685 0.16041065 0.45232527 0.497389935 0.499869405 0.499993495 0.499999675 0.499999985 0.5 0.5 0.5 0.5
0.011488685 0.16041065 0.45232527 0.497389935 0.499869405 0.499993495 0.499999675 0.499999985 0.5 0.5 0.5 0.5
0.011488685 0.16041065 0.45232527 0.497389935 0.499869405 0.499993495 0.499999675 0.499999985 0.5 0.5 0.5 0.5
0.011488685 0.16041065 0.45232527 0.497389935 0.499869405 0.499993495 0.499999675 0.499999985 0.5 0.5 0.5 0.5
0.011488685 0.16041065 0.45232527 0.497389935 0.499869405 0.499993495 0.499999675 0.499999985 0.5 0.5 0.5 0.5
0.011488685 0.16041065 0.45232527 0.497389935 0.499869405 0.499993495 0.499999675 0.499999985 0.5 0.5 0.5 0.5
0.011488685 0.16041065 0.45232527 0.497389935 0.499869405 0.499993495 0.499999675 0.499999985 0.5 0.5 0.5 0.5
0.011488685 0.16041065 0.45232527 0.497389935 0.499869405 0.499993495 0.499999675 0.499999985 0.5 0.5 0.5 0.5
0.011488685 0.16041065 0.45232527 0.497389935 0.499869405 0.499993495 0.499999675 0.499999985 0.5 0.5 0.5 0.5
0.011488685 0.16041065 0.45232527 0.497389935 0.499869405 0.499993495 0.499999675 0.499999985 0.5 0.5 0.5 0.5
0.011488685 0.16041065 0.45232527 0.497389935 0.499869405 0.499993495 0.499999675 0.499999985 0.5 0.5 0.5 0.5
0.011488685 0.16041065 0.45232527 0.497389935 0.499869405 0.499993495 0.499999675 0.499999985 0.5 0.5 0.5 0.5
0.011488685 0.16041065 0.45232527 0.497389935 0.499869405 0.499993495 0.499999675 0.499999985 0.5 0.5 0.5 0.5
0.011488685 0.16041065 0.45232527 0.497389935 0.499869405 0.499993495 0.499999675 0.499999985 0.5 0.5 0.5 0.5
0.011488685 0.16041065 0.45232527 0.497389935 0.499869405 0.499993495 0.499999675 0.499999985 0.5 0.5 0.5 0.5
# Number of Weights at Age Matrices
1 
# Weight Matrix - 1 (kg) 
0.5306555 1.1963283 2.0582654 3.0349873 4.0552124 5.0646975 6.0262262 6.9169206 7.7248909 8.4461128 9.0818532 9.636695
0.5306555 1.1963283 2.0582654 3.0349873 4.0552124 5.0646975 6.0262262 6.9169206 7.7248909 8.4461128 9.0818532 9.636695
0.5306555 1.1963283 2.0582654 3.0349873 4.0552124 5.0646975 6.0262262 6.9169206 7.7248909 8.4461128 9.0818532 9.636695
0.5306555 1.1963283 2.0582654 3.0349873 4.0552124 5.0646975 6.0262262 6.9169206 7.7248909 8.4461128 9.0818532 9.636695
0.5306555 1.1963283 2.0582654 3.0349873 4.0552124 5.0646975 6.0262262 6.9169206 7.7248909 8.4461128 9.0818532 9.636695
0.5306555 1.1963283 2.0582654 3.0349873 4.0552124 5.0646975 6.0262262 6.9169206 7.7248909 8.4461128 9.0818532 9.636695
0.5306555 1.1963283 2.0582654 3.0349873 4.0552124 5.0646975 6.0262262 6.9169206 7.7248909 8.4461128 9.0818532 9.636695
0.5306555 1.1963283 2.0582654 3.0349873 4.0552124 5.0646975 6.0262262 6.9169206 7.7248909 8.4461128 9.0818532 9.636695
0.5306555 1.1963283 2.0582654 3.0349873 4.0552124 5.0646975 6.0262262 6.9169206 7.7248909 8.4461128 9.0818532 9.636695
0.5306555 1.1963283 2.0582654 3.0349873 4.0552124 5.0646975 6.0262262 6.9169206 7.7248909 8.4461128 9.0818532 9.636695
0.5306555 1.1963283 2.0582654 3.0349873 4.0552124 5.0646975 6.0262262 6.9169206 7.7248909 8.4461128 9.0818532 9.636695
0.5306555 1.1963283 2.0582654 3.0349873 4.0552124 5.0646975 6.0262262 6.9169206 7.7248909 8.4461128 9.0818532 9.636695
0.5306555 1.1963283 2.0582654 3.0349873 4.0552124 5.0646975 6.0262262 6.9169206 7.7248909 8.4461128 9.0818532 9.636695
0.5306555 1.1963283 2.0582654 3.0349873 4.0552124 5.0646975 6.0262262 6.9169206 7.7248909 8.4461128 9.0818532 9.636695
0.5306555 1.1963283 2.0582654 3.0349873 4.0552124 5.0646975 6.0262262 6.9169206 7.7248909 8.4461128 9.0818532 9.636695
0.5306555 1.1963283 2.0582654 3.0349873 4.0552124 5.0646975 6.0262262 6.9169206 7.7248909 8.4461128 9.0818532 9.636695
0.5306555 1.1963283 2.0582654 3.0349873 4.0552124 5.0646975 6.0262262 6.9169206 7.7248909 8.4461128 9.0818532 9.636695
0.5306555 1.1963283 2.0582654 3.0349873 4.0552124 5.0646975 6.0262262 6.9169206 7.7248909 8.4461128 9.0818532 9.636695
0.5306555 1.1963283 2.0582654 3.0349873 4.0552124 5.0646975 6.0262262 6.9169206 7.7248909 8.4461128 9.0818532 9.636695
0.5306555 1.1963283 2.0582654 3.0349873 4.0552124 5.0646975 6.0262262 6.9169206 7.7248909 8.4461128 9.0818532 9.636695
0.5306555 1.1963283 2.0582654 3.0349873 4.0552124 5.0646975 6.0262262 6.9169206 7.7248909 8.4461128 9.0818532 9.636695
0.5306555 1.1963283 2.0582654 3.0349873 4.0552124 5.0646975 6.0262262 6.9169206 7.7248909 8.4461128 9.0818532 9.636695
0.5306555 1.1963283 2.0582654 3.0349873 4.0552124 5.0646975 6.0262262 6.9169206 7.7248909 8.4461128 9.0818532 9.636695
0.5306555 1.1963283 2.0582654 3.0349873 4.0552124 5.0646975 6.0262262 6.9169206 7.7248909 8.4461128 9.0818532 9.636695
0.5306555 1.1963283 2.0582654 3.0349873 4.0552124 5.0646975 6.0262262 6.9169206 7.7248909 8.4461128 9.0818532 9.636695
0.5306555 1.1963283 2.0582654 3.0349873 4.0552124 5.0646975 6.0262262 6.9169206 7.7248909 8.4461128 9.0818532 9.636695
0.5306555 1.1963283 2.0582654 3.0349873 4.0552124 5.0646975 6.0262262 6.9169206 7.7248909 8.4461128 9.0818532 9.636695
0.5306555 1.1963283 2.0582654 3.0349873 4.0552124 5.0646975 6.0262262 6.9169206 7.7248909 8.4461128 9.0818532 9.636695
0.5306555 1.1963283 2.0582654 3.0349873 4.0552124 5.0646975 6.0262262 6.9169206 7.7248909 8.4461128 9.0818532 9.636695
0.5306555 1.1963283 2.0582654 3.0349873 4.0552124 5.0646975 6.0262262 6.9169206 7.7248909 8.4461128 9.0818532 9.636695
# Weights at Age Pointers (Fleet 1-catch; Fleet 1-discard; catch-all fleets; discard-all; SSB; Jan-1 Biomass) 
1
1
1
1
1
1
# Fleet 1 Selectivity Block Assignment 
1
1
1
1
1
1
1
1
1
1
1
1
1
1
1
1
1
1
1
1
1
1
1
1
1
1
1
1
1
1
# Selectivity Options for each block 1=by age, 2=logisitic, 3=double logistic
2 
# Selectivity Block #1 Data (initial guess; phase; lambda; cv; a50 and slope) [slope = 1/slope'; a50 = a50'*slope'*slope] 
0 0 0 0
0 0 0 0
0 0 0 0
0 0 0 0
0 0 0 0
0 0 0 0
0 0 0 0
0 0 0 0
0 0 0 0
0 0 0 0
0 0 0 0
0 0 0 0
2 2 0 0.5
1 2 0 0.5
0 0 0 0
0 0 0 0
0 0 0 0
0 0 0 0
# Fleet Start Age
1 
# Fleet End Age
12 
# Age Range for Average F [common setting: first full selective age to max age]
6 12 
# Average F report option (1=unweighted, 2=Nweighted, 3=Bweighted)
1 
# Use Likelihood constants? (1=yes)
0 
# Release Mortality by Fleet
0 
# Fleet-1 Catch Data 
0.07 0.095 0.145 0.14 0.09 0.085 0.09 0.05 0.05 0.04 0.015 0.13 160.959770523382
0.14 0.105 0.15 0.08 0.09 0.075 0.06 0.035 0.08 0.03 0.03 0.125 465.292832808194
0.08 0.12 0.095 0.13 0.1 0.07 0.085 0.115 0.015 0.04 0.025 0.125 763.114440789545
0.09 0.07 0.225 0.12 0.065 0.08 0.03 0.07 0.075 0.035 0.02 0.12 1028.823539385
0.065 0.16 0.125 0.17 0.105 0.065 0.045 0.04 0.045 0.035 0.035 0.11 828.434095495559
0.095 0.115 0.175 0.135 0.105 0.065 0.07 0.045 0.05 0.04 0.02 0.085 1454.92120942751
0.06 0.105 0.09 0.185 0.16 0.13 0.055 0.045 0.035 0.005 0.035 0.095 1394.21977040355
0.075 0.075 0.125 0.08 0.165 0.12 0.095 0.045 0.045 0.035 0.03 0.11 2700.70457479084
0.1 0.125 0.155 0.15 0.085 0.07 0.07 0.095 0.035 0.04 0.02 0.055 1395.75809208353
0.06 0.115 0.155 0.14 0.085 0.065 0.08 0.07 0.08 0.025 0.025 0.1 1579.86681018449
0.105 0.13 0.13 0.14 0.115 0.03 0.045 0.095 0.045 0.06 0.015 0.09 1649.71113116069
0.05 0.145 0.13 0.08 0.135 0.065 0.09 0.05 0.09 0.04 0.035 0.09 1602.37570118006
0.12 0.1 0.19 0.145 0.075 0.1 0.05 0.05 0.03 0.04 0.01 0.09 1088.15779562501
0.135 0.155 0.095 0.14 0.105 0.065 0.08 0.055 0.035 0.045 0.01 0.08 1492.6519900753
0.085 0.19 0.175 0.14 0.115 0.08 0.04 0.035 0.02 0.01 0.02 0.09 1492.70129349332
0.085 0.115 0.215 0.185 0.055 0.085 0.065 0.03 0.035 0.03 0.025 0.075 1285.38239318299
0.065 0.135 0.16 0.195 0.175 0.05 0.055 0.055 0.035 0.01 0.015 0.05 2233.92340796608
0.145 0.095 0.12 0.165 0.165 0.095 0.05 0.04 0.035 0.015 0.01 0.065 1543.14933735712
0.125 0.255 0.135 0.09 0.08 0.075 0.075 0.025 0.02 0.03 0.035 0.055 1393.89008423944
0.12 0.115 0.285 0.115 0.095 0.035 0.075 0.06 0.03 0.025 0.015 0.03 1269.19585570461
0.125 0.195 0.175 0.185 0.065 0.07 0.05 0.035 0.045 0.01 0.02 0.025 1577.12956664072
0.15 0.18 0.25 0.15 0.11 0.015 0.02 0.03 0.03 0.025 0.01 0.03 1042.59316529721
0.175 0.165 0.22 0.12 0.11 0.075 0.035 0.04 0.005 0.02 0.01 0.025 1597.8584344974
0.185 0.27 0.16 0.13 0.055 0.04 0.07 0.025 0.025 0.005 0.03 0.005 1238.91333075991
0.13 0.205 0.29 0.14 0.08 0.075 0.035 0.015 0.01 0.005 0 0.015 1234.83395182581
0.165 0.16 0.225 0.225 0.075 0.08 0.02 0.015 0.015 0.005 0.005 0.01 1141.86899288436
0.12 0.21 0.205 0.23 0.105 0.055 0.03 0 0.01 0.02 0.005 0.01 1137.46231815617
0.125 0.21 0.24 0.155 0.1 0.075 0.055 0.015 0.005 0.005 0.005 0.01 1487.73992415021
0.105 0.13 0.25 0.165 0.11 0.095 0.05 0.035 0.01 0.02 0.005 0.025 1059.22674701644
0.15 0.185 0.14 0.185 0.145 0.05 0.06 0.055 0.025 0.005 0 0 1441.41420543103
# Fleet-1 Discards Data 
0 0 0 0 0 0 0 0 0 0 0 0 0
0 0 0 0 0 0 0 0 0 0 0 0 0
0 0 0 0 0 0 0 0 0 0 0 0 0
0 0 0 0 0 0 0 0 0 0 0 0 0
0 0 0 0 0 0 0 0 0 0 0 0 0
0 0 0 0 0 0 0 0 0 0 0 0 0
0 0 0 0 0 0 0 0 0 0 0 0 0
0 0 0 0 0 0 0 0 0 0 0 0 0
0 0 0 0 0 0 0 0 0 0 0 0 0
0 0 0 0 0 0 0 0 0 0 0 0 0
0 0 0 0 0 0 0 0 0 0 0 0 0
0 0 0 0 0 0 0 0 0 0 0 0 0
0 0 0 0 0 0 0 0 0 0 0 0 0
0 0 0 0 0 0 0 0 0 0 0 0 0
0 0 0 0 0 0 0 0 0 0 0 0 0
0 0 0 0 0 0 0 0 0 0 0 0 0
0 0 0 0 0 0 0 0 0 0 0 0 0
0 0 0 0 0 0 0 0 0 0 0 0 0
0 0 0 0 0 0 0 0 0 0 0 0 0
0 0 0 0 0 0 0 0 0 0 0 0 0
0 0 0 0 0 0 0 0 0 0 0 0 0
0 0 0 0 0 0 0 0 0 0 0 0 0
0 0 0 0 0 0 0 0 0 0 0 0 0
0 0 0 0 0 0 0 0 0 0 0 0 0
0 0 0 0 0 0 0 0 0 0 0 0 0
0 0 0 0 0 0 0 0 0 0 0 0 0
0 0 0 0 0 0 0 0 0 0 0 0 0
0 0 0 0 0 0 0 0 0 0 0 0 0
0 0 0 0 0 0 0 0 0 0 0 0 0
0 0 0 0 0 0 0 0 0 0 0 0 0
# Fleet-1 Release Data 
0 0 0 0 0 0 0 0 0 0 0 0
0 0 0 0 0 0 0 0 0 0 0 0
0 0 0 0 0 0 0 0 0 0 0 0
0 0 0 0 0 0 0 0 0 0 0 0
0 0 0 0 0 0 0 0 0 0 0 0
0 0 0 0 0 0 0 0 0 0 0 0
0 0 0 0 0 0 0 0 0 0 0 0
0 0 0 0 0 0 0 0 0 0 0 0
0 0 0 0 0 0 0 0 0 0 0 0
0 0 0 0 0 0 0 0 0 0 0 0
0 0 0 0 0 0 0 0 0 0 0 0
0 0 0 0 0 0 0 0 0 0 0 0
0 0 0 0 0 0 0 0 0 0 0 0
0 0 0 0 0 0 0 0 0 0 0 0
0 0 0 0 0 0 0 0 0 0 0 0
0 0 0 0 0 0 0 0 0 0 0 0
0 0 0 0 0 0 0 0 0 0 0 0
0 0 0 0 0 0 0 0 0 0 0 0
0 0 0 0 0 0 0 0 0 0 0 0
0 0 0 0 0 0 0 0 0 0 0 0
0 0 0 0 0 0 0 0 0 0 0 0
0 0 0 0 0 0 0 0 0 0 0 0
0 0 0 0 0 0 0 0 0 0 0 0
0 0 0 0 0 0 0 0 0 0 0 0
0 0 0 0 0 0 0 0 0 0 0 0
0 0 0 0 0 0 0 0 0 0 0 0
0 0 0 0 0 0 0 0 0 0 0 0
0 0 0 0 0 0 0 0 0 0 0 0
0 0 0 0 0 0 0 0 0 0 0 0
0 0 0 0 0 0 0 0 0 0 0 0
# Aggregate Index Units (1: biomass; 2: number)
2 
# Age Proportion Index Units (1: biomass; 2: number)
2 
# Weight at Age Matrix
1 
# Index Month
1 
# Index Selectivity Link to Fleet
-1 
# Index Selectivity Options 1=by age, 2=logisitic, 3=double logistic
2 
# Index Start Age
1 
# Index End Age
12 
# Estimate Proportion (Yes=1)
1 
# Use Index (Yes=1)
1 
# Index-1 Selectivity Data (initial guess; phase; lambda; cv; a50 and slope) [slope = 1/slope'; a50 = a50'*slope'*slope] 
0 0 0 0
0 0 0 0
0 0 0 0
0 0 0 0
0 0 0 0
0 0 0 0
0 0 0 0
0 0 0 0
0 0 0 0
0 0 0 0
0 0 0 0
0 0 0 0
1.5 2 1 0.5
0.5 2 1 0.5
0 0 0 0
0 0 0 0
0 0 0 0
0 0 0 0
# Index-1 Data  
1 1.7906722446796 0.2 0.055 0.175 0.14 0.115 0.07 0.04 0.06 0.095 0.02 0.03 0.04 0.16 200
2 1.6705810584882 0.2 0.09 0.165 0.175 0.1 0.105 0.055 0.065 0.05 0.045 0.03 0.03 0.09 200
3 1.47514551609362 0.2 0.09 0.19 0.12 0.13 0.07 0.045 0.07 0.06 0.035 0.05 0.025 0.115 200
4 1.53317804534205 0.2 0.07 0.165 0.23 0.115 0.07 0.065 0.03 0.02 0.03 0.03 0.04 0.135 200
5 1.56026788147696 0.2 0.04 0.165 0.145 0.19 0.09 0.06 0.075 0.03 0.035 0.015 0.025 0.13 200
6 1.42643983892777 0.2 0.04 0.11 0.16 0.1 0.195 0.07 0.075 0.04 0.05 0.03 0.015 0.115 200
7 1.4636573550322 0.2 0.07 0.2 0.11 0.14 0.115 0.125 0.05 0.02 0.035 0.025 0.025 0.085 200
8 1.36194839157042 0.2 0.115 0.1 0.12 0.14 0.095 0.11 0.065 0.02 0.045 0.03 0.025 0.135 200
9 1.22083931407 0.2 0.075 0.205 0.11 0.125 0.1 0.12 0.095 0.075 0.015 0.015 0.01 0.055 200
10 1.28794904438842 0.2 0.11 0.09 0.185 0.125 0.135 0.055 0.09 0.05 0.04 0.015 0.03 0.075 200
11 0.928680026758265 0.2 0.05 0.21 0.125 0.145 0.12 0.02 0.06 0.035 0.07 0.055 0.015 0.095 200
12 1.11676130996725 0.2 0.06 0.13 0.215 0.085 0.15 0.045 0.1 0.04 0.04 0.015 0.04 0.08 200
13 1.00786849861453 0.2 0.09 0.135 0.185 0.17 0.075 0.075 0.065 0.045 0.015 0.035 0.02 0.09 200
14 0.998166040434176 0.2 0.145 0.18 0.14 0.13 0.09 0.055 0.05 0.04 0.055 0.01 0.03 0.075 200
15 1.07846198753446 0.2 0.06 0.235 0.205 0.105 0.095 0.075 0.03 0.04 0.045 0.025 0.01 0.075 200
16 0.776031031382979 0.2 0.08 0.125 0.25 0.205 0.085 0.05 0.055 0.025 0.02 0.035 0.01 0.06 200
17 0.938064847082489 0.2 0.085 0.16 0.095 0.245 0.12 0.11 0.05 0.035 0 0.035 0.005 0.06 200
18 0.861634069702729 0.2 0.155 0.11 0.19 0.125 0.105 0.105 0.07 0.055 0.035 0.01 0.005 0.035 200
19 0.651263415510304 0.2 0.125 0.27 0.14 0.125 0.09 0.075 0.045 0.025 0.02 0.01 0.03 0.045 200
20 0.73593966733584 0.2 0.12 0.2 0.305 0.09 0.06 0.025 0.085 0.03 0.015 0.02 0.025 0.025 200
21 0.798642577087828 0.2 0.08 0.185 0.255 0.205 0.07 0.035 0.03 0.045 0.01 0.005 0.025 0.055 200
22 0.534149639544304 0.2 0.155 0.245 0.19 0.15 0.115 0.045 0.02 0.015 0.03 0.015 0 0.02 200
23 0.552206970499758 0.2 0.185 0.26 0.155 0.105 0.08 0.07 0.05 0.005 0.025 0.035 0.015 0.015 200
24 0.750954226963286 0.2 0.155 0.35 0.225 0.1 0.045 0.04 0.035 0.01 0.01 0.005 0.01 0.015 200
25 0.625231388050984 0.2 0.08 0.3 0.28 0.17 0.05 0.055 0.01 0.015 0.015 0.005 0.005 0.015 200
26 0.680276609361942 0.2 0.105 0.215 0.31 0.19 0.07 0.025 0.03 0.015 0.02 0 0.01 0.01 200
27 0.617701760699309 0.2 0.07 0.25 0.28 0.2 0.13 0.04 0.005 0 0.01 0 0 0.015 200
28 0.690457921217902 0.2 0.075 0.255 0.25 0.125 0.105 0.045 0.055 0.05 0.015 0 0 0.025 200
29 0.542609038387555 0.2 0.135 0.19 0.2 0.215 0.1 0.065 0.04 0.015 0.01 0.02 0 0.01 200
30 0.500180489350749 0.2 0.115 0.265 0.175 0.16 0.115 0.06 0.035 0.03 0.01 0.025 0 0.01 200
# Phase for F mult in 1st Year
1 
# Phase for F mult Deviations
2 
# Phase for Recruitment Deviations
2 
# Phase for N in 1st Year (common setting is 2)
2 
# Phase for Catchability in 1st Year (common setting is 1)
1 
# Phase for Catchability Deviations
-5 
# Phase for Stock Recruitment Relationship (R0)
1 
# Phase for Steepness
-3 
# Recruitment CV by Year [sqrt(exp(sd^2)-1)] 
0.20201676710706
0.20201676710706
0.20201676710706
0.20201676710706
0.20201676710706
0.20201676710706
0.20201676710706
0.20201676710706
0.20201676710706
0.20201676710706
0.20201676710706
0.20201676710706
0.20201676710706
0.20201676710706
0.20201676710706
0.20201676710706
0.20201676710706
0.20201676710706
0.20201676710706
0.20201676710706
0.20201676710706
0.20201676710706
0.20201676710706
0.20201676710706
0.20201676710706
0.20201676710706
0.20201676710706
0.20201676710706
0.20201676710706
0.20201676710706
# Lambdas by Index
1 
# Lambda for Total Catch in Weight by Fleet
1 
# Lambda for Total Discards at Age by Fleet
0 
# Catch Total CV by Year and Fleet 
0.01
0.01
0.01
0.01
0.01
0.01
0.01
0.01
0.01
0.01
0.01
0.01
0.01
0.01
0.01
0.01
0.01
0.01
0.01
0.01
0.01
0.01
0.01
0.01
0.01
0.01
0.01
0.01
0.01
0.01
# Discard Total CV by Year and Fleet 
0
0
0
0
0
0
0
0
0
0
0
0
0
0
0
0
0
0
0
0
0
0
0
0
0
0
0
0
0
0
# Catch Effective Sample Size by Year and Fleet 
200
200
200
200
200
200
200
200
200
200
200
200
200
200
200
200
200
200
200
200
200
200
200
200
200
200
200
200
200
200
# Discard Effective Sample Size by Year and Fleet 
0
0
0
0
0
0
0
0
0
0
0
0
0
0
0
0
0
0
0
0
0
0
0
0
0
0
0
0
0
0
# Lambda for F Mult in First year by Fleet (0)
0 
# CV for F Mult in First year by Fleet
1 
# Lambda for F Mult Deviations by Fleet
0 
# CV for F Mult Deviations by Fleet
1 
# Lambda for N in 1st Year Deviations
0 
# CV for N in 1st Year Deviations
1 
# Lambda for Recruitment Deviations
1 
# Lambda for Catchability in First year by Index
0 
# CV for Catchability in First year by Index
1 
# Lambda for Catchability Deviations by Index
0 
# CV for Catchability Deviations by Index
1 
# Lambda for Deviation from Initial Steepness
0 
# CV for Deviation from Initial Steepness
1 
# Lambda for Deviation from Unexploited Stock Size
0 
# CV for Deviation from Unexploited Stock Size
1 
# NAA Deviations Flag (1:deviations are from exponential decline; 2: deviations are from initial guesses)
1 
# Initial Numbers at Age in 1st Year [N'/1000]
1000 818.7308 670.32 548.8116 449.329 367.8794 301.1942 246.597 201.8965 165.2989 135.3353 611.2629 
# Initial F Mult in 1st Year by Fleet (common setting is 0.2)
0.009459165 
# Initial Catchabilty by Index [q'/1000]
0.0003296154 
# Stock Recruitment Flag (0: unexploited ssb; 1: unexploited recruitment)
1 
# Initial Unexploited Stock [R0'/1000]
1000 
# Initial Steepness
0.75 
# Maximum F
4 
# Ignore Guesses (Yes=1)
0 
# Do Projections (Yes=1)
0 
# Fleet Directed Flag
1 
# Final Year in Projection
31 
# Projection Data by Year 
31 -1 3 -99 1
# Do MCMC (Yes=1)
0 
# MCMC Year Option (0:Use final year in stock; 1: use final year plus one)
1 
# MCMC Iterations
1000 
# MCMC Thinning Factor
200 
# MCMC Random Seed
657483 
# Agepro R Option (0:use numbers at age; 1: use stock recruitment relationship; 2: use geometric mean of previous years)
0 
# Agepro R Option Start Year
1 
# Agepro R Option End Year
30 
# Export R Flag
1 
# Test Value
-23456 
######
###### FINIS ######
# Fleet Names
#$FISHERY1
# Survey Names
#$SURVEY1
#
