# Number of parameters = 77  Objective function value = 26386.9  Maximum gradient component = 0.00164048
# sel_params[1]:
1.91289957292
# sel_params[2]:
0.929969556770
# log_Fmult_year1:
 -4.67753135463
# log_Fmult_devs:
 1.05633447419 0.510722044505 0.292679050738 -0.232479653139 0.596297354550 0.00338189431759 0.755214361099 -0.546932079608 0.199952016651 0.128695995567 0.0619762354755 -0.317596709432 0.389469174170 0.0509774424341 -0.110195268391 0.672738406353 -0.194911462462 -0.0199321770680 -0.00647480714075 0.317795347801 -0.330732958113 0.493119715553 -0.186151796649 -0.0158868708945 -0.104510199816 -0.0173551221103 0.329238833864 -0.288740041025 0.412915532479
# log_recruit_devs:
 0.0339221274299 -0.0116849752504 -0.236705531456 -0.0384030389729 0.118931869313 -0.0964398042440 0.0330987114647 0.280982222847 0.213056054300 0.239096164553 -0.0460919180906 0.124127270236 -0.0207018185392 -0.501566846383 0.0895826543984 0.114704798724 -0.340576321053 0.0934420040696 -0.156125440734 0.0254620863841 -0.0149457412392 -0.138262814692 0.00999728631393 0.253956401788 -0.0946578637698 0.293398932161 -0.252657811393 0.0982359463441 -0.0786162462015 0.00544164169206
# log_N_year1_devs:
 -0.0927849817857 0.0266987824694 -0.0489277686078 0.00818336836315 0.00188237577584 -0.409867112789 0.144286995742 0.0453746259866 -0.0137172304892 -0.647127506274 -0.0403716786167
# log_q_year1:
 -7.91020435609
# log_q_devs:
 0.00000000000 0.00000000000 0.00000000000 0.00000000000 0.00000000000 0.00000000000 0.00000000000 0.00000000000 0.00000000000 0.00000000000 0.00000000000 0.00000000000 0.00000000000 0.00000000000 0.00000000000 0.00000000000 0.00000000000 0.00000000000 0.00000000000 0.00000000000 0.00000000000 0.00000000000 0.00000000000 0.00000000000 0.00000000000 0.00000000000 0.00000000000 0.00000000000 0.00000000000
# index_sel_params[1]:
1.54459080133
# index_sel_params[2]:
0.533810769365
# log_SR_scaler:
6.90493385207
# SR_steepness:
0.750000000000
