#styr												
1
#endyr												
30
#rec_age										
1															
#n_ages										
12
# numbers of length intervals
81
#Length	bin
10	11	12	13	14	15	16	17	18	19	20	21	22	23	24	25	26	27	28	29	30	31	32	33	34	35	36	37	38	39	40	41	42	43	44	45	46	47	48	49	50	51	52	53	54	55	56	57	58	59	60	61	62	63	64	65	66	67	68	69	70	71	72	73	74	75	76	77	78	79	80	81	82	83	84	85	86	87	88	89	90
#nfsh
1
#names_fsh
FLEET1												
#catch												
195.902380521215	356.312219408134	379.252506562789	718.14751180547	1249.63202907772	1125.62397248598	1861.68299294646	1426.39550681937	1291.17628683801	1246.6674527925	1140.02190941118	1989.25714711533	1532.76188355735	1259.69534061541	1129.89653397288	1511.17834959822	1398.9435040584	1260.70976728435	1760.506196323	1543.93447127137	1939.841255529	1388.32795982109	1513.32889336337	880.567029897929	1041.74178666399	1369.75966695683	1322.51135205233	1287.94611704007	774.311178883317	1075.5611768325
#catch_cv											
0.01	0.01	0.01	0.01	0.01	0.01	0.01	0.01	0.01	0.01	0.01	0.01	0.01	0.01	0.01	0.01	0.01	0.01	0.01	0.01	0.01	0.01	0.01	0.01	0.01	0.01	0.01	0.01	0.01	0.01
#n_ages_fsh								
30		
#n_lengths_fsh								
0															
#yrs_ages_fsh								
1	2	3	4	5	6	7	8	9	10	11	12	13	14	15	16	17	18	19	20	21	22	23	24	25	26	27	28	29	30	
#sample_ages_fsh							
200	200	200	200	200	200	200	200	200	200	200	200	200	200	200	200	200	200	200	200	200	200	200	200	200	200	200	200	200	200
#page_fsh	2	3	4	5	6	7	8	9	10	11						
0.075	0.075	0.125	0.115	0.13	0.12	0.05	0.065	0.035	0.03	0.03	0.15
0.115	0.085	0.12	0.115	0.085	0.085	0.065	0.08	0.06	0.03	0.04	0.12
0.075	0.11	0.135	0.12	0.115	0.1	0.07	0.055	0.035	0.035	0.02	0.13
0.065	0.1	0.17	0.11	0.085	0.105	0.075	0.045	0.06	0.05	0.025	0.11
0.075	0.105	0.15	0.14	0.08	0.09	0.06	0.075	0.05	0.035	0.025	0.115
0.095	0.115	0.075	0.105	0.175	0.105	0.075	0.04	0.02	0.03	0.02	0.145
0.04	0.125	0.19	0.12	0.125	0.11	0.055	0.06	0.055	0.02	0.01	0.09
0.06	0.085	0.15	0.12	0.095	0.065	0.095	0.055	0.055	0.045	0.05	0.125
0.16	0.1	0.075	0.12	0.1	0.075	0.095	0.075	0.025	0.035	0.015	0.125
0.07	0.19	0.1	0.125	0.11	0.075	0.07	0.055	0.03	0.04	0.03	0.105
0.125	0.11	0.175	0.115	0.085	0.06	0.09	0.035	0.035	0.035	0.01	0.125
0.11	0.155	0.125	0.155	0.105	0.055	0.02	0.045	0.05	0.04	0.03	0.11
0.09	0.125	0.215	0.115	0.12	0.06	0.035	0.095	0.035	0.01	0.025	0.075
0.13	0.12	0.155	0.175	0.08	0.115	0.03	0.045	0.02	0.035	0.025	0.07
0.12	0.2	0.12	0.125	0.145	0.055	0.105	0.015	0.01	0.02	0.015	0.07
0.13	0.175	0.165	0.105	0.115	0.105	0.065	0.035	0.005	0.02	0.005	0.075
0.07	0.155	0.22	0.145	0.105	0.06	0.085	0.025	0.04	0.02	0.015	0.06
0.135	0.155	0.175	0.085	0.15	0.09	0.035	0.055	0.04	0.015	0.005	0.06
0.11	0.225	0.14	0.13	0.115	0.08	0.05	0.02	0.05	0.01	0.02	0.05
0.13	0.165	0.205	0.145	0.105	0.075	0.07	0.025	0.04	0	0.015	0.025
0.12	0.16	0.135	0.17	0.11	0.1	0.055	0.07	0.015	0.02	0.005	0.04
0.165	0.17	0.195	0.11	0.145	0.035	0.07	0.035	0.02	0.015	0.015	0.025
0.15	0.265	0.2	0.095	0.08	0.085	0.02	0.04	0.02	0.005	0.015	0.025
0.08	0.195	0.24	0.17	0.12	0.05	0.055	0.01	0.02	0.03	0.01	0.02
0.12	0.195	0.22	0.225	0.08	0.05	0.04	0.035	0.015	0.01	0.005	0.005
0.125	0.265	0.15	0.17	0.09	0.055	0.045	0.035	0.045	0.005	0	0.015
0.11	0.22	0.185	0.13	0.08	0.115	0.065	0.025	0.02	0.03	0.005	0.015
0.15	0.18	0.215	0.2	0.095	0.055	0.04	0.025	0.015	0.01	0.005	0.01
0.165	0.21	0.18	0.16	0.12	0.065	0.04	0.015	0.01	0.015	0.005	0.015
0.12	0.215	0.21	0.125	0.09	0.095	0.04	0.03	0.04	0.01	0.025	0
#wt_age_fsh	1 2	3	4	5	6	7	8	9	10	11						
0.000530656	0.001196328	0.002058265	0.003034987	0.004055212	0.005064698	0.006026226	0.006916921	0.007724891	0.008446113	0.009081853	0.009636695
0.000530656	0.001196328	0.002058265	0.003034987	0.004055212	0.005064698	0.006026226	0.006916921	0.007724891	0.008446113	0.009081853	0.009636695
0.000530656	0.001196328	0.002058265	0.003034987	0.004055212	0.005064698	0.006026226	0.006916921	0.007724891	0.008446113	0.009081853	0.009636695
0.000530656	0.001196328	0.002058265	0.003034987	0.004055212	0.005064698	0.006026226	0.006916921	0.007724891	0.008446113	0.009081853	0.009636695
0.000530656	0.001196328	0.002058265	0.003034987	0.004055212	0.005064698	0.006026226	0.006916921	0.007724891	0.008446113	0.009081853	0.009636695
0.000530656	0.001196328	0.002058265	0.003034987	0.004055212	0.005064698	0.006026226	0.006916921	0.007724891	0.008446113	0.009081853	0.009636695
0.000530656	0.001196328	0.002058265	0.003034987	0.004055212	0.005064698	0.006026226	0.006916921	0.007724891	0.008446113	0.009081853	0.009636695
0.000530656	0.001196328	0.002058265	0.003034987	0.004055212	0.005064698	0.006026226	0.006916921	0.007724891	0.008446113	0.009081853	0.009636695
0.000530656	0.001196328	0.002058265	0.003034987	0.004055212	0.005064698	0.006026226	0.006916921	0.007724891	0.008446113	0.009081853	0.009636695
0.000530656	0.001196328	0.002058265	0.003034987	0.004055212	0.005064698	0.006026226	0.006916921	0.007724891	0.008446113	0.009081853	0.009636695
0.000530656	0.001196328	0.002058265	0.003034987	0.004055212	0.005064698	0.006026226	0.006916921	0.007724891	0.008446113	0.009081853	0.009636695
0.000530656	0.001196328	0.002058265	0.003034987	0.004055212	0.005064698	0.006026226	0.006916921	0.007724891	0.008446113	0.009081853	0.009636695
0.000530656	0.001196328	0.002058265	0.003034987	0.004055212	0.005064698	0.006026226	0.006916921	0.007724891	0.008446113	0.009081853	0.009636695
0.000530656	0.001196328	0.002058265	0.003034987	0.004055212	0.005064698	0.006026226	0.006916921	0.007724891	0.008446113	0.009081853	0.009636695
0.000530656	0.001196328	0.002058265	0.003034987	0.004055212	0.005064698	0.006026226	0.006916921	0.007724891	0.008446113	0.009081853	0.009636695
0.000530656	0.001196328	0.002058265	0.003034987	0.004055212	0.005064698	0.006026226	0.006916921	0.007724891	0.008446113	0.009081853	0.009636695
0.000530656	0.001196328	0.002058265	0.003034987	0.004055212	0.005064698	0.006026226	0.006916921	0.007724891	0.008446113	0.009081853	0.009636695
0.000530656	0.001196328	0.002058265	0.003034987	0.004055212	0.005064698	0.006026226	0.006916921	0.007724891	0.008446113	0.009081853	0.009636695
0.000530656	0.001196328	0.002058265	0.003034987	0.004055212	0.005064698	0.006026226	0.006916921	0.007724891	0.008446113	0.009081853	0.009636695
0.000530656	0.001196328	0.002058265	0.003034987	0.004055212	0.005064698	0.006026226	0.006916921	0.007724891	0.008446113	0.009081853	0.009636695
0.000530656	0.001196328	0.002058265	0.003034987	0.004055212	0.005064698	0.006026226	0.006916921	0.007724891	0.008446113	0.009081853	0.009636695
0.000530656	0.001196328	0.002058265	0.003034987	0.004055212	0.005064698	0.006026226	0.006916921	0.007724891	0.008446113	0.009081853	0.009636695
0.000530656	0.001196328	0.002058265	0.003034987	0.004055212	0.005064698	0.006026226	0.006916921	0.007724891	0.008446113	0.009081853	0.009636695
0.000530656	0.001196328	0.002058265	0.003034987	0.004055212	0.005064698	0.006026226	0.006916921	0.007724891	0.008446113	0.009081853	0.009636695
0.000530656	0.001196328	0.002058265	0.003034987	0.004055212	0.005064698	0.006026226	0.006916921	0.007724891	0.008446113	0.009081853	0.009636695
0.000530656	0.001196328	0.002058265	0.003034987	0.004055212	0.005064698	0.006026226	0.006916921	0.007724891	0.008446113	0.009081853	0.009636695
0.000530656	0.001196328	0.002058265	0.003034987	0.004055212	0.005064698	0.006026226	0.006916921	0.007724891	0.008446113	0.009081853	0.009636695
0.000530656	0.001196328	0.002058265	0.003034987	0.004055212	0.005064698	0.006026226	0.006916921	0.007724891	0.008446113	0.009081853	0.009636695
0.000530656	0.001196328	0.002058265	0.003034987	0.004055212	0.005064698	0.006026226	0.006916921	0.007724891	0.008446113	0.009081853	0.009636695
0.000530656	0.001196328	0.002058265	0.003034987	0.004055212	0.005064698	0.006026226	0.006916921	0.007724891	0.008446113	0.009081853	0.009636695
#nind
1
#ind_names									
SURVEY1									
#nobs_ind
30
#yrs_ind											
1	2	3	4	5	6	7	8	9	10	11	12	13	14	15	16	17	18	19	20	21	22	23	24	25	26	27	28	29	30	
#month_ind										
1															
#biom_ind											
1.62165757557562	1.60544250014026	1.4450629742117	1.48109606967946	1.5710658183188	1.29195117284194	1.2096229552109	1.27400279525986	1.26630618067137	1.00398333531634	0.994215975485479	1.26637996520382	1.00528345233913	0.96343413140005	0.942039654012037	1.14235694755258	0.836928950018995	0.885277988223409	0.864000644122589	0.858972476192287	0.971488544602233	0.834758139755263	0.692442601501379	0.610207372533784	0.818075499304976	0.675915170358033	0.755749203900404	0.539234310719437	0.549902321951915	0.647248494402479
#biom_cv																
0.324331515115123	0.321088500028053	0.28901259484234	0.296219213935892	0.31421316366376	0.258390234568387	0.24192459104218	0.254800559051972	0.253261236134273	0.200796667063268	0.198843195097096	0.253275993040765	0.201056690467826	0.19268682628001	0.188407930802407	0.228471389510517	0.167385790003799	0.177055597644682	0.172800128824518	0.171794495238457	0.194297708920447	0.166951627951053	0.138488520300276	0.122041474506757	0.163615099860995	0.135183034071607	0.151149840780081	0.107846862143887	0.109980464390383	0.129449698880496
#n_ages_ind															
30			
#n_lengths_ind															
0															
#yrs_ages_ind															
1	2	3	4	5	6	7	8	9	10	11	12	13	14	15	16	17	18	19	20	21	22	23	24	25	26	27	28	29	30	
#sample_ages_ind					
200	200	200	200	200	200	200	200	200	200	200	200	200	200	200	200	200	200	200	200	200	200	200	200	200	200	200	200	200	200
#page_ind						
0.085	0.13	0.095	0.085	0.13	0.085	0.07	0.07	0.05	0.05	0.035	0.115
0.075	0.125	0.14	0.1	0.105	0.135	0.055	0.025	0.065	0.055	0.01	0.11
0.07	0.175	0.15	0.11	0.07	0.055	0.085	0.055	0.05	0.035	0.025	0.12
0.075	0.145	0.155	0.115	0.075	0.085	0.07	0.05	0.045	0.065	0.035	0.085
0.08	0.14	0.145	0.145	0.085	0.045	0.04	0.05	0.04	0.045	0.065	0.12
0.06	0.185	0.175	0.12	0.105	0.055	0.045	0.055	0.025	0.015	0.035	0.125
0.04	0.165	0.185	0.105	0.12	0.085	0.065	0.07	0.035	0.04	0.02	0.07
0.05	0.08	0.2	0.2	0.075	0.085	0.085	0.06	0.03	0.03	0.025	0.08
0.08	0.175	0.13	0.105	0.125	0.06	0.06	0.06	0.045	0.03	0.015	0.115
0.08	0.17	0.21	0.095	0.115	0.125	0.045	0.05	0.035	0.015	0.01	0.05
0.1	0.155	0.14	0.135	0.06	0.115	0.07	0.04	0.03	0.05	0.045	0.06
0.07	0.155	0.17	0.165	0.095	0.085	0.06	0.06	0.03	0	0.025	0.085
0.075	0.19	0.165	0.105	0.11	0.095	0.05	0.045	0.045	0.025	0.01	0.085
0.085	0.115	0.205	0.195	0.065	0.07	0.07	0.05	0.05	0.02	0.005	0.07
0.12	0.195	0.175	0.16	0.1	0.06	0.045	0.02	0.02	0.045	0.02	0.04
0.08	0.235	0.225	0.125	0.075	0.07	0.045	0.065	0.025	0.005	0	0.05
0.065	0.225	0.21	0.185	0.085	0.055	0.045	0.015	0.03	0.03	0.015	0.04
0.115	0.125	0.24	0.21	0.105	0.04	0.06	0.035	0.02	0	0.01	0.04
0.075	0.19	0.15	0.155	0.115	0.1	0.055	0.035	0.05	0.015	0.02	0.04
0.095	0.2	0.275	0.105	0.085	0.08	0.045	0.035	0.02	0.01	0.015	0.035
0.095	0.275	0.15	0.175	0.065	0.065	0.045	0.03	0.045	0.015	0.01	0.03
0.115	0.225	0.205	0.135	0.125	0.08	0.03	0.025	0.04	0.005	0	0.015
0.08	0.19	0.265	0.14	0.075	0.095	0.055	0.025	0.015	0.02	0.015	0.025
0.11	0.23	0.285	0.11	0.09	0.035	0.065	0.03	0.005	0.01	0.01	0.02
0.125	0.215	0.255	0.13	0.085	0.05	0.03	0.015	0.025	0.025	0.01	0.035
0.09	0.22	0.27	0.14	0.13	0.07	0.015	0.02	0.025	0.005	0.01	0.005
0.12	0.26	0.24	0.105	0.155	0.065	0.025	0.02	0	0.005	0	0.005
0.135	0.26	0.15	0.19	0.075	0.06	0.045	0.04	0.005	0.01	0.025	0.005
0.175	0.28	0.18	0.095	0.085	0.07	0.045	0.03	0.03	0.01	0	0
0.145	0.21	0.245	0.115	0.13	0.06	0.015	0.02	0.015	0.01	0.01	0.025
#wt_age_ind						
1 1 1 1 1 1 1 1 1 1 1 1 
1 1 1 1 1 1 1 1 1 1 1 1 
1 1 1 1 1 1 1 1 1 1 1 1 
1 1 1 1 1 1 1 1 1 1 1 1 
1 1 1 1 1 1 1 1 1 1 1 1 
1 1 1 1 1 1 1 1 1 1 1 1 
1 1 1 1 1 1 1 1 1 1 1 1 
1 1 1 1 1 1 1 1 1 1 1 1 
1 1 1 1 1 1 1 1 1 1 1 1 
1 1 1 1 1 1 1 1 1 1 1 1 
1 1 1 1 1 1 1 1 1 1 1 1 
1 1 1 1 1 1 1 1 1 1 1 1 
1 1 1 1 1 1 1 1 1 1 1 1 
1 1 1 1 1 1 1 1 1 1 1 1 
1 1 1 1 1 1 1 1 1 1 1 1 
1 1 1 1 1 1 1 1 1 1 1 1 
1 1 1 1 1 1 1 1 1 1 1 1 
1 1 1 1 1 1 1 1 1 1 1 1 
1 1 1 1 1 1 1 1 1 1 1 1 
1 1 1 1 1 1 1 1 1 1 1 1 
1 1 1 1 1 1 1 1 1 1 1 1 
1 1 1 1 1 1 1 1 1 1 1 1 
1 1 1 1 1 1 1 1 1 1 1 1 
1 1 1 1 1 1 1 1 1 1 1 1 
1 1 1 1 1 1 1 1 1 1 1 1 
1 1 1 1 1 1 1 1 1 1 1 1 
1 1 1 1 1 1 1 1 1 1 1 1 
1 1 1 1 1 1 1 1 1 1 1 1 
1 1 1 1 1 1 1 1 1 1 1 1 
1 1 1 1 1 1 1 1 1 1 1 1 
# wt_pop
0.000530656	0.001196328	0.002058265	0.003034987	0.004055212	0.005064698	0.006026226	0.006916921	0.007724891	0.008446113	0.009081853	0.009636695
#maturity
0.02297737 0.32082130 0.90465054 0.99477987 0.99973881 0.99998699 0.99999935 0.99999997 1 1 1 1
#spmonth						
1		
#age_err						
1	0	0	0	0	0	0	0	0	0	0	0
0	1	0	0	0	0	0	0	0	0	0	0
0	0	1	0	0	0	0	0	0	0	0	0
0	0	0	1	0	0	0	0	0	0	0	0
0	0	0	0	1	0	0	0	0	0	0	0
0	0	0	0	0	1	0	0	0	0	0	0
0	0	0	0	0	0	1	0	0	0	0	0
0	0	0	0	0	0	0	1	0	0	0	0
0	0	0	0	0	0	0	0	1	0	0	0
0	0	0	0	0	0	0	0	0	1	0	0
0	0	0	0	0	0	0	0	0	0	1	0
0	0	0	0	0	0	0	0	0	0	0	1																														
