#styr												
1
#endyr												
30
#rec_age										
1															
#n_ages										
12
# numbers of length intervals
81
#Length	bin
10	11	12	13	14	15	16	17	18	19	20	21	22	23	24	25	26	27	28	29	30	31	32	33	34	35	36	37	38	39	40	41	42	43	44	45	46	47	48	49	50	51	52	53	54	55	56	57	58	59	60	61	62	63	64	65	66	67	68	69	70	71	72	73	74	75	76	77	78	79	80	81	82	83	84	85	86	87	88	89	90
#nfsh
1
#names_fsh
FLEET1												
#catch												
159.272670190053	461.362745145061	751.235657467861	984.076310320969	762.315286282248	1316.27454037299	1263.2640677096	2426.92109055707	1305.64761907672	1504.70311651696	1607.33677449072	1600.11067962499	1098.46980512965	1555.95685007411	1573.02153716581	1385.01593230061	2539.49168762261	1839.4969436864	1676.35569114019	1522.98890743056	1892.39955767052	1230.49333365667	1807.71570478847	1312.37911646216	1225.16768930438	1100.11764220439	1092.38418646037	1480.63453157767	1085.78404393511	1584.6730835957
#catch_cv											
0.01	0.01	0.01	0.01	0.01	0.01	0.01	0.01	0.01	0.01	0.01	0.01	0.01	0.01	0.01	0.01	0.01	0.01	0.01	0.01	0.01	0.01	0.01	0.01	0.01	0.01	0.01	0.01	0.01	0.01
#n_ages_fsh								
30		
#n_lengths_fsh								
0															
#yrs_ages_fsh								
1	2	3	4	5	6	7	8	9	10	11	12	13	14	15	16	17	18	19	20	21	22	23	24	25	26	27	28	29	30	
#sample_ages_fsh							
200	200	200	200	200	200	200	200	200	200	200	200	200	200	200	200	200	200	200	200	200	200	200	200	200	200	200	200	200	200
#page_fsh	2	3	4	5	6	7	8	9	10	11						
0.055	0.1	0.15	0.1	0.125	0.07	0.085	0.085	0.06	0.03	0.035	0.105
0.09	0.125	0.12	0.095	0.08	0.09	0.065	0.06	0.07	0.05	0.03	0.125
0.095	0.08	0.135	0.095	0.13	0.09	0.08	0.06	0.025	0.045	0.025	0.14
0.1	0.135	0.1	0.075	0.11	0.095	0.065	0.08	0.03	0.02	0.04	0.15
0.045	0.09	0.16	0.15	0.07	0.095	0.05	0.065	0.06	0.075	0.03	0.11
0.1	0.1	0.11	0.155	0.08	0.1	0.1	0.02	0.045	0.02	0.035	0.135
0.11	0.14	0.075	0.12	0.145	0.08	0.055	0.055	0.04	0.025	0.04	0.115
0.07	0.155	0.135	0.07	0.1	0.105	0.08	0.03	0.03	0.04	0.04	0.145
0.06	0.13	0.14	0.21	0.06	0.095	0.055	0.06	0.035	0.015	0.035	0.105
0.085	0.125	0.175	0.115	0.145	0.075	0.045	0.03	0.045	0.03	0.035	0.095
0.12	0.085	0.12	0.21	0.12	0.09	0.03	0.03	0.035	0.025	0.04	0.095
0.125	0.135	0.145	0.13	0.125	0.06	0.065	0.035	0.025	0.04	0.02	0.095
0.095	0.155	0.19	0.12	0.1	0.095	0.05	0.05	0.02	0.035	0.045	0.045
0.145	0.16	0.155	0.155	0.12	0.055	0.04	0.03	0.035	0.005	0.005	0.095
0.11	0.12	0.225	0.135	0.1	0.09	0.045	0.045	0.035	0.035	0	0.06
0.085	0.175	0.165	0.225	0.14	0.06	0.03	0.02	0.02	0.02	0.02	0.04
0.1	0.205	0.175	0.155	0.11	0.07	0.045	0.035	0.02	0.015	0.015	0.055
0.095	0.185	0.165	0.13	0.155	0.1	0.06	0.035	0.015	0.005	0.01	0.045
0.105	0.165	0.215	0.125	0.14	0.085	0.045	0.025	0.03	0.015	0.01	0.04
0.13	0.18	0.13	0.17	0.115	0.13	0.06	0.03	0.005	0.02	0.005	0.025
0.12	0.095	0.235	0.14	0.115	0.115	0.055	0.02	0.03	0.02	0.03	0.025
0.135	0.155	0.145	0.205	0.105	0.11	0.025	0.04	0.02	0.02	0.02	0.02
0.16	0.17	0.19	0.15	0.095	0.065	0.045	0.01	0.08	0.01	0.01	0.015
0.105	0.265	0.225	0.155	0.065	0.09	0.04	0.025	0.01	0.005	0.01	0.005
0.155	0.115	0.295	0.14	0.11	0.07	0.025	0.02	0.025	0.02	0.01	0.015
0.1	0.3	0.115	0.175	0.095	0.075	0.05	0.025	0.015	0.015	0.02	0.015
0.17	0.235	0.255	0.095	0.12	0.045	0.015	0.02	0.015	0.005	0.01	0.015
0.16	0.18	0.225	0.22	0.055	0.06	0.04	0.02	0.015	0.015	0.005	0.005
0.17	0.25	0.215	0.15	0.115	0.01	0.05	0.01	0.015	0	0.005	0.01
0.17	0.285	0.185	0.13	0.06	0.075	0.01	0.055	0.005	0.005	0	0.02
#wt_age_fsh	1 2	3	4	5	6	7	8	9	10	11						
0.000530656	0.001196328	0.002058265	0.003034987	0.004055212	0.005064698	0.006026226	0.006916921	0.007724891	0.008446113	0.009081853	0.009636695
0.000530656	0.001196328	0.002058265	0.003034987	0.004055212	0.005064698	0.006026226	0.006916921	0.007724891	0.008446113	0.009081853	0.009636695
0.000530656	0.001196328	0.002058265	0.003034987	0.004055212	0.005064698	0.006026226	0.006916921	0.007724891	0.008446113	0.009081853	0.009636695
0.000530656	0.001196328	0.002058265	0.003034987	0.004055212	0.005064698	0.006026226	0.006916921	0.007724891	0.008446113	0.009081853	0.009636695
0.000530656	0.001196328	0.002058265	0.003034987	0.004055212	0.005064698	0.006026226	0.006916921	0.007724891	0.008446113	0.009081853	0.009636695
0.000530656	0.001196328	0.002058265	0.003034987	0.004055212	0.005064698	0.006026226	0.006916921	0.007724891	0.008446113	0.009081853	0.009636695
0.000530656	0.001196328	0.002058265	0.003034987	0.004055212	0.005064698	0.006026226	0.006916921	0.007724891	0.008446113	0.009081853	0.009636695
0.000530656	0.001196328	0.002058265	0.003034987	0.004055212	0.005064698	0.006026226	0.006916921	0.007724891	0.008446113	0.009081853	0.009636695
0.000530656	0.001196328	0.002058265	0.003034987	0.004055212	0.005064698	0.006026226	0.006916921	0.007724891	0.008446113	0.009081853	0.009636695
0.000530656	0.001196328	0.002058265	0.003034987	0.004055212	0.005064698	0.006026226	0.006916921	0.007724891	0.008446113	0.009081853	0.009636695
0.000530656	0.001196328	0.002058265	0.003034987	0.004055212	0.005064698	0.006026226	0.006916921	0.007724891	0.008446113	0.009081853	0.009636695
0.000530656	0.001196328	0.002058265	0.003034987	0.004055212	0.005064698	0.006026226	0.006916921	0.007724891	0.008446113	0.009081853	0.009636695
0.000530656	0.001196328	0.002058265	0.003034987	0.004055212	0.005064698	0.006026226	0.006916921	0.007724891	0.008446113	0.009081853	0.009636695
0.000530656	0.001196328	0.002058265	0.003034987	0.004055212	0.005064698	0.006026226	0.006916921	0.007724891	0.008446113	0.009081853	0.009636695
0.000530656	0.001196328	0.002058265	0.003034987	0.004055212	0.005064698	0.006026226	0.006916921	0.007724891	0.008446113	0.009081853	0.009636695
0.000530656	0.001196328	0.002058265	0.003034987	0.004055212	0.005064698	0.006026226	0.006916921	0.007724891	0.008446113	0.009081853	0.009636695
0.000530656	0.001196328	0.002058265	0.003034987	0.004055212	0.005064698	0.006026226	0.006916921	0.007724891	0.008446113	0.009081853	0.009636695
0.000530656	0.001196328	0.002058265	0.003034987	0.004055212	0.005064698	0.006026226	0.006916921	0.007724891	0.008446113	0.009081853	0.009636695
0.000530656	0.001196328	0.002058265	0.003034987	0.004055212	0.005064698	0.006026226	0.006916921	0.007724891	0.008446113	0.009081853	0.009636695
0.000530656	0.001196328	0.002058265	0.003034987	0.004055212	0.005064698	0.006026226	0.006916921	0.007724891	0.008446113	0.009081853	0.009636695
0.000530656	0.001196328	0.002058265	0.003034987	0.004055212	0.005064698	0.006026226	0.006916921	0.007724891	0.008446113	0.009081853	0.009636695
0.000530656	0.001196328	0.002058265	0.003034987	0.004055212	0.005064698	0.006026226	0.006916921	0.007724891	0.008446113	0.009081853	0.009636695
0.000530656	0.001196328	0.002058265	0.003034987	0.004055212	0.005064698	0.006026226	0.006916921	0.007724891	0.008446113	0.009081853	0.009636695
0.000530656	0.001196328	0.002058265	0.003034987	0.004055212	0.005064698	0.006026226	0.006916921	0.007724891	0.008446113	0.009081853	0.009636695
0.000530656	0.001196328	0.002058265	0.003034987	0.004055212	0.005064698	0.006026226	0.006916921	0.007724891	0.008446113	0.009081853	0.009636695
0.000530656	0.001196328	0.002058265	0.003034987	0.004055212	0.005064698	0.006026226	0.006916921	0.007724891	0.008446113	0.009081853	0.009636695
0.000530656	0.001196328	0.002058265	0.003034987	0.004055212	0.005064698	0.006026226	0.006916921	0.007724891	0.008446113	0.009081853	0.009636695
0.000530656	0.001196328	0.002058265	0.003034987	0.004055212	0.005064698	0.006026226	0.006916921	0.007724891	0.008446113	0.009081853	0.009636695
0.000530656	0.001196328	0.002058265	0.003034987	0.004055212	0.005064698	0.006026226	0.006916921	0.007724891	0.008446113	0.009081853	0.009636695
0.000530656	0.001196328	0.002058265	0.003034987	0.004055212	0.005064698	0.006026226	0.006916921	0.007724891	0.008446113	0.009081853	0.009636695
#nind
1
#ind_names									
SURVEY1									
#nobs_ind
30
#yrs_ind											
1	2	3	4	5	6	7	8	9	10	11	12	13	14	15	16	17	18	19	20	21	22	23	24	25	26	27	28	29	30	
#month_ind										
1															
#biom_ind											
1.35121180720633	1.29385870999337	1.24249372448642	1.4500757402136	1.44009441538829	1.30082064241464	1.32081586615344	1.39316583709894	1.15988514111239	1.02633579429842	1.0935512346337	1.06229747656517	1.00515454895744	0.87432664915255	1.15411008164194	1.07849458247237	1.17237083135804	1.1715332662558	0.99226474056515	0.735699086592775	0.789776496875168	0.660661767002213	0.743176369044742	0.523745096509483	0.535828475979736	0.576698837231553	0.542901778902771	0.586409386543788	0.646374536583841	0.536809652016112
#biom_cv																
0.270242361441266	0.258771741998673	0.248498744897285	0.290015148042721	0.288018883077659	0.260164128482929	0.264163173230688	0.278633167419788	0.231977028222479	0.205267158859683	0.21871024692674	0.212459495313035	0.201030909791489	0.17486532983051	0.230822016328388	0.215698916494473	0.234474166271609	0.234306653251159	0.19845294811303	0.147139817318555	0.157955299375034	0.132132353400443	0.148635273808948	0.104749019301897	0.107165695195947	0.115339767446311	0.108580355780554	0.117281877308758	0.129274907316768	0.107361930403222
#n_ages_ind															
30			
#n_lengths_ind															
0															
#yrs_ages_ind															
1	2	3	4	5	6	7	8	9	10	11	12	13	14	15	16	17	18	19	20	21	22	23	24	25	26	27	28	29	30	
#sample_ages_ind					
200	200	200	200	200	200	200	200	200	200	200	200	200	200	200	200	200	200	200	200	200	200	200	200	200	200	200	200	200	200
#page_ind						
0.075	0.095	0.15	0.09	0.15	0.085	0.055	0.03	0.045	0.05	0.04	0.135
0.065	0.14	0.145	0.125	0.12	0.08	0.075	0.06	0.07	0.03	0.01	0.08
0.11	0.12	0.14	0.065	0.115	0.075	0.1	0.05	0.025	0.04	0.035	0.125
0.06	0.145	0.165	0.135	0.1	0.065	0.065	0.045	0.035	0.04	0.02	0.125
0.05	0.2	0.175	0.08	0.1	0.085	0.06	0.02	0.04	0.045	0.03	0.115
0.06	0.105	0.19	0.175	0.095	0.075	0.03	0.05	0.045	0.045	0.03	0.1
0.055	0.185	0.13	0.14	0.13	0.065	0.085	0.035	0.01	0.04	0.015	0.11
0.08	0.14	0.185	0.075	0.09	0.115	0.045	0.045	0.045	0.02	0.025	0.135
0.09	0.195	0.135	0.14	0.06	0.085	0.09	0.03	0.015	0.02	0.02	0.12
0.055	0.12	0.24	0.13	0.165	0.035	0.035	0.04	0.04	0.02	0.04	0.08
0.055	0.21	0.105	0.195	0.12	0.065	0.035	0.055	0.05	0.015	0.02	0.075
0.07	0.17	0.16	0.125	0.165	0.06	0.045	0.025	0.045	0.03	0.015	0.09
0.09	0.115	0.19	0.145	0.105	0.1	0.065	0.07	0.005	0.02	0.02	0.075
0.095	0.26	0.115	0.14	0.095	0.06	0.045	0.06	0.045	0.01	0.01	0.065
0.12	0.19	0.255	0.115	0.09	0.065	0.045	0.04	0.03	0.02	0.005	0.025
0.06	0.2	0.18	0.185	0.1	0.055	0.055	0.035	0.055	0.03	0	0.045
0.095	0.185	0.205	0.17	0.09	0.095	0.025	0.055	0.025	0.03	0	0.025
0.09	0.225	0.165	0.165	0.1	0.085	0.045	0.02	0.025	0.01	0.04	0.03
0.11	0.225	0.18	0.14	0.115	0.07	0.05	0.035	0.01	0.015	0.015	0.035
0.05	0.21	0.235	0.15	0.145	0.07	0.045	0.03	0.015	0.01	0	0.04
0.06	0.245	0.25	0.1	0.1	0.085	0.055	0.025	0.02	0.025	0.005	0.03
0.055	0.29	0.175	0.145	0.11	0.07	0.06	0.055	0.015	0.01	0.005	0.01
0.18	0.23	0.19	0.12	0.1	0.06	0.045	0.025	0.02	0.01	0.015	0.005
0.08	0.3	0.26	0.09	0.11	0.035	0.035	0.02	0.02	0.01	0.025	0.015
0.15	0.235	0.245	0.16	0.065	0.07	0.03	0.005	0.03	0	0	0.01
0.12	0.305	0.165	0.195	0.07	0.07	0.02	0.02	0.005	0.005	0	0.025
0.09	0.235	0.31	0.11	0.115	0.055	0.035	0.02	0.01	0.01	0.005	0.005
0.145	0.21	0.27	0.195	0.065	0.06	0.03	0.01	0.005	0.005	0	0.005
0.18	0.165	0.235	0.175	0.095	0.05	0.03	0.04	0.005	0.01	0.01	0.005
0.095	0.285	0.225	0.19	0.1	0.045	0.02	0.01	0.015	0.015	0	0
#wt_age_ind						
1 1 1 1 1 1 1 1 1 1 1 1 
1 1 1 1 1 1 1 1 1 1 1 1 
1 1 1 1 1 1 1 1 1 1 1 1 
1 1 1 1 1 1 1 1 1 1 1 1 
1 1 1 1 1 1 1 1 1 1 1 1 
1 1 1 1 1 1 1 1 1 1 1 1 
1 1 1 1 1 1 1 1 1 1 1 1 
1 1 1 1 1 1 1 1 1 1 1 1 
1 1 1 1 1 1 1 1 1 1 1 1 
1 1 1 1 1 1 1 1 1 1 1 1 
1 1 1 1 1 1 1 1 1 1 1 1 
1 1 1 1 1 1 1 1 1 1 1 1 
1 1 1 1 1 1 1 1 1 1 1 1 
1 1 1 1 1 1 1 1 1 1 1 1 
1 1 1 1 1 1 1 1 1 1 1 1 
1 1 1 1 1 1 1 1 1 1 1 1 
1 1 1 1 1 1 1 1 1 1 1 1 
1 1 1 1 1 1 1 1 1 1 1 1 
1 1 1 1 1 1 1 1 1 1 1 1 
1 1 1 1 1 1 1 1 1 1 1 1 
1 1 1 1 1 1 1 1 1 1 1 1 
1 1 1 1 1 1 1 1 1 1 1 1 
1 1 1 1 1 1 1 1 1 1 1 1 
1 1 1 1 1 1 1 1 1 1 1 1 
1 1 1 1 1 1 1 1 1 1 1 1 
1 1 1 1 1 1 1 1 1 1 1 1 
1 1 1 1 1 1 1 1 1 1 1 1 
1 1 1 1 1 1 1 1 1 1 1 1 
1 1 1 1 1 1 1 1 1 1 1 1 
1 1 1 1 1 1 1 1 1 1 1 1 
# wt_pop
0.000530656	0.001196328	0.002058265	0.003034987	0.004055212	0.005064698	0.006026226	0.006916921	0.007724891	0.008446113	0.009081853	0.009636695
#maturity
0.02297737 0.32082130 0.90465054 0.99477987 0.99973881 0.99998699 0.99999935 0.99999997 1 1 1 1
#spmonth						
1		
#age_err						
1	0	0	0	0	0	0	0	0	0	0	0
0	1	0	0	0	0	0	0	0	0	0	0
0	0	1	0	0	0	0	0	0	0	0	0
0	0	0	1	0	0	0	0	0	0	0	0
0	0	0	0	1	0	0	0	0	0	0	0
0	0	0	0	0	1	0	0	0	0	0	0
0	0	0	0	0	0	1	0	0	0	0	0
0	0	0	0	0	0	0	1	0	0	0	0
0	0	0	0	0	0	0	0	1	0	0	0
0	0	0	0	0	0	0	0	0	1	0	0
0	0	0	0	0	0	0	0	0	0	1	0
0	0	0	0	0	0	0	0	0	0	0	1																														
