#styr												
1
#endyr												
30
#rec_age										
1															
#n_ages										
12
# numbers of length intervals
81
#Length	bin
10	11	12	13	14	15	16	17	18	19	20	21	22	23	24	25	26	27	28	29	30	31	32	33	34	35	36	37	38	39	40	41	42	43	44	45	46	47	48	49	50	51	52	53	54	55	56	57	58	59	60	61	62	63	64	65	66	67	68	69	70	71	72	73	74	75	76	77	78	79	80	81	82	83	84	85	86	87	88	89	90
#nfsh
1
#names_fsh
FLEET1												
#catch												
160.606919907993	459.252376341108	735.560543219908	964.066787529831	742.556385943744	1271.38244594747	1224.21779569823	2353.19228405804	1262.74103488779	1463.59759854558	1570.63024400289	1617.54162997255	1104.02682880325	1545.21334801244	1536.94445508857	1293.17450148485	2287.77710530538	1685.6312135162	1559.12068980072	1467.59381378104	1827.94759906261	1201.76839160215	1781.69282621849	1273.23716732578	1146.02240566318	1011.7667006412	984.789629140564	1329.86261693618	938.583475324023	1318.44651632787
#catch_cv											
0.01	0.01	0.01	0.01	0.01	0.01	0.01	0.01	0.01	0.01	0.01	0.01	0.01	0.01	0.01	0.01	0.01	0.01	0.01	0.01	0.01	0.01	0.01	0.01	0.01	0.01	0.01	0.01	0.01	0.01
#n_ages_fsh								
30		
#n_lengths_fsh								
0															
#yrs_ages_fsh								
1	2	3	4	5	6	7	8	9	10	11	12	13	14	15	16	17	18	19	20	21	22	23	24	25	26	27	28	29	30	
#sample_ages_fsh							
200	200	200	200	200	200	200	200	200	200	200	200	200	200	200	200	200	200	200	200	200	200	200	200	200	200	200	200	200	200
#page_fsh	2	3	4	5	6	7	8	9	10	11						
0.085	0.145	0.12	0.125	0.09	0.085	0.05	0.06	0.045	0.025	0.015	0.155
0.09	0.115	0.12	0.145	0.095	0.065	0.085	0.085	0.055	0.025	0.025	0.095
0.075	0.12	0.13	0.11	0.075	0.095	0.08	0.075	0.07	0.025	0.025	0.12
0.11	0.155	0.115	0.08	0.105	0.075	0.035	0.06	0.06	0.045	0.01	0.15
0.085	0.125	0.135	0.085	0.1	0.08	0.05	0.085	0.045	0.055	0.045	0.11
0.115	0.04	0.195	0.14	0.1	0.12	0.06	0.06	0.04	0.025	0.035	0.07
0.09	0.115	0.195	0.155	0.065	0.055	0.09	0.065	0.015	0.02	0.03	0.105
0.09	0.145	0.19	0.08	0.1	0.07	0.045	0.065	0.01	0.065	0.025	0.115
0.14	0.11	0.14	0.155	0.07	0.07	0.08	0.035	0.045	0.05	0.025	0.08
0.135	0.1	0.115	0.12	0.11	0.095	0.05	0.05	0.03	0.03	0.02	0.145
0.11	0.18	0.19	0.105	0.085	0.06	0.06	0.05	0.045	0.025	0.035	0.055
0.08	0.135	0.235	0.12	0.09	0.07	0.09	0.055	0.025	0.025	0	0.075
0.065	0.095	0.22	0.195	0.105	0.06	0.11	0.015	0.025	0.015	0.005	0.09
0.145	0.065	0.135	0.18	0.13	0.11	0.06	0.03	0.04	0.03	0.02	0.055
0.075	0.245	0.13	0.07	0.1	0.13	0.085	0.02	0.04	0.03	0.015	0.06
0.12	0.125	0.225	0.095	0.09	0.065	0.1	0.05	0.03	0.015	0.015	0.07
0.15	0.125	0.105	0.25	0.085	0.065	0.07	0.055	0.025	0.01	0.015	0.045
0.12	0.26	0.13	0.08	0.175	0.055	0.045	0.04	0.035	0	0.015	0.045
0.08	0.14	0.28	0.11	0.085	0.115	0.03	0.045	0.025	0.03	0.01	0.05
0.05	0.155	0.2	0.225	0.11	0.055	0.085	0.03	0.025	0.015	0.015	0.035
0.09	0.175	0.155	0.21	0.15	0.085	0.015	0.075	0.01	0.01	0.005	0.02
0.16	0.135	0.225	0.12	0.09	0.095	0.035	0.03	0.06	0.005	0.01	0.035
0.13	0.215	0.2	0.145	0.085	0.08	0.055	0.02	0.03	0.03	0	0.01
0.135	0.215	0.23	0.135	0.075	0.05	0.05	0.035	0.02	0	0.025	0.03
0.18	0.215	0.155	0.145	0.09	0.07	0.025	0.03	0.05	0.015	0.005	0.02
0.155	0.26	0.175	0.125	0.11	0.04	0.05	0.035	0	0.035	0	0.015
0.095	0.26	0.27	0.12	0.095	0.055	0.04	0.02	0.005	0.02	0.01	0.01
0.175	0.205	0.195	0.2	0.04	0.05	0.045	0.03	0.005	0.015	0.015	0.025
0.165	0.185	0.215	0.115	0.17	0.07	0.025	0.01	0.01	0.005	0.005	0.025
0.2	0.18	0.165	0.165	0.145	0.085	0.025	0.015	0	0.005	0	0.015
#wt_age_fsh	1 2	3	4	5	6	7	8	9	10	11						
0.000530656	0.001196328	0.002058265	0.003034987	0.004055212	0.005064698	0.006026226	0.006916921	0.007724891	0.008446113	0.009081853	0.009636695
0.000530656	0.001196328	0.002058265	0.003034987	0.004055212	0.005064698	0.006026226	0.006916921	0.007724891	0.008446113	0.009081853	0.009636695
0.000530656	0.001196328	0.002058265	0.003034987	0.004055212	0.005064698	0.006026226	0.006916921	0.007724891	0.008446113	0.009081853	0.009636695
0.000530656	0.001196328	0.002058265	0.003034987	0.004055212	0.005064698	0.006026226	0.006916921	0.007724891	0.008446113	0.009081853	0.009636695
0.000530656	0.001196328	0.002058265	0.003034987	0.004055212	0.005064698	0.006026226	0.006916921	0.007724891	0.008446113	0.009081853	0.009636695
0.000530656	0.001196328	0.002058265	0.003034987	0.004055212	0.005064698	0.006026226	0.006916921	0.007724891	0.008446113	0.009081853	0.009636695
0.000530656	0.001196328	0.002058265	0.003034987	0.004055212	0.005064698	0.006026226	0.006916921	0.007724891	0.008446113	0.009081853	0.009636695
0.000530656	0.001196328	0.002058265	0.003034987	0.004055212	0.005064698	0.006026226	0.006916921	0.007724891	0.008446113	0.009081853	0.009636695
0.000530656	0.001196328	0.002058265	0.003034987	0.004055212	0.005064698	0.006026226	0.006916921	0.007724891	0.008446113	0.009081853	0.009636695
0.000530656	0.001196328	0.002058265	0.003034987	0.004055212	0.005064698	0.006026226	0.006916921	0.007724891	0.008446113	0.009081853	0.009636695
0.000530656	0.001196328	0.002058265	0.003034987	0.004055212	0.005064698	0.006026226	0.006916921	0.007724891	0.008446113	0.009081853	0.009636695
0.000530656	0.001196328	0.002058265	0.003034987	0.004055212	0.005064698	0.006026226	0.006916921	0.007724891	0.008446113	0.009081853	0.009636695
0.000530656	0.001196328	0.002058265	0.003034987	0.004055212	0.005064698	0.006026226	0.006916921	0.007724891	0.008446113	0.009081853	0.009636695
0.000530656	0.001196328	0.002058265	0.003034987	0.004055212	0.005064698	0.006026226	0.006916921	0.007724891	0.008446113	0.009081853	0.009636695
0.000530656	0.001196328	0.002058265	0.003034987	0.004055212	0.005064698	0.006026226	0.006916921	0.007724891	0.008446113	0.009081853	0.009636695
0.000530656	0.001196328	0.002058265	0.003034987	0.004055212	0.005064698	0.006026226	0.006916921	0.007724891	0.008446113	0.009081853	0.009636695
0.000530656	0.001196328	0.002058265	0.003034987	0.004055212	0.005064698	0.006026226	0.006916921	0.007724891	0.008446113	0.009081853	0.009636695
0.000530656	0.001196328	0.002058265	0.003034987	0.004055212	0.005064698	0.006026226	0.006916921	0.007724891	0.008446113	0.009081853	0.009636695
0.000530656	0.001196328	0.002058265	0.003034987	0.004055212	0.005064698	0.006026226	0.006916921	0.007724891	0.008446113	0.009081853	0.009636695
0.000530656	0.001196328	0.002058265	0.003034987	0.004055212	0.005064698	0.006026226	0.006916921	0.007724891	0.008446113	0.009081853	0.009636695
0.000530656	0.001196328	0.002058265	0.003034987	0.004055212	0.005064698	0.006026226	0.006916921	0.007724891	0.008446113	0.009081853	0.009636695
0.000530656	0.001196328	0.002058265	0.003034987	0.004055212	0.005064698	0.006026226	0.006916921	0.007724891	0.008446113	0.009081853	0.009636695
0.000530656	0.001196328	0.002058265	0.003034987	0.004055212	0.005064698	0.006026226	0.006916921	0.007724891	0.008446113	0.009081853	0.009636695
0.000530656	0.001196328	0.002058265	0.003034987	0.004055212	0.005064698	0.006026226	0.006916921	0.007724891	0.008446113	0.009081853	0.009636695
0.000530656	0.001196328	0.002058265	0.003034987	0.004055212	0.005064698	0.006026226	0.006916921	0.007724891	0.008446113	0.009081853	0.009636695
0.000530656	0.001196328	0.002058265	0.003034987	0.004055212	0.005064698	0.006026226	0.006916921	0.007724891	0.008446113	0.009081853	0.009636695
0.000530656	0.001196328	0.002058265	0.003034987	0.004055212	0.005064698	0.006026226	0.006916921	0.007724891	0.008446113	0.009081853	0.009636695
0.000530656	0.001196328	0.002058265	0.003034987	0.004055212	0.005064698	0.006026226	0.006916921	0.007724891	0.008446113	0.009081853	0.009636695
0.000530656	0.001196328	0.002058265	0.003034987	0.004055212	0.005064698	0.006026226	0.006916921	0.007724891	0.008446113	0.009081853	0.009636695
0.000530656	0.001196328	0.002058265	0.003034987	0.004055212	0.005064698	0.006026226	0.006916921	0.007724891	0.008446113	0.009081853	0.009636695
#nind
1
#ind_names									
SURVEY1									
#nobs_ind
30
#yrs_ind											
1	2	3	4	5	6	7	8	9	10	11	12	13	14	15	16	17	18	19	20	21	22	23	24	25	26	27	28	29	30	
#month_ind										
1															
#biom_ind											
1.35710221647449	1.45087539972049	1.531362223607	1.52845618912403	1.28833456340205	1.19910715602796	1.5081836358344	1.58976401370021	1.20535824984384	1.21232519921912	1.14558670589282	1.21739586392577	0.940513042456825	1.06298048413242	1.19530777317406	1.00808253199721	0.995490931474722	1.13084807651616	0.815556425534723	0.88242738016226	0.827614797031311	0.775352925741479	0.819740518883103	0.737258350285204	0.642655124808691	0.610947390600954	0.553160149821086	0.565618146407513	0.55832995154424	0.516656893014431
#biom_cv																
0.271420443294899	0.290175079944098	0.306272444721399	0.305691237824806	0.257666912680411	0.239821431205592	0.301636727166879	0.317952802740043	0.241071649968768	0.242465039843824	0.229117341178563	0.243479172785153	0.188102608491365	0.212596096826484	0.239061554634812	0.201616506399443	0.199098186294944	0.226169615303232	0.163111285106945	0.176485476032452	0.165522959406262	0.155070585148296	0.163948103776621	0.147451670057041	0.128531024961738	0.122189478120191	0.110632029964217	0.113123629281503	0.111665990308848	0.103331378602886
#n_ages_ind															
30			
#n_lengths_ind															
0															
#yrs_ages_ind															
1	2	3	4	5	6	7	8	9	10	11	12	13	14	15	16	17	18	19	20	21	22	23	24	25	26	27	28	29	30	
#sample_ages_ind					
200	200	200	200	200	200	200	200	200	200	200	200	200	200	200	200	200	200	200	200	200	200	200	200	200	200	200	200	200	200
#page_ind						
0.025	0.15	0.125	0.145	0.11	0.045	0.08	0.07	0.05	0.025	0.02	0.155
0.035	0.16	0.125	0.125	0.095	0.09	0.045	0.06	0.065	0.03	0.04	0.13
0.05	0.12	0.24	0.125	0.095	0.09	0.055	0.04	0.02	0.045	0.03	0.09
0.07	0.125	0.095	0.085	0.165	0.075	0.11	0.05	0.01	0.045	0.025	0.145
0.055	0.145	0.165	0.12	0.115	0.12	0.05	0.065	0.04	0	0.02	0.105
0.06	0.12	0.185	0.175	0.075	0.07	0.08	0.045	0.035	0.025	0.02	0.11
0.09	0.185	0.125	0.13	0.1	0.06	0.04	0.025	0.05	0.035	0.01	0.15
0.05	0.13	0.195	0.135	0.13	0.1	0.06	0.03	0.05	0.025	0.02	0.075
0.06	0.165	0.175	0.185	0.065	0.1	0.035	0.045	0.03	0.035	0.015	0.09
0.075	0.155	0.155	0.135	0.15	0.07	0.085	0.03	0.035	0.04	0.03	0.04
0.09	0.215	0.225	0.06	0.11	0.085	0.05	0.05	0.03	0.025	0.01	0.05
0.055	0.16	0.225	0.125	0.11	0.075	0.065	0.04	0.04	0.035	0.025	0.045
0.06	0.165	0.19	0.185	0.13	0.05	0.06	0.05	0.025	0.03	0	0.055
0.11	0.09	0.14	0.145	0.17	0.115	0.03	0.03	0.09	0.01	0.01	0.06
0.06	0.315	0.105	0.095	0.12	0.1	0.065	0.05	0.02	0.015	0.01	0.045
0.065	0.1	0.33	0.12	0.11	0.07	0.045	0.05	0.025	0.015	0.025	0.045
0.125	0.175	0.145	0.23	0.05	0.045	0.025	0.06	0.045	0.05	0.015	0.035
0.1	0.26	0.13	0.13	0.17	0.025	0.045	0.03	0.02	0.015	0.01	0.065
0.045	0.165	0.355	0.1	0.055	0.125	0.04	0.04	0.015	0.005	0.025	0.03
0.095	0.175	0.215	0.24	0.095	0.045	0.04	0.02	0.025	0.015	0.01	0.025
0.095	0.19	0.205	0.16	0.165	0.04	0.03	0.04	0.01	0.015	0.005	0.045
0.14	0.18	0.165	0.175	0.11	0.115	0.04	0.005	0.04	0	0.01	0.02
0.105	0.265	0.2	0.125	0.085	0.055	0.09	0.03	0.01	0.01	0.015	0.01
0.06	0.265	0.23	0.12	0.1	0.055	0.06	0.04	0.01	0.005	0.01	0.045
0.115	0.225	0.195	0.165	0.14	0.045	0.03	0.01	0.03	0.005	0.005	0.035
0.165	0.225	0.225	0.1	0.09	0.08	0.035	0.02	0.025	0.02	0	0.015
0.105	0.295	0.215	0.135	0.095	0.06	0.055	0.015	0.01	0.005	0.01	0
0.1	0.265	0.2	0.215	0.095	0.05	0.025	0.02	0.01	0.01	0.005	0.005
0.135	0.27	0.18	0.165	0.07	0.04	0.05	0.025	0.03	0.01	0.005	0.02
0.175	0.25	0.175	0.155	0.115	0.03	0.03	0.025	0.015	0.025	0.005	0
#wt_age_ind						
1 1 1 1 1 1 1 1 1 1 1 1 
1 1 1 1 1 1 1 1 1 1 1 1 
1 1 1 1 1 1 1 1 1 1 1 1 
1 1 1 1 1 1 1 1 1 1 1 1 
1 1 1 1 1 1 1 1 1 1 1 1 
1 1 1 1 1 1 1 1 1 1 1 1 
1 1 1 1 1 1 1 1 1 1 1 1 
1 1 1 1 1 1 1 1 1 1 1 1 
1 1 1 1 1 1 1 1 1 1 1 1 
1 1 1 1 1 1 1 1 1 1 1 1 
1 1 1 1 1 1 1 1 1 1 1 1 
1 1 1 1 1 1 1 1 1 1 1 1 
1 1 1 1 1 1 1 1 1 1 1 1 
1 1 1 1 1 1 1 1 1 1 1 1 
1 1 1 1 1 1 1 1 1 1 1 1 
1 1 1 1 1 1 1 1 1 1 1 1 
1 1 1 1 1 1 1 1 1 1 1 1 
1 1 1 1 1 1 1 1 1 1 1 1 
1 1 1 1 1 1 1 1 1 1 1 1 
1 1 1 1 1 1 1 1 1 1 1 1 
1 1 1 1 1 1 1 1 1 1 1 1 
1 1 1 1 1 1 1 1 1 1 1 1 
1 1 1 1 1 1 1 1 1 1 1 1 
1 1 1 1 1 1 1 1 1 1 1 1 
1 1 1 1 1 1 1 1 1 1 1 1 
1 1 1 1 1 1 1 1 1 1 1 1 
1 1 1 1 1 1 1 1 1 1 1 1 
1 1 1 1 1 1 1 1 1 1 1 1 
1 1 1 1 1 1 1 1 1 1 1 1 
1 1 1 1 1 1 1 1 1 1 1 1 
# wt_pop
0.000530656	0.001196328	0.002058265	0.003034987	0.004055212	0.005064698	0.006026226	0.006916921	0.007724891	0.008446113	0.009081853	0.009636695
#maturity
0.02297737 0.32082130 0.90465054 0.99477987 0.99973881 0.99998699 0.99999935 0.99999997 1 1 1 1
#spmonth						
1		
#age_err						
1	0	0	0	0	0	0	0	0	0	0	0
0	1	0	0	0	0	0	0	0	0	0	0
0	0	1	0	0	0	0	0	0	0	0	0
0	0	0	1	0	0	0	0	0	0	0	0
0	0	0	0	1	0	0	0	0	0	0	0
0	0	0	0	0	1	0	0	0	0	0	0
0	0	0	0	0	0	1	0	0	0	0	0
0	0	0	0	0	0	0	1	0	0	0	0
0	0	0	0	0	0	0	0	1	0	0	0
0	0	0	0	0	0	0	0	0	1	0	0
0	0	0	0	0	0	0	0	0	0	1	0
0	0	0	0	0	0	0	0	0	0	0	1																														
