# Number of parameters = 77  Objective function value = 26252.7  Maximum gradient component = 0.000316837
# sel_params[1]:
2.01131279223
# sel_params[2]:
0.938526131034
# log_Fmult_year1:
 -4.60291692935
# log_Fmult_devs:
 1.04995583306 0.495323328974 0.305189444174 -0.224292879442 0.591500408716 0.00459488950421 0.748690004017 -0.554753645938 0.197821367773 0.106767960459 0.0670118466501 -0.353966561598 0.384892711770 0.0400483097423 -0.101840683750 0.655784040265 -0.184436414441 -0.00700727755008 -0.0245466686437 0.326420193160 -0.321848791967 0.492644472612 -0.186132764118 -0.00596432360474 -0.0929126724098 -0.0207850638126 0.334513536902 -0.299741092708 0.389015802029
# log_recruit_devs:
 -0.0939813923053 -0.0376423897259 0.0552062518102 -0.120597896177 0.205287677992 -0.134174708424 -0.145284928234 0.0758298062701 -0.0295698279069 -0.159074905500 -0.136450753733 0.202145261187 0.519521632018 -0.192535168365 0.0726664525966 -0.0473889120457 -0.0544814146694 0.0454796140703 -0.0104553245468 -0.214019512808 0.118245452986 -0.277121797215 0.286516117695 -0.0437996684976 0.0178199901274 -0.207683427620 0.271450486180 0.108240404841 -0.0384466164500 -0.0357005035495
# log_N_year1_devs:
 -0.00902238539811 0.0378856119011 -0.117314547054 -0.121011091233 -0.0420610214820 -0.134569857402 -0.250434501479 -0.0930056498883 0.152875723723 0.221396975757 -0.342011577652
# log_q_year1:
 -8.03005739495
# log_q_devs:
 0.00000000000 0.00000000000 0.00000000000 0.00000000000 0.00000000000 0.00000000000 0.00000000000 0.00000000000 0.00000000000 0.00000000000 0.00000000000 0.00000000000 0.00000000000 0.00000000000 0.00000000000 0.00000000000 0.00000000000 0.00000000000 0.00000000000 0.00000000000 0.00000000000 0.00000000000 0.00000000000 0.00000000000 0.00000000000 0.00000000000 0.00000000000 0.00000000000 0.00000000000
# index_sel_params[1]:
1.45723447637
# index_sel_params[2]:
0.495504657350
# log_SR_scaler:
7.00629518755
# SR_steepness:
0.750000000000
