# Number of parameters = 77  Objective function value = 26456.6  Maximum gradient component = 0.00666829
# sel_params[1]:
2.11520416775
# sel_params[2]:
1.03976140491
# log_Fmult_year1:
 -4.61564153809
# log_Fmult_devs:
 1.05500290305 0.500760715615 0.301950836786 -0.208553044533 0.572805641639 0.0212385812096 0.762130634735 -0.551594095379 0.200650652096 0.118789815937 0.0723776940695 -0.315867855212 0.359044829065 0.0650539715542 -0.125379285269 0.657391307422 -0.217299516806 -0.0152166502338 -0.0122357774337 0.325386387891 -0.302348595301 0.501156536035 -0.198146482774 -0.0157629601371 -0.109337427892 -0.0352949836753 0.310237067179 -0.311243968837 0.385953765354
# log_recruit_devs:
 0.0120192865271 0.246007809074 -0.178795504246 0.272971838254 0.157904733323 0.175092137122 0.00938719125952 -0.0235375659621 -0.193817745567 -0.209968519569 -0.0550730380609 0.126827095177 -0.0334463635215 -0.0609173010579 0.269058834578 0.0522655061472 0.283450163980 -0.167561196175 0.0650559596989 0.148326260845 -0.127165274612 0.199127101431 0.182826422301 -0.214164185558 -0.265670866920 -0.187898794966 -0.242441600999 -0.0239367962659 -0.369252367277 0.153326781040
# log_N_year1_devs:
 -0.0291703167586 -0.140516582354 -0.0101582493367 -0.135404232646 -0.0602234544887 -0.230652350345 -0.112939935054 -0.0648367653415 -0.00696540451986 0.0510331150349 -0.150371991369
# log_q_year1:
 -7.94091276778
# log_q_devs:
 0.00000000000 0.00000000000 0.00000000000 0.00000000000 0.00000000000 0.00000000000 0.00000000000 0.00000000000 0.00000000000 0.00000000000 0.00000000000 0.00000000000 0.00000000000 0.00000000000 0.00000000000 0.00000000000 0.00000000000 0.00000000000 0.00000000000 0.00000000000 0.00000000000 0.00000000000 0.00000000000 0.00000000000 0.00000000000 0.00000000000 0.00000000000 0.00000000000 0.00000000000
# index_sel_params[1]:
1.47971576918
# index_sel_params[2]:
0.495273777888
# log_SR_scaler:
6.84226414643
# SR_steepness:
0.750000000000
