#styr												
1
#endyr												
30
#rec_age										
1															
#n_ages										
12
# numbers of length intervals
81
#Length	bin
10	11	12	13	14	15	16	17	18	19	20	21	22	23	24	25	26	27	28	29	30	31	32	33	34	35	36	37	38	39	40	41	42	43	44	45	46	47	48	49	50	51	52	53	54	55	56	57	58	59	60	61	62	63	64	65	66	67	68	69	70	71	72	73	74	75	76	77	78	79	80	81	82	83	84	85	86	87	88	89	90
#nfsh
1
#names_fsh
FLEET1												
#catch												
160.739263197533	461.881759279888	749.213322337526	990.540947528643	766.236474649503	1350.02809649547	1304.54278208157	2538.06804223352	1355.8455466332	1564.17519825325	1685.21442103249	1676.72369779457	1154.62803888745	1595.90481528923	1586.61724122456	1329.97788712906	2309.62026390955	1669.17997611924	1554.0588839083	1459.48706699898	1867.18487002101	1227.93284607055	1823.43477708434	1326.10185921092	1242.07149925619	1075.89445474008	1025.61539104683	1303.21734207614	938.256831349422	1341.38650303111
#catch_cv											
0.01	0.01	0.01	0.01	0.01	0.01	0.01	0.01	0.01	0.01	0.01	0.01	0.01	0.01	0.01	0.01	0.01	0.01	0.01	0.01	0.01	0.01	0.01	0.01	0.01	0.01	0.01	0.01	0.01	0.01
#n_ages_fsh								
30		
#n_lengths_fsh								
0															
#yrs_ages_fsh								
1	2	3	4	5	6	7	8	9	10	11	12	13	14	15	16	17	18	19	20	21	22	23	24	25	26	27	28	29	30	
#sample_ages_fsh							
200	200	200	200	200	200	200	200	200	200	200	200	200	200	200	200	200	200	200	200	200	200	200	200	200	200	200	200	200	200
#page_fsh	2	3	4	5	6	7	8	9	10	11						
0.05	0.08	0.135	0.125	0.13	0.07	0.085	0.05	0.055	0.065	0.025	0.13
0.105	0.085	0.12	0.135	0.11	0.085	0.07	0.02	0.06	0.055	0.015	0.14
0.075	0.15	0.125	0.11	0.12	0.12	0.03	0.035	0.025	0.04	0.045	0.125
0.095	0.105	0.12	0.12	0.09	0.11	0.07	0.045	0.03	0.05	0.015	0.15
0.075	0.105	0.155	0.115	0.09	0.09	0.085	0.05	0.025	0.015	0.045	0.15
0.075	0.115	0.195	0.08	0.09	0.075	0.095	0.065	0.055	0.045	0.02	0.09
0.09	0.095	0.16	0.16	0.085	0.1	0.065	0.035	0.045	0.03	0.025	0.11
0.105	0.15	0.125	0.085	0.14	0.1	0.075	0.04	0.02	0	0.02	0.14
0.08	0.165	0.13	0.12	0.115	0.08	0.06	0.05	0.04	0.035	0.015	0.11
0.09	0.15	0.15	0.175	0.075	0.085	0.11	0.045	0.025	0.02	0.02	0.055
0.085	0.11	0.145	0.175	0.115	0.075	0.06	0.07	0.05	0.025	0	0.09
0.07	0.135	0.19	0.125	0.12	0.105	0.045	0.025	0.05	0.025	0.02	0.09
0.09	0.115	0.17	0.135	0.11	0.085	0.045	0.075	0.025	0.045	0.015	0.09
0.06	0.13	0.14	0.16	0.145	0.09	0.055	0.035	0.04	0.03	0.025	0.09
0.12	0.125	0.125	0.14	0.15	0.09	0.065	0.055	0.015	0.035	0	0.08
0.08	0.17	0.165	0.175	0.1	0.095	0.055	0.045	0.02	0.03	0.01	0.055
0.08	0.145	0.215	0.135	0.09	0.095	0.1	0.015	0.02	0.035	0.005	0.065
0.12	0.165	0.175	0.165	0.095	0.085	0.05	0.055	0.035	0.015	0.01	0.03
0.16	0.185	0.185	0.145	0.12	0.055	0.025	0.04	0.015	0.04	0.01	0.02
0.07	0.235	0.215	0.155	0.085	0.075	0.02	0.025	0.02	0.03	0.005	0.065
0.14	0.135	0.285	0.145	0.1	0.035	0.025	0.01	0.025	0.025	0.025	0.05
0.105	0.195	0.145	0.195	0.1	0.085	0.055	0.045	0.025	0.015	0.005	0.03
0.155	0.225	0.18	0.095	0.135	0.065	0.05	0.025	0.035	0.005	0	0.03
0.17	0.175	0.24	0.16	0.05	0.09	0.05	0.01	0.01	0.015	0.005	0.025
0.105	0.18	0.28	0.17	0.11	0.025	0.055	0.04	0.025	0	0.005	0.005
0.16	0.12	0.215	0.22	0.11	0.065	0.01	0.035	0.035	0.005	0.01	0.015
0.12	0.235	0.175	0.14	0.12	0.105	0.04	0.01	0.035	0.005	0.005	0.01
0.13	0.175	0.18	0.13	0.125	0.12	0.045	0.03	0.005	0.03	0.01	0.02
0.22	0.205	0.23	0.065	0.125	0.05	0.03	0.045	0.005	0.005	0	0.02
0.2	0.33	0.165	0.12	0.055	0.025	0.06	0.015	0.01	0	0	0.02
#wt_age_fsh	1 2	3	4	5	6	7	8	9	10	11						
0.000530656	0.001196328	0.002058265	0.003034987	0.004055212	0.005064698	0.006026226	0.006916921	0.007724891	0.008446113	0.009081853	0.009636695
0.000530656	0.001196328	0.002058265	0.003034987	0.004055212	0.005064698	0.006026226	0.006916921	0.007724891	0.008446113	0.009081853	0.009636695
0.000530656	0.001196328	0.002058265	0.003034987	0.004055212	0.005064698	0.006026226	0.006916921	0.007724891	0.008446113	0.009081853	0.009636695
0.000530656	0.001196328	0.002058265	0.003034987	0.004055212	0.005064698	0.006026226	0.006916921	0.007724891	0.008446113	0.009081853	0.009636695
0.000530656	0.001196328	0.002058265	0.003034987	0.004055212	0.005064698	0.006026226	0.006916921	0.007724891	0.008446113	0.009081853	0.009636695
0.000530656	0.001196328	0.002058265	0.003034987	0.004055212	0.005064698	0.006026226	0.006916921	0.007724891	0.008446113	0.009081853	0.009636695
0.000530656	0.001196328	0.002058265	0.003034987	0.004055212	0.005064698	0.006026226	0.006916921	0.007724891	0.008446113	0.009081853	0.009636695
0.000530656	0.001196328	0.002058265	0.003034987	0.004055212	0.005064698	0.006026226	0.006916921	0.007724891	0.008446113	0.009081853	0.009636695
0.000530656	0.001196328	0.002058265	0.003034987	0.004055212	0.005064698	0.006026226	0.006916921	0.007724891	0.008446113	0.009081853	0.009636695
0.000530656	0.001196328	0.002058265	0.003034987	0.004055212	0.005064698	0.006026226	0.006916921	0.007724891	0.008446113	0.009081853	0.009636695
0.000530656	0.001196328	0.002058265	0.003034987	0.004055212	0.005064698	0.006026226	0.006916921	0.007724891	0.008446113	0.009081853	0.009636695
0.000530656	0.001196328	0.002058265	0.003034987	0.004055212	0.005064698	0.006026226	0.006916921	0.007724891	0.008446113	0.009081853	0.009636695
0.000530656	0.001196328	0.002058265	0.003034987	0.004055212	0.005064698	0.006026226	0.006916921	0.007724891	0.008446113	0.009081853	0.009636695
0.000530656	0.001196328	0.002058265	0.003034987	0.004055212	0.005064698	0.006026226	0.006916921	0.007724891	0.008446113	0.009081853	0.009636695
0.000530656	0.001196328	0.002058265	0.003034987	0.004055212	0.005064698	0.006026226	0.006916921	0.007724891	0.008446113	0.009081853	0.009636695
0.000530656	0.001196328	0.002058265	0.003034987	0.004055212	0.005064698	0.006026226	0.006916921	0.007724891	0.008446113	0.009081853	0.009636695
0.000530656	0.001196328	0.002058265	0.003034987	0.004055212	0.005064698	0.006026226	0.006916921	0.007724891	0.008446113	0.009081853	0.009636695
0.000530656	0.001196328	0.002058265	0.003034987	0.004055212	0.005064698	0.006026226	0.006916921	0.007724891	0.008446113	0.009081853	0.009636695
0.000530656	0.001196328	0.002058265	0.003034987	0.004055212	0.005064698	0.006026226	0.006916921	0.007724891	0.008446113	0.009081853	0.009636695
0.000530656	0.001196328	0.002058265	0.003034987	0.004055212	0.005064698	0.006026226	0.006916921	0.007724891	0.008446113	0.009081853	0.009636695
0.000530656	0.001196328	0.002058265	0.003034987	0.004055212	0.005064698	0.006026226	0.006916921	0.007724891	0.008446113	0.009081853	0.009636695
0.000530656	0.001196328	0.002058265	0.003034987	0.004055212	0.005064698	0.006026226	0.006916921	0.007724891	0.008446113	0.009081853	0.009636695
0.000530656	0.001196328	0.002058265	0.003034987	0.004055212	0.005064698	0.006026226	0.006916921	0.007724891	0.008446113	0.009081853	0.009636695
0.000530656	0.001196328	0.002058265	0.003034987	0.004055212	0.005064698	0.006026226	0.006916921	0.007724891	0.008446113	0.009081853	0.009636695
0.000530656	0.001196328	0.002058265	0.003034987	0.004055212	0.005064698	0.006026226	0.006916921	0.007724891	0.008446113	0.009081853	0.009636695
0.000530656	0.001196328	0.002058265	0.003034987	0.004055212	0.005064698	0.006026226	0.006916921	0.007724891	0.008446113	0.009081853	0.009636695
0.000530656	0.001196328	0.002058265	0.003034987	0.004055212	0.005064698	0.006026226	0.006916921	0.007724891	0.008446113	0.009081853	0.009636695
0.000530656	0.001196328	0.002058265	0.003034987	0.004055212	0.005064698	0.006026226	0.006916921	0.007724891	0.008446113	0.009081853	0.009636695
0.000530656	0.001196328	0.002058265	0.003034987	0.004055212	0.005064698	0.006026226	0.006916921	0.007724891	0.008446113	0.009081853	0.009636695
0.000530656	0.001196328	0.002058265	0.003034987	0.004055212	0.005064698	0.006026226	0.006916921	0.007724891	0.008446113	0.009081853	0.009636695
#nind
1
#ind_names									
SURVEY1									
#nobs_ind
30
#yrs_ind											
1	2	3	4	5	6	7	8	9	10	11	12	13	14	15	16	17	18	19	20	21	22	23	24	25	26	27	28	29	30	
#month_ind										
1															
#biom_ind											
1.57761923998531	1.61462333380099	1.35699995558509	1.45854907052869	1.40560133664449	1.36609932622621	1.25514612374635	1.39685699786189	1.38098938619531	1.31141696040731	1.25359261509628	1.14220798775174	0.940182599252604	0.940642692708713	0.875141954696784	0.919633890471452	0.866204779496591	0.913353776618021	0.873132637597026	0.7913860033438	0.837192172883807	0.719700698018573	0.711798794143209	0.576902931361081	0.675808308936478	0.604344270566932	0.585244134180518	0.488351362815735	0.541814000997501	0.45480385053274
#biom_cv																
0.315523847997063	0.322924666760199	0.271399991117018	0.291709814105738	0.281120267328898	0.273219865245243	0.251029224749269	0.279371399572377	0.276197877239062	0.262283392081462	0.250718523019256	0.228441597550347	0.188036519850521	0.188128538541743	0.175028390939357	0.18392677809429	0.173240955899318	0.182670755323604	0.174626527519405	0.15827720066876	0.167438434576761	0.143940139603715	0.142359758828642	0.115380586272216	0.135161661787296	0.120868854113386	0.117048826836104	0.0976702725631469	0.1083628001995	0.0909607701065479
#n_ages_ind															
30			
#n_lengths_ind															
0															
#yrs_ages_ind															
1	2	3	4	5	6	7	8	9	10	11	12	13	14	15	16	17	18	19	20	21	22	23	24	25	26	27	28	29	30	
#sample_ages_ind					
200	200	200	200	200	200	200	200	200	200	200	200	200	200	200	200	200	200	200	200	200	200	200	200	200	200	200	200	200	200
#page_ind						
0.055	0.15	0.15	0.19	0.1	0.06	0.08	0.035	0.04	0.035	0.02	0.085
0.09	0.125	0.145	0.145	0.09	0.065	0.06	0.07	0.045	0.025	0.025	0.115
0.06	0.165	0.145	0.1	0.085	0.12	0.055	0.055	0.07	0.02	0.025	0.1
0.085	0.12	0.185	0.15	0.125	0.055	0.055	0.045	0.035	0.05	0.01	0.085
0.085	0.205	0.115	0.175	0.07	0.055	0.07	0.04	0.025	0.035	0.015	0.11
0.07	0.135	0.19	0.145	0.12	0.055	0.03	0.055	0.02	0.005	0.055	0.12
0.065	0.125	0.17	0.185	0.075	0.07	0.065	0.085	0.04	0.02	0.015	0.085
0.08	0.185	0.165	0.095	0.135	0.065	0.055	0.05	0.035	0.03	0.015	0.09
0.055	0.155	0.175	0.145	0.08	0.1	0.065	0.065	0.04	0.025	0.005	0.09
0.075	0.165	0.16	0.185	0.105	0.085	0.075	0.02	0.025	0.03	0.03	0.045
0.09	0.18	0.145	0.165	0.105	0.075	0.045	0.055	0.025	0.01	0.005	0.1
0.065	0.205	0.24	0.1	0.11	0.04	0.04	0.04	0.04	0.03	0.02	0.07
0.075	0.2	0.2	0.185	0.12	0.05	0.05	0.02	0.025	0.015	0.01	0.05
0.09	0.205	0.105	0.16	0.14	0.07	0.07	0.025	0.035	0.01	0.015	0.075
0.095	0.155	0.195	0.125	0.145	0.055	0.065	0.045	0.02	0.02	0.01	0.07
0.075	0.23	0.165	0.15	0.1	0.07	0.065	0.04	0.04	0.025	0.005	0.035
0.085	0.215	0.165	0.125	0.105	0.065	0.07	0.04	0.025	0.02	0.03	0.055
0.08	0.225	0.2	0.155	0.095	0.08	0.04	0.045	0.03	0.02	0.01	0.02
0.125	0.2	0.22	0.1	0.135	0.06	0.04	0.035	0.025	0.025	0.005	0.03
0.04	0.3	0.26	0.1	0.065	0.055	0.025	0.05	0.025	0.02	0.015	0.045
0.085	0.115	0.305	0.195	0.1	0.055	0.055	0.015	0.02	0.01	0.02	0.025
0.1	0.23	0.125	0.265	0.095	0.045	0.06	0.02	0.015	0.01	0.005	0.03
0.13	0.275	0.175	0.09	0.155	0.065	0.03	0.02	0.025	0.01	0.005	0.02
0.165	0.21	0.25	0.115	0.055	0.065	0.04	0.01	0.05	0.015	0.005	0.02
0.085	0.195	0.28	0.19	0.1	0.03	0.045	0.055	0.01	0	0	0.01
0.07	0.245	0.22	0.17	0.16	0.025	0.015	0.025	0.025	0.015	0.01	0.02
0.125	0.21	0.255	0.18	0.115	0.055	0.015	0	0.01	0.005	0.01	0.02
0.15	0.275	0.21	0.1	0.11	0.05	0.055	0.01	0.01	0.01	0.01	0.01
0.175	0.2	0.215	0.1	0.11	0.06	0.035	0.065	0.015	0.005	0.015	0.005
0.155	0.325	0.165	0.14	0.07	0.07	0.03	0.025	0	0.005	0	0.015
#wt_age_ind						
1 1 1 1 1 1 1 1 1 1 1 1 
1 1 1 1 1 1 1 1 1 1 1 1 
1 1 1 1 1 1 1 1 1 1 1 1 
1 1 1 1 1 1 1 1 1 1 1 1 
1 1 1 1 1 1 1 1 1 1 1 1 
1 1 1 1 1 1 1 1 1 1 1 1 
1 1 1 1 1 1 1 1 1 1 1 1 
1 1 1 1 1 1 1 1 1 1 1 1 
1 1 1 1 1 1 1 1 1 1 1 1 
1 1 1 1 1 1 1 1 1 1 1 1 
1 1 1 1 1 1 1 1 1 1 1 1 
1 1 1 1 1 1 1 1 1 1 1 1 
1 1 1 1 1 1 1 1 1 1 1 1 
1 1 1 1 1 1 1 1 1 1 1 1 
1 1 1 1 1 1 1 1 1 1 1 1 
1 1 1 1 1 1 1 1 1 1 1 1 
1 1 1 1 1 1 1 1 1 1 1 1 
1 1 1 1 1 1 1 1 1 1 1 1 
1 1 1 1 1 1 1 1 1 1 1 1 
1 1 1 1 1 1 1 1 1 1 1 1 
1 1 1 1 1 1 1 1 1 1 1 1 
1 1 1 1 1 1 1 1 1 1 1 1 
1 1 1 1 1 1 1 1 1 1 1 1 
1 1 1 1 1 1 1 1 1 1 1 1 
1 1 1 1 1 1 1 1 1 1 1 1 
1 1 1 1 1 1 1 1 1 1 1 1 
1 1 1 1 1 1 1 1 1 1 1 1 
1 1 1 1 1 1 1 1 1 1 1 1 
1 1 1 1 1 1 1 1 1 1 1 1 
1 1 1 1 1 1 1 1 1 1 1 1 
# wt_pop
0.000530656	0.001196328	0.002058265	0.003034987	0.004055212	0.005064698	0.006026226	0.006916921	0.007724891	0.008446113	0.009081853	0.009636695
#maturity
0.02297737 0.32082130 0.90465054 0.99477987 0.99973881 0.99998699 0.99999935 0.99999997 1 1 1 1
#spmonth						
1		
#age_err						
1	0	0	0	0	0	0	0	0	0	0	0
0	1	0	0	0	0	0	0	0	0	0	0
0	0	1	0	0	0	0	0	0	0	0	0
0	0	0	1	0	0	0	0	0	0	0	0
0	0	0	0	1	0	0	0	0	0	0	0
0	0	0	0	0	1	0	0	0	0	0	0
0	0	0	0	0	0	1	0	0	0	0	0
0	0	0	0	0	0	0	1	0	0	0	0
0	0	0	0	0	0	0	0	1	0	0	0
0	0	0	0	0	0	0	0	0	1	0	0
0	0	0	0	0	0	0	0	0	0	1	0
0	0	0	0	0	0	0	0	0	0	0	1																														
