#styr												
1
#endyr												
30
#rec_age										
1															
#n_ages										
12
# numbers of length intervals
81
#Length	bin
10	11	12	13	14	15	16	17	18	19	20	21	22	23	24	25	26	27	28	29	30	31	32	33	34	35	36	37	38	39	40	41	42	43	44	45	46	47	48	49	50	51	52	53	54	55	56	57	58	59	60	61	62	63	64	65	66	67	68	69	70	71	72	73	74	75	76	77	78	79	80	81	82	83	84	85	86	87	88	89	90
#nfsh
1
#names_fsh
FLEET1												
#catch												
160.431726647462	459.014559040009	743.44468478187	977.980972267745	748.127706599443	1295.24674793034	1219.53193771796	2322.71559502638	1213.92440322822	1395.72501402697	1470.05855648104	1451.8198651164	998.466659504315	1368.86653818432	1379.0193236073	1179.48718503363	2098.89440304934	1532.03282892091	1431.31476407383	1357.67370288327	1737.67681823786	1156.38148009076	1707.38928305486	1261.102995446	1198.55089509669	1095.97864031716	1100.7643882211	1494.32735557323	1053.5912431116	1457.84752075062
#catch_cv											
0.01	0.01	0.01	0.01	0.01	0.01	0.01	0.01	0.01	0.01	0.01	0.01	0.01	0.01	0.01	0.01	0.01	0.01	0.01	0.01	0.01	0.01	0.01	0.01	0.01	0.01	0.01	0.01	0.01	0.01
#n_ages_fsh								
30		
#n_lengths_fsh								
0															
#yrs_ages_fsh								
1	2	3	4	5	6	7	8	9	10	11	12	13	14	15	16	17	18	19	20	21	22	23	24	25	26	27	28	29	30	
#sample_ages_fsh							
200	200	200	200	200	200	200	200	200	200	200	200	200	200	200	200	200	200	200	200	200	200	200	200	200	200	200	200	200	200
#page_fsh	2	3	4	5	6	7	8	9	10	11						
0.055	0.145	0.11	0.16	0.09	0.09	0.065	0.08	0.04	0.025	0.03	0.11
0.06	0.09	0.165	0.095	0.12	0.07	0.08	0.055	0.02	0.03	0.045	0.17
0.1	0.115	0.11	0.135	0.1	0.075	0.075	0.045	0.055	0.045	0.035	0.11
0.075	0.105	0.1	0.16	0.095	0.09	0.075	0.05	0.045	0.03	0.025	0.15
0.055	0.12	0.12	0.155	0.115	0.11	0.04	0.06	0.02	0.03	0.02	0.155
0.085	0.095	0.085	0.16	0.135	0.09	0.07	0.04	0.055	0	0.035	0.15
0.06	0.1	0.135	0.075	0.145	0.085	0.065	0.06	0.055	0.04	0.04	0.14
0.15	0.075	0.105	0.115	0.09	0.08	0.105	0.055	0.055	0.02	0.04	0.11
0.1	0.16	0.115	0.115	0.145	0.04	0.055	0.055	0.055	0.02	0.015	0.125
0.06	0.155	0.2	0.125	0.08	0.1	0.05	0.035	0.025	0.005	0.045	0.12
0.08	0.115	0.185	0.135	0.11	0.105	0.085	0.015	0.015	0.015	0.025	0.115
0.08	0.14	0.13	0.16	0.155	0.07	0.06	0.03	0.025	0.035	0.03	0.085
0.085	0.075	0.185	0.115	0.145	0.125	0.04	0.05	0.045	0.02	0.045	0.07
0.115	0.12	0.15	0.195	0.09	0.06	0.115	0.035	0.02	0.015	0.02	0.065
0.085	0.2	0.185	0.155	0.105	0.055	0.03	0.025	0.02	0.04	0.02	0.08
0.115	0.155	0.205	0.12	0.155	0.045	0.04	0.05	0.02	0.015	0.025	0.055
0.1	0.135	0.13	0.155	0.145	0.06	0.055	0.065	0.04	0.03	0.01	0.075
0.14	0.185	0.19	0.115	0.14	0.06	0.03	0.03	0.03	0.03	0.02	0.03
0.125	0.185	0.16	0.16	0.13	0.075	0.05	0.025	0.025	0.02	0.015	0.03
0.105	0.165	0.245	0.165	0.07	0.045	0.065	0.035	0.04	0.01	0.005	0.05
0.135	0.155	0.21	0.195	0.115	0.09	0.035	0.03	0.025	0	0	0.01
0.11	0.155	0.15	0.185	0.145	0.115	0.05	0.03	0.025	0.01	0	0.025
0.13	0.225	0.17	0.145	0.155	0.05	0.055	0.015	0.025	0.015	0.005	0.01
0.16	0.205	0.165	0.13	0.12	0.06	0.045	0.06	0.005	0.02	0.01	0.02
0.105	0.24	0.18	0.155	0.08	0.065	0.045	0.055	0.02	0.02	0.015	0.02
0.18	0.19	0.22	0.165	0.085	0.045	0.025	0.05	0	0.02	0.005	0.015
0.15	0.27	0.18	0.215	0.07	0.06	0.025	0.01	0.005	0	0.005	0.01
0.15	0.17	0.285	0.14	0.13	0.025	0.035	0.02	0.015	0.03	0	0
0.15	0.23	0.225	0.17	0.08	0.06	0.025	0.025	0.01	0.015	0.005	0.005
0.21	0.15	0.22	0.125	0.105	0.08	0.05	0.025	0.015	0.015	0	0.005
#wt_age_fsh	1 2	3	4	5	6	7	8	9	10	11						
0.000530656	0.001196328	0.002058265	0.003034987	0.004055212	0.005064698	0.006026226	0.006916921	0.007724891	0.008446113	0.009081853	0.009636695
0.000530656	0.001196328	0.002058265	0.003034987	0.004055212	0.005064698	0.006026226	0.006916921	0.007724891	0.008446113	0.009081853	0.009636695
0.000530656	0.001196328	0.002058265	0.003034987	0.004055212	0.005064698	0.006026226	0.006916921	0.007724891	0.008446113	0.009081853	0.009636695
0.000530656	0.001196328	0.002058265	0.003034987	0.004055212	0.005064698	0.006026226	0.006916921	0.007724891	0.008446113	0.009081853	0.009636695
0.000530656	0.001196328	0.002058265	0.003034987	0.004055212	0.005064698	0.006026226	0.006916921	0.007724891	0.008446113	0.009081853	0.009636695
0.000530656	0.001196328	0.002058265	0.003034987	0.004055212	0.005064698	0.006026226	0.006916921	0.007724891	0.008446113	0.009081853	0.009636695
0.000530656	0.001196328	0.002058265	0.003034987	0.004055212	0.005064698	0.006026226	0.006916921	0.007724891	0.008446113	0.009081853	0.009636695
0.000530656	0.001196328	0.002058265	0.003034987	0.004055212	0.005064698	0.006026226	0.006916921	0.007724891	0.008446113	0.009081853	0.009636695
0.000530656	0.001196328	0.002058265	0.003034987	0.004055212	0.005064698	0.006026226	0.006916921	0.007724891	0.008446113	0.009081853	0.009636695
0.000530656	0.001196328	0.002058265	0.003034987	0.004055212	0.005064698	0.006026226	0.006916921	0.007724891	0.008446113	0.009081853	0.009636695
0.000530656	0.001196328	0.002058265	0.003034987	0.004055212	0.005064698	0.006026226	0.006916921	0.007724891	0.008446113	0.009081853	0.009636695
0.000530656	0.001196328	0.002058265	0.003034987	0.004055212	0.005064698	0.006026226	0.006916921	0.007724891	0.008446113	0.009081853	0.009636695
0.000530656	0.001196328	0.002058265	0.003034987	0.004055212	0.005064698	0.006026226	0.006916921	0.007724891	0.008446113	0.009081853	0.009636695
0.000530656	0.001196328	0.002058265	0.003034987	0.004055212	0.005064698	0.006026226	0.006916921	0.007724891	0.008446113	0.009081853	0.009636695
0.000530656	0.001196328	0.002058265	0.003034987	0.004055212	0.005064698	0.006026226	0.006916921	0.007724891	0.008446113	0.009081853	0.009636695
0.000530656	0.001196328	0.002058265	0.003034987	0.004055212	0.005064698	0.006026226	0.006916921	0.007724891	0.008446113	0.009081853	0.009636695
0.000530656	0.001196328	0.002058265	0.003034987	0.004055212	0.005064698	0.006026226	0.006916921	0.007724891	0.008446113	0.009081853	0.009636695
0.000530656	0.001196328	0.002058265	0.003034987	0.004055212	0.005064698	0.006026226	0.006916921	0.007724891	0.008446113	0.009081853	0.009636695
0.000530656	0.001196328	0.002058265	0.003034987	0.004055212	0.005064698	0.006026226	0.006916921	0.007724891	0.008446113	0.009081853	0.009636695
0.000530656	0.001196328	0.002058265	0.003034987	0.004055212	0.005064698	0.006026226	0.006916921	0.007724891	0.008446113	0.009081853	0.009636695
0.000530656	0.001196328	0.002058265	0.003034987	0.004055212	0.005064698	0.006026226	0.006916921	0.007724891	0.008446113	0.009081853	0.009636695
0.000530656	0.001196328	0.002058265	0.003034987	0.004055212	0.005064698	0.006026226	0.006916921	0.007724891	0.008446113	0.009081853	0.009636695
0.000530656	0.001196328	0.002058265	0.003034987	0.004055212	0.005064698	0.006026226	0.006916921	0.007724891	0.008446113	0.009081853	0.009636695
0.000530656	0.001196328	0.002058265	0.003034987	0.004055212	0.005064698	0.006026226	0.006916921	0.007724891	0.008446113	0.009081853	0.009636695
0.000530656	0.001196328	0.002058265	0.003034987	0.004055212	0.005064698	0.006026226	0.006916921	0.007724891	0.008446113	0.009081853	0.009636695
0.000530656	0.001196328	0.002058265	0.003034987	0.004055212	0.005064698	0.006026226	0.006916921	0.007724891	0.008446113	0.009081853	0.009636695
0.000530656	0.001196328	0.002058265	0.003034987	0.004055212	0.005064698	0.006026226	0.006916921	0.007724891	0.008446113	0.009081853	0.009636695
0.000530656	0.001196328	0.002058265	0.003034987	0.004055212	0.005064698	0.006026226	0.006916921	0.007724891	0.008446113	0.009081853	0.009636695
0.000530656	0.001196328	0.002058265	0.003034987	0.004055212	0.005064698	0.006026226	0.006916921	0.007724891	0.008446113	0.009081853	0.009636695
0.000530656	0.001196328	0.002058265	0.003034987	0.004055212	0.005064698	0.006026226	0.006916921	0.007724891	0.008446113	0.009081853	0.009636695
#nind
1
#ind_names									
SURVEY1									
#nobs_ind
30
#yrs_ind											
1	2	3	4	5	6	7	8	9	10	11	12	13	14	15	16	17	18	19	20	21	22	23	24	25	26	27	28	29	30	
#month_ind										
1															
#biom_ind											
1.54476225618165	1.46083205312288	1.46834182210336	1.35771831330159	1.30409190880185	1.44300386994807	1.46120612337998	1.05319195118978	1.09721488409539	1.22505585170649	0.914757385616633	0.970968140006359	0.956299468563213	0.949067103742422	0.89438390584053	1.10890260187447	0.874235030921441	0.897995120258178	0.889379404102632	0.885174235071672	0.72416501626988	0.656543301254308	0.708339188020516	0.635338791507952	0.632142838750026	0.735000688362397	0.779502620087225	0.687388428063654	0.559027064065428	0.778593449615414
#biom_cv																
0.30895245123633	0.292166410624577	0.293668364420673	0.271543662660318	0.260818381760371	0.288600773989614	0.292241224675995	0.210638390237957	0.219442976819078	0.245011170341298	0.182951477123327	0.194193628001272	0.191259893712643	0.189813420748484	0.178876781168106	0.221780520374894	0.174847006184288	0.179599024051636	0.177875880820527	0.177034847014334	0.144833003253976	0.131308660250862	0.141667837604103	0.12706775830159	0.126428567750005	0.147000137672479	0.155900524017445	0.137477685612731	0.111805412813086	0.155718689923083
#n_ages_ind															
30			
#n_lengths_ind															
0															
#yrs_ages_ind															
1	2	3	4	5	6	7	8	9	10	11	12	13	14	15	16	17	18	19	20	21	22	23	24	25	26	27	28	29	30	
#sample_ages_ind					
200	200	200	200	200	200	200	200	200	200	200	200	200	200	200	200	200	200	200	200	200	200	200	200	200	200	200	200	200	200
#page_ind						
0.075	0.15	0.12	0.12	0.07	0.08	0.065	0.07	0.065	0.045	0.015	0.125
0.05	0.18	0.135	0.13	0.105	0.085	0.065	0.04	0.015	0.03	0.04	0.125
0.08	0.1	0.145	0.13	0.075	0.075	0.065	0.115	0.045	0.02	0.025	0.125
0.07	0.125	0.205	0.11	0.095	0.08	0.075	0.05	0.05	0.045	0.01	0.085
0.065	0.12	0.18	0.11	0.1	0.085	0.07	0.06	0.04	0.01	0.02	0.14
0.04	0.14	0.135	0.135	0.13	0.075	0.085	0.065	0.045	0.045	0.01	0.095
0.07	0.115	0.19	0.11	0.11	0.095	0.055	0.055	0.035	0.025	0.015	0.125
0.065	0.145	0.165	0.12	0.075	0.105	0.08	0.07	0.02	0.035	0.03	0.09
0.06	0.25	0.19	0.125	0.095	0.055	0.08	0.03	0.01	0.01	0.03	0.065
0.045	0.19	0.18	0.08	0.1	0.085	0.05	0.095	0.035	0.025	0.005	0.11
0.09	0.185	0.175	0.135	0.07	0.065	0.045	0.02	0.04	0.03	0.02	0.125
0.085	0.15	0.185	0.11	0.165	0.065	0.045	0.04	0.025	0.03	0.025	0.075
0.1	0.145	0.18	0.145	0.095	0.12	0.025	0.03	0.03	0.015	0.035	0.08
0.085	0.175	0.175	0.14	0.08	0.04	0.1	0.025	0.035	0.03	0.02	0.095
0.11	0.2	0.255	0.14	0.1	0.055	0.025	0.03	0.025	0.025	0.02	0.015
0.12	0.16	0.27	0.11	0.07	0.055	0.055	0.045	0.035	0.015	0.025	0.04
0.065	0.17	0.275	0.12	0.145	0.09	0.045	0.01	0.015	0.035	0.01	0.02
0.08	0.27	0.155	0.155	0.095	0.095	0.035	0.035	0.005	0.01	0.025	0.04
0.125	0.245	0.2	0.125	0.11	0.06	0.035	0.035	0.02	0.015	0.01	0.02
0.07	0.255	0.275	0.185	0.06	0.055	0.015	0.03	0.015	0	0.015	0.025
0.095	0.18	0.31	0.1	0.115	0.055	0.035	0.015	0.02	0.02	0.02	0.035
0.085	0.215	0.17	0.25	0.08	0.07	0.035	0.05	0.02	0.01	0	0.015
0.145	0.205	0.16	0.155	0.115	0.075	0.06	0.03	0.025	0.005	0.015	0.01
0.15	0.3	0.17	0.105	0.07	0.085	0.055	0.035	0.015	0.01	0	0.005
0.11	0.325	0.235	0.08	0.09	0.055	0.055	0.02	0.02	0	0.005	0.005
0.205	0.2	0.275	0.12	0.07	0.02	0.015	0.035	0.005	0.015	0.01	0.03
0.125	0.26	0.2	0.205	0.09	0.03	0.04	0.02	0	0	0.01	0.02
0.09	0.215	0.245	0.205	0.125	0.065	0.03	0.015	0.005	0	0.005	0
0.135	0.23	0.235	0.155	0.105	0.065	0.04	0.015	0.01	0	0	0.01
0.175	0.19	0.25	0.155	0.085	0.07	0.035	0.015	0.015	0	0.005	0.005
#wt_age_ind						
1 1 1 1 1 1 1 1 1 1 1 1 
1 1 1 1 1 1 1 1 1 1 1 1 
1 1 1 1 1 1 1 1 1 1 1 1 
1 1 1 1 1 1 1 1 1 1 1 1 
1 1 1 1 1 1 1 1 1 1 1 1 
1 1 1 1 1 1 1 1 1 1 1 1 
1 1 1 1 1 1 1 1 1 1 1 1 
1 1 1 1 1 1 1 1 1 1 1 1 
1 1 1 1 1 1 1 1 1 1 1 1 
1 1 1 1 1 1 1 1 1 1 1 1 
1 1 1 1 1 1 1 1 1 1 1 1 
1 1 1 1 1 1 1 1 1 1 1 1 
1 1 1 1 1 1 1 1 1 1 1 1 
1 1 1 1 1 1 1 1 1 1 1 1 
1 1 1 1 1 1 1 1 1 1 1 1 
1 1 1 1 1 1 1 1 1 1 1 1 
1 1 1 1 1 1 1 1 1 1 1 1 
1 1 1 1 1 1 1 1 1 1 1 1 
1 1 1 1 1 1 1 1 1 1 1 1 
1 1 1 1 1 1 1 1 1 1 1 1 
1 1 1 1 1 1 1 1 1 1 1 1 
1 1 1 1 1 1 1 1 1 1 1 1 
1 1 1 1 1 1 1 1 1 1 1 1 
1 1 1 1 1 1 1 1 1 1 1 1 
1 1 1 1 1 1 1 1 1 1 1 1 
1 1 1 1 1 1 1 1 1 1 1 1 
1 1 1 1 1 1 1 1 1 1 1 1 
1 1 1 1 1 1 1 1 1 1 1 1 
1 1 1 1 1 1 1 1 1 1 1 1 
1 1 1 1 1 1 1 1 1 1 1 1 
# wt_pop
0.000530656	0.001196328	0.002058265	0.003034987	0.004055212	0.005064698	0.006026226	0.006916921	0.007724891	0.008446113	0.009081853	0.009636695
#maturity
0.02297737 0.32082130 0.90465054 0.99477987 0.99973881 0.99998699 0.99999935 0.99999997 1 1 1 1
#spmonth						
1		
#age_err						
1	0	0	0	0	0	0	0	0	0	0	0
0	1	0	0	0	0	0	0	0	0	0	0
0	0	1	0	0	0	0	0	0	0	0	0
0	0	0	1	0	0	0	0	0	0	0	0
0	0	0	0	1	0	0	0	0	0	0	0
0	0	0	0	0	1	0	0	0	0	0	0
0	0	0	0	0	0	1	0	0	0	0	0
0	0	0	0	0	0	0	1	0	0	0	0
0	0	0	0	0	0	0	0	1	0	0	0
0	0	0	0	0	0	0	0	0	1	0	0
0	0	0	0	0	0	0	0	0	0	1	0
0	0	0	0	0	0	0	0	0	0	0	1																														
