#######GENERAL HEADER INPUT#######
1
30
1
30
1
30
30
12
1	2	3	4	5	6	7	8	9	10	11	12
12
1	2	3	4	5	6	7	8	9	10	11	12
1
1001
1
1
#######SURVEY DATA#######
30
1	2	3	4	5	6	7	8	9	10	11	12	13	14	15	16	17	18	19	20	21	22	23	24	25	26	27	28	29	30
1.53030014075451	1.62414986704245	1.50168612809661	1.4062182649545	1.54109326777226	1.6090832434968	1.64673522314789	1.0754197109624	1.41475321712072	1.25743073168215	1.05602079781448	1.00527648198566	1.00977709942473	0.947102382078697	1.01984157049879	0.901559444313469	1.00481293825994	0.8367980709542	0.732554531347178	0.809403956909169	0.908093130168999	0.701412944318301	0.829450670933218	0.654487251424815	0.594165217856361	0.543934114657566	0.491914191374491	0.401998558539579	0.419115930678117	0.470716316891013
0.2	0.2	0.2	0.2	0.2	0.2	0.2	0.2	0.2	0.2	0.2	0.2	0.2	0.2	0.2	0.2	0.2	0.2	0.2	0.2	0.2	0.2	0.2	0.2	0.2	0.2	0.2	0.2	0.2	0.2
30
1	2	3	4	5	6	7	8	9	10	11	12	13	14	15	16	17	18	19	20	21	22	23	24	25	26	27	28	29	30
200	200	200	200	200	200	200	200	200	200	200	200	200	200	200	200	200	200	200	200	200	200	200	200	200	200	200	200	200	200
200	200	200	200	200	200	200	200	200	200	200	200	200	200	200	200	200	200	200	200	200	200	200	200	200	200	200	200	200	200
0.085	0.185	0.085	0.11	0.105	0.07	0.075	0.06	0.05	0.02	0.035	0.12
0.1	0.165	0.125	0.13	0.1	0.06	0.06	0.04	0.035	0.02	0.04	0.125
0.06	0.185	0.11	0.12	0.07	0.075	0.06	0.045	0.045	0.03	0.025	0.175
0.095	0.13	0.185	0.125	0.06	0.105	0.05	0.03	0.025	0.025	0.025	0.145
0.095	0.19	0.105	0.165	0.1	0.055	0.07	0.03	0.035	0.035	0.015	0.105
0.065	0.165	0.195	0.095	0.105	0.075	0.07	0.03	0.06	0.03	0.02	0.09
0.095	0.105	0.165	0.17	0.055	0.095	0.055	0.06	0.025	0.02	0.02	0.135
0.075	0.135	0.18	0.12	0.115	0.065	0.05	0.045	0.035	0.03	0.025	0.125
0.04	0.14	0.175	0.135	0.125	0.07	0.04	0.06	0.015	0.065	0.02	0.115
0.08	0.115	0.195	0.115	0.11	0.135	0.065	0.04	0.035	0.01	0.01	0.09
0.085	0.13	0.15	0.15	0.095	0.115	0.05	0.05	0.035	0.025	0.015	0.1
0.055	0.195	0.15	0.115	0.12	0.105	0.045	0.055	0.065	0.025	0.025	0.045
0.115	0.195	0.15	0.145	0.12	0.05	0.035	0.05	0.005	0.03	0.01	0.095
0.065	0.185	0.23	0.115	0.085	0.065	0.06	0.06	0.055	0.01	0.03	0.04
0.12	0.19	0.12	0.21	0.115	0.06	0.045	0.02	0.015	0.03	0.025	0.05
0.11	0.215	0.175	0.13	0.11	0.065	0.05	0.025	0.03	0.03	0	0.06
0.08	0.21	0.235	0.15	0.1	0.09	0.045	0.015	0.01	0.02	0.005	0.04
0.05	0.255	0.2	0.185	0.075	0.04	0.06	0.03	0.015	0.015	0.005	0.07
0.095	0.185	0.255	0.13	0.14	0.07	0.025	0.025	0.015	0.015	0.01	0.035
0.13	0.18	0.19	0.195	0.095	0.075	0.03	0.025	0.025	0.025	0	0.03
0.09	0.27	0.225	0.125	0.1	0.035	0.065	0.03	0.02	0.015	0.01	0.015
0.13	0.205	0.225	0.145	0.075	0.075	0.05	0.035	0.025	0	0.015	0.02
0.11	0.305	0.155	0.185	0.08	0.065	0.045	0.015	0.025	0	0.01	0.005
0.12	0.25	0.24	0.1	0.11	0.07	0.025	0.025	0.02	0.02	0.005	0.015
0.065	0.175	0.27	0.235	0.085	0.045	0.05	0.015	0.015	0.01	0.015	0.02
0.12	0.19	0.25	0.195	0.075	0.04	0.06	0.045	0.015	0	0.005	0.005
0.07	0.275	0.19	0.115	0.14	0.08	0.055	0.015	0.025	0.025	0.005	0.005
0.125	0.25	0.185	0.165	0.06	0.085	0.055	0.035	0.01	0.005	0.005	0.02
0.09	0.27	0.19	0.175	0.1	0.07	0.045	0.03	0.01	0	0	0.02
0.15	0.165	0.265	0.18	0.075	0.045	0.045	0.015	0.02	0.025	0	0.015
#######LANDINGS DATA#######
1
30
162.502182622222	461.326486661851	741.54561364665	966.526872509977	758.7803698396	1296.23305979505	1260.41176659058	2461.51410331232	1278.37459019577	1451.66703112738	1490.86112029998	1455.57286754009	995.639699027734	1357.38786957579	1361.39040311283	1152.20379248973	2059.41844952967	1493.72381018176	1383.90299505267	1297.45309048512	1651.48993657786	1133.29199681009	1720.91693129407	1268.9236263102	1170.10864806811	987.220011229162	905.634748277643	1135.13938909649	771.796739142934	1069.04317280971
0.01	0.01	0.01	0.01	0.01	0.01	0.01	0.01	0.01	0.01	0.01	0.01	0.01	0.01	0.01	0.01	0.01	0.01	0.01	0.01	0.01	0.01	0.01	0.01	0.01	0.01	0.01	0.01	0.01	0.01
30
1	2	3	4	5	6	7	8	9	10	11	12	13	14	15	16	17	18	19	20	21	22	23	24	25	26	27	28	29	30
200	200	200	200	200	200	200	200	200	200	200	200	200	200	200	200	200	200	200	200	200	200	200	200	200	200	200	200	200	200
200	200	200	200	200	200	200	200	200	200	200	200	200	200	200	200	200	200	200	200	200	200	200	200	200	200	200	200	200	200
0.06	0.135	0.08	0.11	0.105	0.13	0.035	0.065	0.06	0.07	0.03	0.12
0.085	0.1	0.16	0.12	0.13	0.07	0.06	0.06	0.04	0.025	0.01	0.14
0.05	0.09	0.12	0.135	0.125	0.095	0.1	0.085	0.03	0.02	0.045	0.105
0.09	0.08	0.165	0.11	0.07	0.115	0.075	0.04	0.05	0.035	0.045	0.125
0.065	0.145	0.09	0.125	0.125	0.035	0.055	0.065	0.055	0.03	0.04	0.17
0.095	0.1	0.14	0.085	0.16	0.08	0.025	0.05	0.065	0.02	0.025	0.155
0.095	0.145	0.11	0.14	0.095	0.11	0.04	0.07	0.025	0.035	0.035	0.1
0.09	0.15	0.13	0.17	0.085	0.06	0.06	0.065	0.035	0.015	0.05	0.09
0.065	0.115	0.125	0.135	0.12	0.075	0.055	0.085	0.04	0.045	0.03	0.11
0.07	0.13	0.145	0.125	0.145	0.1	0.09	0.035	0.035	0.01	0.03	0.085
0.1	0.05	0.125	0.135	0.095	0.095	0.085	0.095	0.025	0.05	0.04	0.105
0.125	0.17	0.135	0.1	0.115	0.075	0.105	0.035	0.03	0.025	0.01	0.075
0.085	0.175	0.145	0.145	0.11	0.075	0.035	0.055	0.055	0.045	0.005	0.07
0.065	0.175	0.17	0.165	0.095	0.055	0.05	0.03	0.05	0.015	0.045	0.085
0.155	0.145	0.145	0.195	0.065	0.065	0.055	0.035	0.035	0.025	0.025	0.055
0.125	0.15	0.135	0.165	0.125	0.105	0.045	0.035	0.02	0.02	0.025	0.05
0.15	0.15	0.17	0.12	0.13	0.07	0.05	0.025	0.025	0.01	0.01	0.09
0.1	0.185	0.14	0.235	0.12	0.055	0.05	0.01	0.02	0.02	0.02	0.045
0.13	0.125	0.23	0.11	0.16	0.085	0.045	0.05	0.015	0.01	0.02	0.02
0.115	0.16	0.15	0.24	0.09	0.08	0.04	0.065	0.015	0.005	0.02	0.02
0.105	0.2	0.22	0.09	0.165	0.095	0.05	0.005	0.015	0.015	0.01	0.03
0.135	0.12	0.265	0.14	0.08	0.1	0.065	0.03	0.015	0.005	0.01	0.035
0.155	0.195	0.165	0.14	0.13	0.06	0.07	0.025	0.025	0.01	0.01	0.015
0.115	0.205	0.26	0.12	0.095	0.07	0.025	0.03	0.04	0.01	0.01	0.02
0.105	0.16	0.245	0.17	0.1	0.08	0.045	0.04	0.02	0.015	0.01	0.01
0.115	0.17	0.16	0.225	0.15	0.06	0.05	0.015	0.01	0.015	0.015	0.015
0.1	0.18	0.2	0.16	0.19	0.07	0.04	0.02	0.02	0	0.005	0.015
0.14	0.215	0.2	0.125	0.09	0.08	0.075	0.03	0.03	0.01	0.005	0
0.145	0.215	0.14	0.17	0.095	0.075	0.06	0.055	0.015	0.015	0.01	0.005
0.22	0.135	0.275	0.145	0.07	0.055	0.02	0.045	0.02	0.005	0.005	0.005
#######PARAMETER SECTION#######
800	400	1200	-4	800	-0.25	1
0.18	0.01	1	-4	0.18	-0.25	1
-1.36	-5	-0.001	-4	-1.36	-0.25	1
0.1	0.05	0.3	-4	0.1	-0.25	1
0.2	0.01	0.5	-4	0.2	-0.25	1
0.75	0.20001	1	-3	0.75	-0.25	1
13.815511	-1	200	1	13.815511	-0.25	1
0	-1	1	-4	0	-0.25	1
0.2	1e-04	1.2	-3	0.2	-0.25	1
0	-10	10	-6	0	-1	1
0	-10	10	-6	0	-1	1
2	0	12	2	2	-0.5	1
1	0	12	2	1	-0.5	1
2	0	12	-2	2	-0.5	1
1	0	12	-2	1	-0.5	1
1.5	0	12	2	1.5	-0.5	1
2	0	12	2	2	-0.5	1
-14.8330669927811	-30	5	1	-14.8330669927811	-1	1
1	0.1	2	-1	1	-1	1
-1.54399197800355	-10	1.39	1	-1.54399197800355	-1	1
#######DEV CONSTRAINTS and DEVS#######
-15	15	2
-15	15	2
-15	15	2
0	0	0	0	0	0	0	0	0	0	0	0	0	0	0	0	0	0	0	0	0	0	0	0	0	0	0	0	0	0
0	0	0	0	0	0	0	0	0	0	0	0	0	0	0	0	0	0	0	0	0	0	0	0	0	0	0	0	0	0
0	0	0	0	0	0	0	0	0	0	0
#######LIKELIHOOD WEIGHTS#######
1
1
1
1
0
1
0
0
0
#######MISCELLANEOUS STUFF SECTION#######
2.5e-08
3
0.5	0.5	0.5	0.5	0.5	0.5	0.5	0.5	0.5	0.5	0.5	0.5
0.0229773699100256	0.320821300824607	0.904650535100891	0.994779874306442	0.999738809680904	0.999986992871533	0.999999352405202	0.999999967758134	0.999999998394772	0.99999999992008	0.999999999996021	0.999999999999802
0.2	0.2	0.2	0.2	0.2	0.2	0.2	0.2	0.2	0.2	0.2	0.2
0
1
10
0.2
1
1	0	0	0	0	0	0	0	0	0	0	0
0	1	0	0	0	0	0	0	0	0	0	0
0	0	1	0	0	0	0	0	0	0	0	0
0	0	0	1	0	0	0	0	0	0	0	0
0	0	0	0	1	0	0	0	0	0	0	0
0	0	0	0	0	1	0	0	0	0	0	0
0	0	0	0	0	0	1	0	0	0	0	0
0	0	0	0	0	0	0	1	0	0	0	0
0	0	0	0	0	0	0	0	1	0	0	0
0	0	0	0	0	0	0	0	0	1	0	0
0	0	0	0	0	0	0	0	0	0	1	0
0	0	0	0	0	0	0	0	0	0	0	1
40
31
2
1
#######END OF DATA FILE#######
999
