# Number of parameters = 77  Objective function value = 26457.6  Maximum gradient component = 0.000591222
# sel_params[1]:
2.08078755514
# sel_params[2]:
1.06809925516
# log_Fmult_year1:
 -4.64892228380
# log_Fmult_devs:
 1.04981619960 0.494605989356 0.306344383460 -0.229805196152 0.583316702824 0.0156925809298 0.755598861294 -0.547627470044 0.216824663117 0.124344885751 0.0798878608330 -0.311009793117 0.382335699958 0.0597533392119 -0.106139085053 0.663706211573 -0.204130479160 -0.0120484778753 -0.0250142896024 0.326603015677 -0.318527084037 0.477491262614 -0.195196627227 -0.00916069306403 -0.0909960317930 -0.0142984672187 0.348129980249 -0.266680596030 0.405685492469
# log_recruit_devs:
 -0.00893116400842 0.157213938601 0.298557242397 0.160962339744 -0.361692292156 -0.0457856499079 -0.275941760686 0.228136195788 0.151079584020 -0.0415934079152 0.137045219403 0.112490677748 -0.0228159345154 0.0467181406113 0.157542772648 -0.0573312568386 -0.0647231503704 0.164671022882 -0.139463105346 0.323751610351 0.0461572086910 -0.208586467248 -0.150554921720 -0.552199802347 0.0209097308150 0.0112164346212 0.0569871363653 -0.120520047707 -0.0663498127114 0.0430495187896
# log_N_year1_devs:
 0.110665657572 0.0348326612436 0.100385772327 0.0253193122385 -0.0659646103180 -0.0986874792550 -0.0101430926548 -0.212960987730 0.0398065781861 0.0551088600076 -0.233400047836
# log_q_year1:
 -7.93973438439
# log_q_devs:
 0.00000000000 0.00000000000 0.00000000000 0.00000000000 0.00000000000 0.00000000000 0.00000000000 0.00000000000 0.00000000000 0.00000000000 0.00000000000 0.00000000000 0.00000000000 0.00000000000 0.00000000000 0.00000000000 0.00000000000 0.00000000000 0.00000000000 0.00000000000 0.00000000000 0.00000000000 0.00000000000 0.00000000000 0.00000000000 0.00000000000 0.00000000000 0.00000000000 0.00000000000
# index_sel_params[1]:
1.50076615759
# index_sel_params[2]:
0.491518905933
# log_SR_scaler:
6.82018628600
# SR_steepness:
0.750000000000
