#######GENERAL HEADER INPUT#######
1
30
1
30
1
30
30
12
1	2	3	4	5	6	7	8	9	10	11	12
12
1	2	3	4	5	6	7	8	9	10	11	12
1
1001
1
1
#######SURVEY DATA#######
30
1	2	3	4	5	6	7	8	9	10	11	12	13	14	15	16	17	18	19	20	21	22	23	24	25	26	27	28	29	30
1.27108368449651	1.6504072244797	1.45057607508873	1.44012527150364	1.47082072257271	1.65678039857828	1.29888368060864	1.35105770531655	1.13376107126042	1.1301174242244	1.28045519385226	0.940309424274001	1.04906334232613	1.06829204406818	1.08754353082039	1.02622923045805	0.809794732750188	0.952222043974747	0.829521972715168	0.732358505027893	0.703446632224255	0.718338839066695	0.647169432977501	0.549576618247803	0.648087170171679	0.478680997293706	0.576582733006756	0.555771555010671	0.492704363959453	0.596744794002723
0.2	0.2	0.2	0.2	0.2	0.2	0.2	0.2	0.2	0.2	0.2	0.2	0.2	0.2	0.2	0.2	0.2	0.2	0.2	0.2	0.2	0.2	0.2	0.2	0.2	0.2	0.2	0.2	0.2	0.2
30
1	2	3	4	5	6	7	8	9	10	11	12	13	14	15	16	17	18	19	20	21	22	23	24	25	26	27	28	29	30
200	200	200	200	200	200	200	200	200	200	200	200	200	200	200	200	200	200	200	200	200	200	200	200	200	200	200	200	200	200
200	200	200	200	200	200	200	200	200	200	200	200	200	200	200	200	200	200	200	200	200	200	200	200	200	200	200	200	200	200
0.055	0.14	0.105	0.125	0.08	0.12	0.04	0.095	0.05	0.035	0.025	0.13
0.075	0.14	0.18	0.055	0.125	0.105	0.06	0.05	0.035	0.03	0.035	0.11
0.045	0.14	0.19	0.105	0.09	0.085	0.065	0.055	0.035	0.06	0.01	0.12
0.07	0.155	0.145	0.12	0.1	0.05	0.08	0.04	0.035	0.045	0.025	0.135
0.06	0.155	0.165	0.13	0.095	0.075	0.075	0.045	0.025	0.045	0.025	0.105
0.06	0.13	0.225	0.125	0.085	0.065	0.05	0.055	0.03	0.02	0.025	0.13
0.05	0.085	0.2	0.2	0.105	0.085	0.055	0.04	0.045	0.035	0.02	0.08
0.09	0.115	0.13	0.18	0.12	0.075	0.07	0.045	0.04	0.02	0.015	0.1
0.095	0.205	0.12	0.13	0.1	0.1	0.03	0.035	0.025	0.01	0.015	0.135
0.065	0.235	0.18	0.045	0.08	0.08	0.1	0.02	0.04	0.04	0.01	0.105
0.09	0.145	0.185	0.115	0.075	0.09	0.075	0.065	0.045	0.03	0.025	0.06
0.04	0.165	0.175	0.2	0.085	0.04	0.085	0.035	0.055	0.025	0.025	0.07
0.06	0.165	0.215	0.125	0.1	0.065	0.05	0.04	0.015	0.045	0.055	0.065
0.085	0.21	0.145	0.155	0.085	0.09	0.085	0.02	0.035	0.005	0.015	0.07
0.1	0.225	0.16	0.1	0.115	0.065	0.07	0.015	0.05	0.015	0.03	0.055
0.145	0.13	0.2	0.165	0.07	0.09	0.045	0.035	0.035	0.025	0.01	0.05
0.125	0.225	0.19	0.14	0.08	0.065	0.045	0.035	0.025	0.02	0.005	0.045
0.085	0.185	0.215	0.115	0.105	0.08	0.05	0.04	0.01	0.03	0.015	0.07
0.04	0.15	0.2	0.17	0.115	0.12	0.05	0.035	0.025	0.005	0.025	0.065
0.14	0.185	0.185	0.145	0.11	0.05	0.095	0.025	0.015	0.015	0.015	0.02
0.095	0.235	0.135	0.12	0.13	0.07	0.07	0.045	0.035	0.035	0.005	0.025
0.085	0.2	0.225	0.115	0.115	0.06	0.055	0.06	0.03	0.005	0.015	0.035
0.135	0.155	0.295	0.18	0.07	0.035	0.045	0.01	0.01	0.01	0.015	0.04
0.115	0.265	0.185	0.155	0.115	0.05	0.035	0.035	0.005	0.01	0.005	0.025
0.135	0.265	0.185	0.075	0.145	0.08	0.035	0.015	0.015	0.015	0.015	0.02
0.12	0.3	0.21	0.175	0.055	0.08	0.015	0.015	0.005	0.01	0.005	0.01
0.105	0.175	0.275	0.12	0.115	0.065	0.055	0.04	0.02	0.01	0.01	0.01
0.135	0.195	0.18	0.24	0.075	0.075	0.035	0.035	0.015	0.005	0	0.01
0.155	0.295	0.175	0.165	0.065	0.04	0.04	0.02	0.02	0.01	0	0.015
0.145	0.315	0.22	0.12	0.055	0.08	0.03	0.035	0	0	0	0
#######LANDINGS DATA#######
1
30
159.425777537631	457.892606538364	741.546579345395	974.457364314969	754.870258045963	1310.12953768538	1271.06093339509	2448.94948005801	1290.9455997907	1453.7043655626	1555.72941757852	1552.27178869409	1067.12500083683	1488.59196768812	1485.05337683089	1272.39167079671	2282.72159297432	1673.62793411897	1512.17791555105	1359.2717571005	1684.44488234617	1127.38505421538	1677.41335652117	1200.99507433064	1095.58693271357	961.312263510555	920.221045131331	1203.00187521792	874.156561462029	1307.47654559203
0.01	0.01	0.01	0.01	0.01	0.01	0.01	0.01	0.01	0.01	0.01	0.01	0.01	0.01	0.01	0.01	0.01	0.01	0.01	0.01	0.01	0.01	0.01	0.01	0.01	0.01	0.01	0.01	0.01	0.01
30
1	2	3	4	5	6	7	8	9	10	11	12	13	14	15	16	17	18	19	20	21	22	23	24	25	26	27	28	29	30
200	200	200	200	200	200	200	200	200	200	200	200	200	200	200	200	200	200	200	200	200	200	200	200	200	200	200	200	200	200
200	200	200	200	200	200	200	200	200	200	200	200	200	200	200	200	200	200	200	200	200	200	200	200	200	200	200	200	200	200
0.06	0.105	0.155	0.135	0.09	0.105	0.065	0.045	0.055	0.025	0.035	0.125
0.075	0.135	0.125	0.105	0.08	0.11	0.065	0.05	0.05	0.035	0.05	0.12
0.09	0.105	0.13	0.145	0.125	0.085	0.045	0.075	0.035	0.02	0.025	0.12
0.1	0.07	0.165	0.145	0.085	0.08	0.075	0.05	0.045	0.035	0.025	0.125
0.09	0.15	0.11	0.165	0.085	0.08	0.045	0.08	0.035	0.03	0.015	0.115
0.055	0.11	0.145	0.06	0.075	0.08	0.065	0.09	0.05	0.055	0.03	0.185
0.065	0.075	0.165	0.16	0.12	0.095	0.04	0.065	0.04	0.02	0.04	0.115
0.105	0.06	0.095	0.155	0.15	0.085	0.06	0.08	0.065	0.04	0.015	0.09
0.115	0.105	0.105	0.15	0.115	0.13	0.035	0.045	0.04	0.015	0.035	0.11
0.075	0.12	0.15	0.085	0.16	0.09	0.09	0.035	0.035	0.02	0.03	0.11
0.08	0.15	0.215	0.15	0.08	0.1	0.065	0.04	0.03	0.01	0.035	0.045
0.1	0.135	0.16	0.19	0.08	0.05	0.055	0.065	0.035	0.015	0.015	0.1
0.09	0.1	0.175	0.175	0.16	0.105	0.04	0.03	0.045	0.03	0.01	0.04
0.095	0.12	0.085	0.155	0.11	0.105	0.08	0.055	0.055	0.02	0.05	0.07
0.135	0.19	0.15	0.105	0.13	0.05	0.055	0.07	0.015	0.015	0.015	0.07
0.135	0.145	0.23	0.095	0.11	0.085	0.045	0.06	0.03	0.01	0.01	0.045
0.135	0.175	0.115	0.175	0.085	0.1	0.065	0.03	0.025	0.01	0.015	0.07
0.085	0.205	0.205	0.14	0.09	0.075	0.045	0.03	0.04	0.01	0.015	0.06
0.12	0.16	0.205	0.165	0.14	0.06	0.025	0.04	0.03	0.015	0	0.04
0.165	0.14	0.155	0.155	0.15	0.09	0.045	0.025	0.015	0.03	0.01	0.02
0.175	0.195	0.105	0.095	0.16	0.13	0.05	0.03	0.005	0.01	0	0.045
0.13	0.19	0.18	0.13	0.105	0.06	0.065	0.05	0.03	0.01	0.005	0.045
0.12	0.135	0.235	0.19	0.125	0.055	0.05	0.035	0.01	0.04	0.005	0
0.13	0.23	0.195	0.15	0.135	0.035	0.04	0.035	0.01	0.015	0.005	0.02
0.19	0.16	0.225	0.125	0.13	0.06	0	0.035	0.025	0.015	0.01	0.025
0.1	0.225	0.255	0.175	0.065	0.07	0.05	0.015	0.015	0.005	0.01	0.015
0.135	0.16	0.205	0.17	0.105	0.065	0.105	0.02	0.005	0	0	0.03
0.19	0.24	0.135	0.18	0.07	0.06	0.045	0.02	0.015	0.02	0.005	0.02
0.18	0.28	0.2	0.09	0.11	0.04	0.035	0.01	0.025	0.015	0	0.015
0.215	0.235	0.19	0.1	0.105	0.045	0.03	0.03	0.02	0.015	0	0.015
#######PARAMETER SECTION#######
800	400	1200	-4	800	-0.25	1
0.18	0.01	1	-4	0.18	-0.25	1
-1.36	-5	-0.001	-4	-1.36	-0.25	1
0.1	0.05	0.3	-4	0.1	-0.25	1
0.2	0.01	0.5	-4	0.2	-0.25	1
0.75	0.20001	1	-3	0.75	-0.25	1
13.815511	-1	200	1	13.815511	-0.25	1
0	-1	1	-4	0	-0.25	1
0.2	1e-04	1.2	-3	0.2	-0.25	1
0	-10	10	-6	0	-1	1
0	-10	10	-6	0	-1	1
2	0	12	2	2	-0.5	1
1	0	12	2	1	-0.5	1
2	0	12	-2	2	-0.5	1
1	0	12	-2	1	-0.5	1
1.5	0	12	2	1.5	-0.5	1
2	0	12	2	2	-0.5	1
-14.8760905532717	-30	5	1	-14.8760905532717	-1	1
1	0.1	2	-1	1	-1	1
-1.54399197800355	-10	1.39	1	-1.54399197800355	-1	1
#######DEV CONSTRAINTS and DEVS#######
-15	15	2
-15	15	2
-15	15	2
0	0	0	0	0	0	0	0	0	0	0	0	0	0	0	0	0	0	0	0	0	0	0	0	0	0	0	0	0	0
0	0	0	0	0	0	0	0	0	0	0	0	0	0	0	0	0	0	0	0	0	0	0	0	0	0	0	0	0	0
0	0	0	0	0	0	0	0	0	0	0
#######LIKELIHOOD WEIGHTS#######
1
1
1
1
0
1
0
0
0
#######MISCELLANEOUS STUFF SECTION#######
2.5e-08
3
0.5	0.5	0.5	0.5	0.5	0.5	0.5	0.5	0.5	0.5	0.5	0.5
0.0229773699100256	0.320821300824607	0.904650535100891	0.994779874306442	0.999738809680904	0.999986992871533	0.999999352405202	0.999999967758134	0.999999998394772	0.99999999992008	0.999999999996021	0.999999999999802
0.2	0.2	0.2	0.2	0.2	0.2	0.2	0.2	0.2	0.2	0.2	0.2
0
1
10
0.2
1
1	0	0	0	0	0	0	0	0	0	0	0
0	1	0	0	0	0	0	0	0	0	0	0
0	0	1	0	0	0	0	0	0	0	0	0
0	0	0	1	0	0	0	0	0	0	0	0
0	0	0	0	1	0	0	0	0	0	0	0
0	0	0	0	0	1	0	0	0	0	0	0
0	0	0	0	0	0	1	0	0	0	0	0
0	0	0	0	0	0	0	1	0	0	0	0
0	0	0	0	0	0	0	0	1	0	0	0
0	0	0	0	0	0	0	0	0	1	0	0
0	0	0	0	0	0	0	0	0	0	1	0
0	0	0	0	0	0	0	0	0	0	0	1
40
31
2
1
#######END OF DATA FILE#######
999
