#######GENERAL HEADER INPUT#######
1
30
1
30
1
30
30
12
1	2	3	4	5	6	7	8	9	10	11	12
12
1	2	3	4	5	6	7	8	9	10	11	12
1
1001
1
1
#######SURVEY DATA#######
30
1	2	3	4	5	6	7	8	9	10	11	12	13	14	15	16	17	18	19	20	21	22	23	24	25	26	27	28	29	30
1.61779050062988	1.57026892998521	1.71915466251934	1.20485005884111	1.43419332449221	1.47877116608631	1.39783297161131	1.31472347729864	1.33545105090063	1.18992918830058	0.964503867759261	1.01310396953276	1.24147577559772	1.05770371323679	1.0498417414759	0.870576109665142	0.873102829400573	0.906298784192452	0.82601882692694	0.919821487948968	0.943080241028308	0.700096741020368	0.6597223771964	0.781328718969016	0.552788519839948	0.687090974394041	0.548368545998113	0.581668480989891	0.567047616913548	0.582781267042638
0.2	0.2	0.2	0.2	0.2	0.2	0.2	0.2	0.2	0.2	0.2	0.2	0.2	0.2	0.2	0.2	0.2	0.2	0.2	0.2	0.2	0.2	0.2	0.2	0.2	0.2	0.2	0.2	0.2	0.2
30
1	2	3	4	5	6	7	8	9	10	11	12	13	14	15	16	17	18	19	20	21	22	23	24	25	26	27	28	29	30
200	200	200	200	200	200	200	200	200	200	200	200	200	200	200	200	200	200	200	200	200	200	200	200	200	200	200	200	200	200
200	200	200	200	200	200	200	200	200	200	200	200	200	200	200	200	200	200	200	200	200	200	200	200	200	200	200	200	200	200
0.045	0.16	0.135	0.105	0.115	0.09	0.07	0.055	0.05	0.035	0.03	0.11
0.045	0.145	0.165	0.155	0.12	0.065	0.07	0.04	0.025	0.045	0.02	0.105
0.08	0.1	0.115	0.14	0.125	0.095	0.085	0.055	0.04	0.045	0.025	0.095
0.055	0.145	0.075	0.11	0.12	0.08	0.065	0.07	0.05	0.045	0.025	0.16
0.09	0.11	0.14	0.12	0.12	0.085	0.09	0.055	0.045	0.025	0.04	0.08
0.095	0.165	0.085	0.115	0.07	0.07	0.065	0.075	0.04	0.025	0.03	0.165
0.06	0.15	0.2	0.115	0.085	0.055	0.045	0.075	0.035	0.025	0.035	0.12
0.055	0.13	0.165	0.125	0.12	0.095	0.08	0.015	0.035	0.02	0.02	0.14
0.065	0.185	0.245	0.09	0.15	0.05	0.04	0.03	0.02	0.015	0.02	0.09
0.045	0.145	0.225	0.11	0.09	0.115	0.05	0.055	0.02	0.03	0.025	0.09
0.075	0.13	0.16	0.195	0.12	0.075	0.07	0.045	0.035	0.015	0.02	0.06
0.095	0.165	0.165	0.12	0.145	0.06	0.035	0.045	0.02	0.04	0.02	0.09
0.08	0.175	0.135	0.14	0.14	0.11	0.075	0.035	0.02	0.02	0.03	0.04
0.04	0.22	0.27	0.12	0.055	0.035	0.1	0.03	0.03	0.02	0.03	0.05
0.065	0.2	0.14	0.215	0.09	0.04	0.05	0.045	0.02	0.02	0.015	0.1
0.085	0.185	0.19	0.125	0.13	0.055	0.045	0.06	0.045	0.025	0.015	0.04
0.115	0.185	0.175	0.12	0.105	0.11	0.04	0.045	0.02	0.02	0.025	0.04
0.115	0.205	0.18	0.13	0.105	0.03	0.09	0.05	0.005	0.02	0.02	0.05
0.145	0.255	0.19	0.085	0.06	0.07	0.04	0.06	0.02	0.01	0.015	0.05
0.11	0.255	0.18	0.17	0.095	0.06	0.035	0.035	0.02	0.01	0.005	0.025
0.105	0.23	0.245	0.15	0.105	0.06	0.015	0.035	0	0.025	0.01	0.02
0.09	0.21	0.23	0.195	0.11	0.07	0.005	0.03	0.03	0.01	0.005	0.015
0.11	0.18	0.26	0.12	0.16	0.055	0.045	0.015	0.02	0.01	0	0.025
0.1	0.295	0.185	0.12	0.1	0.075	0.045	0.03	0.025	0.015	0	0.01
0.135	0.21	0.24	0.14	0.08	0.085	0.05	0.03	0.01	0.005	0	0.015
0.105	0.205	0.22	0.125	0.12	0.09	0.04	0.03	0.02	0.025	0.005	0.015
0.14	0.265	0.175	0.17	0.095	0.035	0.055	0.025	0.03	0.005	0.005	0
0.185	0.18	0.245	0.155	0.075	0.06	0.05	0.01	0.015	0.015	0.005	0.005
0.165	0.275	0.22	0.16	0.075	0.07	0.01	0.01	0.01	0	0.005	0
0.16	0.265	0.285	0.115	0.09	0.03	0.03	0.005	0.005	0.005	0.005	0.005
#######LANDINGS DATA#######
1
30
161.992276476403	458.502296019699	740.194468993087	951.098809692306	719.60723960789	1233.07836991185	1180.44963158777	2261.4843183311	1213.83072213469	1404.20500583727	1495.49977029554	1487.22189111125	1013.93807154934	1419.25631273706	1398.57431757565	1170.45901685013	2042.49771702071	1440.81688935324	1323.29347834905	1276.3839526877	1701.99644106052	1192.80108711105	1810.16779376924	1333.27390478863	1216.30177194206	1042.2615175876	978.777433606987	1304.24449950109	962.115014735935	1436.38720541454
0.01	0.01	0.01	0.01	0.01	0.01	0.01	0.01	0.01	0.01	0.01	0.01	0.01	0.01	0.01	0.01	0.01	0.01	0.01	0.01	0.01	0.01	0.01	0.01	0.01	0.01	0.01	0.01	0.01	0.01
30
1	2	3	4	5	6	7	8	9	10	11	12	13	14	15	16	17	18	19	20	21	22	23	24	25	26	27	28	29	30
200	200	200	200	200	200	200	200	200	200	200	200	200	200	200	200	200	200	200	200	200	200	200	200	200	200	200	200	200	200
200	200	200	200	200	200	200	200	200	200	200	200	200	200	200	200	200	200	200	200	200	200	200	200	200	200	200	200	200	200
0.07	0.085	0.145	0.15	0.07	0.105	0.06	0.055	0.065	0.065	0.025	0.105
0.045	0.13	0.11	0.16	0.095	0.1	0.085	0.08	0.03	0.03	0.03	0.105
0.075	0.06	0.125	0.12	0.115	0.08	0.115	0.06	0.035	0.025	0.045	0.145
0.08	0.125	0.075	0.115	0.125	0.095	0.085	0.065	0.03	0.03	0.05	0.125
0.11	0.07	0.1	0.08	0.135	0.115	0.085	0.055	0.035	0.05	0.025	0.14
0.08	0.155	0.095	0.13	0.095	0.095	0.095	0.025	0.025	0.05	0.025	0.13
0.1	0.12	0.19	0.11	0.09	0.045	0.08	0.035	0.025	0.035	0.025	0.145
0.11	0.125	0.145	0.155	0.08	0.125	0.055	0.03	0.045	0.015	0.005	0.11
0.055	0.245	0.12	0.12	0.095	0.055	0.07	0.03	0.055	0.015	0.02	0.12
0.09	0.125	0.21	0.095	0.105	0.135	0.03	0.06	0.03	0.03	0.015	0.075
0.07	0.145	0.16	0.17	0.125	0.095	0.035	0.025	0.025	0.02	0.04	0.09
0.1	0.135	0.15	0.125	0.135	0.085	0.055	0.06	0.035	0.03	0.005	0.085
0.09	0.19	0.155	0.09	0.085	0.135	0.045	0.065	0.03	0.025	0.015	0.075
0.12	0.11	0.21	0.115	0.105	0.075	0.095	0.045	0.02	0.025	0.015	0.065
0.05	0.165	0.175	0.14	0.145	0.08	0.045	0.075	0.035	0.005	0.02	0.065
0.09	0.135	0.2	0.13	0.15	0.09	0.045	0.035	0.04	0.02	0.005	0.06
0.11	0.125	0.13	0.185	0.115	0.075	0.09	0.03	0.045	0.03	0.015	0.05
0.135	0.18	0.145	0.14	0.115	0.075	0.08	0.03	0.03	0.025	0.005	0.04
0.16	0.18	0.175	0.125	0.05	0.065	0.055	0.09	0.025	0.02	0.025	0.03
0.11	0.23	0.165	0.2	0.08	0.065	0.045	0.015	0.03	0.025	0.005	0.03
0.14	0.195	0.245	0.13	0.115	0.065	0.05	0.015	0.005	0.02	0.01	0.01
0.11	0.14	0.27	0.18	0.165	0.05	0.035	0.02	0	0.015	0.005	0.01
0.18	0.17	0.245	0.14	0.145	0.04	0.03	0.005	0.01	0.02	0.015	0
0.13	0.205	0.175	0.15	0.11	0.09	0.045	0.045	0.015	0.005	0.005	0.025
0.13	0.2	0.22	0.135	0.085	0.09	0.085	0.025	0.025	0	0.005	0
0.145	0.205	0.19	0.145	0.125	0.07	0.05	0.03	0.01	0.02	0.005	0.005
0.15	0.24	0.195	0.16	0.09	0.055	0.03	0.02	0.015	0.02	0.005	0.02
0.18	0.195	0.21	0.115	0.13	0.085	0.025	0.025	0.01	0	0.025	0
0.16	0.3	0.15	0.125	0.1	0.03	0.045	0.03	0.035	0	0.02	0.005
0.15	0.255	0.27	0.11	0.1	0.04	0.01	0.01	0.025	0.005	0.01	0.015
#######PARAMETER SECTION#######
800	400	1200	-4	800	-0.25	1
0.18	0.01	1	-4	0.18	-0.25	1
-1.36	-5	-0.001	-4	-1.36	-0.25	1
0.1	0.05	0.3	-4	0.1	-0.25	1
0.2	0.01	0.5	-4	0.2	-0.25	1
0.75	0.20001	1	-3	0.75	-0.25	1
13.815511	-1	200	1	13.815511	-0.25	1
0	-1	1	-4	0	-0.25	1
0.2	1e-04	1.2	-3	0.2	-0.25	1
0	-10	10	-6	0	-1	1
0	-10	10	-6	0	-1	1
2	0	12	2	2	-0.5	1
1	0	12	2	1	-0.5	1
2	0	12	-2	2	-0.5	1
1	0	12	-2	1	-0.5	1
1.5	0	12	2	1.5	-0.5	1
2	0	12	2	2	-0.5	1
-14.8473484359296	-30	5	1	-14.8473484359296	-1	1
1	0.1	2	-1	1	-1	1
-1.54399197800355	-10	1.39	1	-1.54399197800355	-1	1
#######DEV CONSTRAINTS and DEVS#######
-15	15	2
-15	15	2
-15	15	2
0	0	0	0	0	0	0	0	0	0	0	0	0	0	0	0	0	0	0	0	0	0	0	0	0	0	0	0	0	0
0	0	0	0	0	0	0	0	0	0	0	0	0	0	0	0	0	0	0	0	0	0	0	0	0	0	0	0	0	0
0	0	0	0	0	0	0	0	0	0	0
#######LIKELIHOOD WEIGHTS#######
1
1
1
1
0
1
0
0
0
#######MISCELLANEOUS STUFF SECTION#######
2.5e-08
3
0.5	0.5	0.5	0.5	0.5	0.5	0.5	0.5	0.5	0.5	0.5	0.5
0.0229773699100256	0.320821300824607	0.904650535100891	0.994779874306442	0.999738809680904	0.999986992871533	0.999999352405202	0.999999967758134	0.999999998394772	0.99999999992008	0.999999999996021	0.999999999999802
0.2	0.2	0.2	0.2	0.2	0.2	0.2	0.2	0.2	0.2	0.2	0.2
0
1
10
0.2
1
1	0	0	0	0	0	0	0	0	0	0	0
0	1	0	0	0	0	0	0	0	0	0	0
0	0	1	0	0	0	0	0	0	0	0	0
0	0	0	1	0	0	0	0	0	0	0	0
0	0	0	0	1	0	0	0	0	0	0	0
0	0	0	0	0	1	0	0	0	0	0	0
0	0	0	0	0	0	1	0	0	0	0	0
0	0	0	0	0	0	0	1	0	0	0	0
0	0	0	0	0	0	0	0	1	0	0	0
0	0	0	0	0	0	0	0	0	1	0	0
0	0	0	0	0	0	0	0	0	0	1	0
0	0	0	0	0	0	0	0	0	0	0	1
40
31
2
1
#######END OF DATA FILE#######
999
