#styr												
1
#endyr												
30
#rec_age										
1															
#n_ages										
12
# numbers of length intervals
81
#Length	bin
10	11	12	13	14	15	16	17	18	19	20	21	22	23	24	25	26	27	28	29	30	31	32	33	34	35	36	37	38	39	40	41	42	43	44	45	46	47	48	49	50	51	52	53	54	55	56	57	58	59	60	61	62	63	64	65	66	67	68	69	70	71	72	73	74	75	76	77	78	79	80	81	82	83	84	85	86	87	88	89	90
#nfsh
1
#names_fsh
FLEET1												
#catch												
161.756625953958	460.874103065203	740.871345780064	953.859846457138	737.486365825923	1273.6818829918	1228.45094211886	2356.73409076076	1246.66554160144	1445.24912964581	1558.48606348172	1606.61367473267	1124.63929146288	1558.7393607565	1576.82730578639	1319.57091691203	2336.57175477855	1636.7713968825	1467.01468809597	1317.9595086334	1595.34457165958	1070.33971961299	1645.01854052656	1243.29272345295	1211.9886685693	1101.13636683578	1076.69729552862	1425.39851679624	990.329082244302	1382.05211232651
#catch_cv											
0.01	0.01	0.01	0.01	0.01	0.01	0.01	0.01	0.01	0.01	0.01	0.01	0.01	0.01	0.01	0.01	0.01	0.01	0.01	0.01	0.01	0.01	0.01	0.01	0.01	0.01	0.01	0.01	0.01	0.01
#n_ages_fsh								
30		
#n_lengths_fsh								
0															
#yrs_ages_fsh								
1	2	3	4	5	6	7	8	9	10	11	12	13	14	15	16	17	18	19	20	21	22	23	24	25	26	27	28	29	30	
#sample_ages_fsh							
200	200	200	200	200	200	200	200	200	200	200	200	200	200	200	200	200	200	200	200	200	200	200	200	200	200	200	200	200	200
#page_fsh	2	3	4	5	6	7	8	9	10	11						
0.065	0.09	0.13	0.125	0.1	0.035	0.115	0.08	0.07	0.035	0.035	0.12
0.035	0.085	0.19	0.13	0.07	0.1	0.085	0.06	0.065	0.01	0.03	0.14
0.085	0.07	0.115	0.125	0.12	0.07	0.09	0.045	0.07	0.05	0.025	0.135
0.1	0.065	0.085	0.14	0.145	0.095	0.055	0.055	0.055	0.055	0.03	0.12
0.045	0.135	0.1	0.11	0.14	0.09	0.08	0.055	0.055	0.025	0.04	0.125
0.065	0.09	0.19	0.11	0.1	0.08	0.055	0.025	0.055	0.055	0.025	0.15
0.05	0.105	0.135	0.17	0.065	0.095	0.055	0.06	0.085	0.03	0.025	0.125
0.115	0.075	0.115	0.13	0.185	0.11	0.045	0.04	0.05	0.03	0.01	0.095
0.13	0.195	0.125	0.1	0.11	0.09	0.05	0.025	0.035	0.03	0.015	0.095
0.075	0.14	0.16	0.075	0.11	0.085	0.085	0.07	0.035	0.035	0.03	0.1
0.075	0.175	0.195	0.14	0.06	0.06	0.05	0.08	0.035	0.015	0.01	0.105
0.045	0.15	0.235	0.155	0.115	0.03	0.065	0.045	0.065	0.01	0.005	0.08
0.095	0.155	0.165	0.135	0.125	0.085	0.03	0.045	0.025	0.05	0.005	0.085
0.095	0.145	0.125	0.155	0.135	0.08	0.055	0.045	0.035	0.035	0.025	0.07
0.075	0.12	0.185	0.14	0.135	0.115	0.075	0.06	0.015	0.005	0.01	0.065
0.105	0.115	0.19	0.175	0.06	0.08	0.11	0.05	0.035	0	0.02	0.06
0.115	0.145	0.26	0.07	0.11	0.075	0.045	0.055	0.025	0.03	0.005	0.065
0.07	0.105	0.215	0.13	0.125	0.115	0.04	0.035	0.045	0.045	0.025	0.05
0.09	0.155	0.21	0.145	0.135	0.065	0.06	0.025	0.025	0.03	0.02	0.04
0.16	0.125	0.18	0.16	0.095	0.065	0.045	0.055	0.03	0.015	0.035	0.035
0.1	0.19	0.18	0.16	0.1	0.055	0.075	0.04	0.02	0.025	0.005	0.05
0.18	0.14	0.23	0.15	0.1	0.07	0.065	0.035	0.01	0	0.005	0.015
0.17	0.255	0.135	0.16	0.1	0.05	0.045	0.02	0.025	0.02	0.01	0.01
0.14	0.23	0.26	0.13	0.09	0.06	0.025	0.025	0.02	0	0.005	0.015
0.165	0.18	0.21	0.185	0.095	0.07	0.02	0.02	0.02	0.02	0	0.015
0.125	0.265	0.17	0.185	0.115	0.025	0.055	0.01	0.025	0.02	0.005	0
0.135	0.215	0.245	0.115	0.095	0.105	0.03	0.02	0.01	0.005	0.015	0.01
0.135	0.205	0.16	0.195	0.105	0.08	0.06	0.025	0.015	0	0.005	0.015
0.155	0.165	0.195	0.14	0.125	0.07	0.06	0.06	0.015	0.005	0.005	0.005
0.16	0.195	0.18	0.125	0.095	0.115	0.04	0.05	0.015	0.01	0.015	0
#wt_age_fsh	1 2	3	4	5	6	7	8	9	10	11						
0.000530656	0.001196328	0.002058265	0.003034987	0.004055212	0.005064698	0.006026226	0.006916921	0.007724891	0.008446113	0.009081853	0.009636695
0.000530656	0.001196328	0.002058265	0.003034987	0.004055212	0.005064698	0.006026226	0.006916921	0.007724891	0.008446113	0.009081853	0.009636695
0.000530656	0.001196328	0.002058265	0.003034987	0.004055212	0.005064698	0.006026226	0.006916921	0.007724891	0.008446113	0.009081853	0.009636695
0.000530656	0.001196328	0.002058265	0.003034987	0.004055212	0.005064698	0.006026226	0.006916921	0.007724891	0.008446113	0.009081853	0.009636695
0.000530656	0.001196328	0.002058265	0.003034987	0.004055212	0.005064698	0.006026226	0.006916921	0.007724891	0.008446113	0.009081853	0.009636695
0.000530656	0.001196328	0.002058265	0.003034987	0.004055212	0.005064698	0.006026226	0.006916921	0.007724891	0.008446113	0.009081853	0.009636695
0.000530656	0.001196328	0.002058265	0.003034987	0.004055212	0.005064698	0.006026226	0.006916921	0.007724891	0.008446113	0.009081853	0.009636695
0.000530656	0.001196328	0.002058265	0.003034987	0.004055212	0.005064698	0.006026226	0.006916921	0.007724891	0.008446113	0.009081853	0.009636695
0.000530656	0.001196328	0.002058265	0.003034987	0.004055212	0.005064698	0.006026226	0.006916921	0.007724891	0.008446113	0.009081853	0.009636695
0.000530656	0.001196328	0.002058265	0.003034987	0.004055212	0.005064698	0.006026226	0.006916921	0.007724891	0.008446113	0.009081853	0.009636695
0.000530656	0.001196328	0.002058265	0.003034987	0.004055212	0.005064698	0.006026226	0.006916921	0.007724891	0.008446113	0.009081853	0.009636695
0.000530656	0.001196328	0.002058265	0.003034987	0.004055212	0.005064698	0.006026226	0.006916921	0.007724891	0.008446113	0.009081853	0.009636695
0.000530656	0.001196328	0.002058265	0.003034987	0.004055212	0.005064698	0.006026226	0.006916921	0.007724891	0.008446113	0.009081853	0.009636695
0.000530656	0.001196328	0.002058265	0.003034987	0.004055212	0.005064698	0.006026226	0.006916921	0.007724891	0.008446113	0.009081853	0.009636695
0.000530656	0.001196328	0.002058265	0.003034987	0.004055212	0.005064698	0.006026226	0.006916921	0.007724891	0.008446113	0.009081853	0.009636695
0.000530656	0.001196328	0.002058265	0.003034987	0.004055212	0.005064698	0.006026226	0.006916921	0.007724891	0.008446113	0.009081853	0.009636695
0.000530656	0.001196328	0.002058265	0.003034987	0.004055212	0.005064698	0.006026226	0.006916921	0.007724891	0.008446113	0.009081853	0.009636695
0.000530656	0.001196328	0.002058265	0.003034987	0.004055212	0.005064698	0.006026226	0.006916921	0.007724891	0.008446113	0.009081853	0.009636695
0.000530656	0.001196328	0.002058265	0.003034987	0.004055212	0.005064698	0.006026226	0.006916921	0.007724891	0.008446113	0.009081853	0.009636695
0.000530656	0.001196328	0.002058265	0.003034987	0.004055212	0.005064698	0.006026226	0.006916921	0.007724891	0.008446113	0.009081853	0.009636695
0.000530656	0.001196328	0.002058265	0.003034987	0.004055212	0.005064698	0.006026226	0.006916921	0.007724891	0.008446113	0.009081853	0.009636695
0.000530656	0.001196328	0.002058265	0.003034987	0.004055212	0.005064698	0.006026226	0.006916921	0.007724891	0.008446113	0.009081853	0.009636695
0.000530656	0.001196328	0.002058265	0.003034987	0.004055212	0.005064698	0.006026226	0.006916921	0.007724891	0.008446113	0.009081853	0.009636695
0.000530656	0.001196328	0.002058265	0.003034987	0.004055212	0.005064698	0.006026226	0.006916921	0.007724891	0.008446113	0.009081853	0.009636695
0.000530656	0.001196328	0.002058265	0.003034987	0.004055212	0.005064698	0.006026226	0.006916921	0.007724891	0.008446113	0.009081853	0.009636695
0.000530656	0.001196328	0.002058265	0.003034987	0.004055212	0.005064698	0.006026226	0.006916921	0.007724891	0.008446113	0.009081853	0.009636695
0.000530656	0.001196328	0.002058265	0.003034987	0.004055212	0.005064698	0.006026226	0.006916921	0.007724891	0.008446113	0.009081853	0.009636695
0.000530656	0.001196328	0.002058265	0.003034987	0.004055212	0.005064698	0.006026226	0.006916921	0.007724891	0.008446113	0.009081853	0.009636695
0.000530656	0.001196328	0.002058265	0.003034987	0.004055212	0.005064698	0.006026226	0.006916921	0.007724891	0.008446113	0.009081853	0.009636695
0.000530656	0.001196328	0.002058265	0.003034987	0.004055212	0.005064698	0.006026226	0.006916921	0.007724891	0.008446113	0.009081853	0.009636695
#nind
1
#ind_names									
SURVEY1									
#nobs_ind
30
#yrs_ind											
1	2	3	4	5	6	7	8	9	10	11	12	13	14	15	16	17	18	19	20	21	22	23	24	25	26	27	28	29	30	
#month_ind										
1															
#biom_ind											
1.62469114530707	1.13666531339483	1.68146681964872	1.28324703052503	1.58612869923584	1.37727981052831	1.53039888646906	1.23566160490555	1.19178821441885	1.03001765643264	1.37329604323992	1.44662703606928	1.24601842029219	1.17167933863529	1.08014874304833	0.901361625169525	1.0110005799145	0.979838011395774	0.849143071570922	0.77416245653276	0.656365385530242	0.716857852964962	0.616700745771451	0.670849116190982	0.807754922279565	0.647663974100886	0.54014254144655	0.55955131852651	0.489214395896306	0.640523411939014
#biom_cv																
0.324938229061413	0.227333062678965	0.336293363929744	0.256649406105006	0.317225739847168	0.275455962105663	0.306079777293812	0.24713232098111	0.23835764288377	0.206003531286528	0.274659208647985	0.289325407213856	0.249203684058438	0.234335867727059	0.216029748609667	0.180272325033905	0.2022001159829	0.195967602279155	0.169828614314185	0.154832491306552	0.131273077106048	0.143371570592992	0.12334014915429	0.134169823238196	0.161550984455913	0.129532794820177	0.10802850828931	0.111910263705302	0.0978428791792612	0.128104682387803
#n_ages_ind															
30			
#n_lengths_ind															
0															
#yrs_ages_ind															
1	2	3	4	5	6	7	8	9	10	11	12	13	14	15	16	17	18	19	20	21	22	23	24	25	26	27	28	29	30	
#sample_ages_ind					
200	200	200	200	200	200	200	200	200	200	200	200	200	200	200	200	200	200	200	200	200	200	200	200	200	200	200	200	200	200
#page_ind						
0.05	0.15	0.12	0.12	0.085	0.075	0.11	0.055	0.04	0.04	0.035	0.12
0.05	0.125	0.165	0.115	0.085	0.08	0.065	0.055	0.07	0.045	0.035	0.11
0.085	0.105	0.165	0.11	0.06	0.09	0.07	0.06	0.045	0.05	0	0.16
0.085	0.1	0.13	0.12	0.1	0.11	0.095	0.065	0.04	0.045	0.035	0.075
0.07	0.225	0.12	0.16	0.065	0.065	0.035	0.05	0.035	0.04	0.03	0.105
0.05	0.18	0.175	0.115	0.08	0.095	0.06	0.045	0.03	0.03	0.025	0.115
0.065	0.16	0.175	0.165	0.095	0.03	0.055	0.055	0.065	0.045	0.02	0.07
0.11	0.135	0.175	0.13	0.115	0.08	0.03	0.035	0.055	0.03	0.015	0.09
0.085	0.26	0.08	0.15	0.105	0.07	0.04	0.04	0	0.03	0.015	0.125
0.09	0.195	0.225	0.085	0.08	0.075	0.085	0.015	0.04	0.03	0.03	0.05
0.1	0.155	0.175	0.185	0.065	0.08	0.085	0.035	0.02	0.015	0.015	0.07
0.07	0.175	0.27	0.17	0.1	0.03	0.03	0.025	0.04	0.025	0.005	0.06
0.075	0.12	0.195	0.225	0.125	0.09	0.03	0.025	0.035	0.015	0.005	0.06
0.065	0.155	0.14	0.195	0.19	0.105	0.04	0.025	0.035	0	0.02	0.03
0.095	0.15	0.215	0.085	0.09	0.165	0.06	0.035	0.03	0.005	0.005	0.065
0.05	0.185	0.195	0.145	0.05	0.09	0.075	0.065	0.035	0.015	0.01	0.085
0.075	0.155	0.185	0.195	0.125	0.08	0.035	0.04	0.025	0.025	0.01	0.05
0.095	0.24	0.15	0.17	0.115	0.07	0.04	0.05	0.025	0.015	0	0.03
0.055	0.24	0.165	0.145	0.155	0.065	0.055	0.03	0.01	0.035	0.015	0.03
0.15	0.095	0.265	0.18	0.08	0.075	0.045	0.045	0.02	0.01	0.025	0.01
0.105	0.225	0.2	0.115	0.115	0.055	0.07	0.015	0.035	0.01	0.005	0.05
0.175	0.175	0.235	0.1	0.105	0.06	0.035	0.03	0.04	0.02	0	0.025
0.105	0.33	0.23	0.14	0.06	0.04	0.01	0.03	0.02	0	0.02	0.015
0.1	0.235	0.315	0.095	0.105	0.045	0.045	0.02	0.005	0.015	0.005	0.015
0.15	0.18	0.235	0.18	0.085	0.085	0.025	0.015	0.01	0.015	0.01	0.01
0.11	0.34	0.215	0.135	0.1	0.025	0.04	0.015	0	0.005	0.005	0.01
0.105	0.175	0.33	0.155	0.095	0.075	0.04	0.005	0.005	0.005	0	0.01
0.115	0.215	0.23	0.27	0.05	0.03	0.03	0.02	0.03	0	0	0.01
0.12	0.19	0.235	0.165	0.14	0.045	0.03	0.03	0.015	0.02	0.005	0.005
0.15	0.25	0.215	0.165	0.09	0.055	0.035	0.025	0.01	0	0	0.005
#wt_age_ind						
1 1 1 1 1 1 1 1 1 1 1 1 
1 1 1 1 1 1 1 1 1 1 1 1 
1 1 1 1 1 1 1 1 1 1 1 1 
1 1 1 1 1 1 1 1 1 1 1 1 
1 1 1 1 1 1 1 1 1 1 1 1 
1 1 1 1 1 1 1 1 1 1 1 1 
1 1 1 1 1 1 1 1 1 1 1 1 
1 1 1 1 1 1 1 1 1 1 1 1 
1 1 1 1 1 1 1 1 1 1 1 1 
1 1 1 1 1 1 1 1 1 1 1 1 
1 1 1 1 1 1 1 1 1 1 1 1 
1 1 1 1 1 1 1 1 1 1 1 1 
1 1 1 1 1 1 1 1 1 1 1 1 
1 1 1 1 1 1 1 1 1 1 1 1 
1 1 1 1 1 1 1 1 1 1 1 1 
1 1 1 1 1 1 1 1 1 1 1 1 
1 1 1 1 1 1 1 1 1 1 1 1 
1 1 1 1 1 1 1 1 1 1 1 1 
1 1 1 1 1 1 1 1 1 1 1 1 
1 1 1 1 1 1 1 1 1 1 1 1 
1 1 1 1 1 1 1 1 1 1 1 1 
1 1 1 1 1 1 1 1 1 1 1 1 
1 1 1 1 1 1 1 1 1 1 1 1 
1 1 1 1 1 1 1 1 1 1 1 1 
1 1 1 1 1 1 1 1 1 1 1 1 
1 1 1 1 1 1 1 1 1 1 1 1 
1 1 1 1 1 1 1 1 1 1 1 1 
1 1 1 1 1 1 1 1 1 1 1 1 
1 1 1 1 1 1 1 1 1 1 1 1 
1 1 1 1 1 1 1 1 1 1 1 1 
# wt_pop
0.000530656	0.001196328	0.002058265	0.003034987	0.004055212	0.005064698	0.006026226	0.006916921	0.007724891	0.008446113	0.009081853	0.009636695
#maturity
0.02297737 0.32082130 0.90465054 0.99477987 0.99973881 0.99998699 0.99999935 0.99999997 1 1 1 1
#spmonth						
1		
#age_err						
1	0	0	0	0	0	0	0	0	0	0	0
0	1	0	0	0	0	0	0	0	0	0	0
0	0	1	0	0	0	0	0	0	0	0	0
0	0	0	1	0	0	0	0	0	0	0	0
0	0	0	0	1	0	0	0	0	0	0	0
0	0	0	0	0	1	0	0	0	0	0	0
0	0	0	0	0	0	1	0	0	0	0	0
0	0	0	0	0	0	0	1	0	0	0	0
0	0	0	0	0	0	0	0	1	0	0	0
0	0	0	0	0	0	0	0	0	1	0	0
0	0	0	0	0	0	0	0	0	0	1	0
0	0	0	0	0	0	0	0	0	0	0	1																														
