#styr												
1
#endyr												
30
#rec_age										
1															
#n_ages										
12
# numbers of length intervals
81
#Length	bin
10	11	12	13	14	15	16	17	18	19	20	21	22	23	24	25	26	27	28	29	30	31	32	33	34	35	36	37	38	39	40	41	42	43	44	45	46	47	48	49	50	51	52	53	54	55	56	57	58	59	60	61	62	63	64	65	66	67	68	69	70	71	72	73	74	75	76	77	78	79	80	81	82	83	84	85	86	87	88	89	90
#nfsh
1
#names_fsh
FLEET1												
#catch												
160.903986639737	460.320903048325	748.048575076083	977.660967761817	762.629225853275	1350.80839544208	1320.02432849946	2590.33172523057	1404.53184232179	1623.01886224717	1717.48205358844	1679.27132653329	1141.86818700846	1582.37147897588	1568.36272928407	1325.43731594671	2282.50976248191	1599.55312464174	1432.34844695192	1323.91283592951	1710.84512671899	1190.65384507048	1905.63611539465	1447.79611491058	1387.14299435164	1252.94014042623	1238.89038621194	1641.66209255005	1102.57550623908	1442.57085797914
#catch_cv											
0.01	0.01	0.01	0.01	0.01	0.01	0.01	0.01	0.01	0.01	0.01	0.01	0.01	0.01	0.01	0.01	0.01	0.01	0.01	0.01	0.01	0.01	0.01	0.01	0.01	0.01	0.01	0.01	0.01	0.01
#n_ages_fsh								
30		
#n_lengths_fsh								
0															
#yrs_ages_fsh								
1	2	3	4	5	6	7	8	9	10	11	12	13	14	15	16	17	18	19	20	21	22	23	24	25	26	27	28	29	30	
#sample_ages_fsh							
200	200	200	200	200	200	200	200	200	200	200	200	200	200	200	200	200	200	200	200	200	200	200	200	200	200	200	200	200	200
#page_fsh	2	3	4	5	6	7	8	9	10	11						
0.045	0.115	0.16	0.12	0.09	0.11	0.03	0.065	0.065	0.035	0.03	0.135
0.08	0.14	0.12	0.135	0.08	0.075	0.055	0.065	0.05	0.045	0.02	0.135
0.05	0.13	0.175	0.08	0.09	0.06	0.075	0.02	0.045	0.045	0.04	0.19
0.08	0.075	0.2	0.12	0.08	0.105	0.06	0.09	0.045	0.015	0.03	0.1
0.05	0.145	0.135	0.115	0.075	0.075	0.055	0.075	0.03	0.04	0.05	0.155
0.115	0.135	0.13	0.105	0.09	0.095	0.06	0.045	0.03	0.025	0.035	0.135
0.115	0.12	0.105	0.105	0.105	0.09	0.065	0.06	0.05	0.025	0.03	0.13
0.095	0.145	0.175	0.175	0.105	0.04	0.075	0.04	0.04	0.015	0.015	0.08
0.08	0.11	0.15	0.145	0.095	0.14	0.04	0.035	0.025	0.035	0.02	0.125
0.075	0.105	0.16	0.125	0.15	0.075	0.085	0.035	0.04	0.03	0.03	0.09
0.11	0.16	0.095	0.11	0.155	0.11	0.055	0.07	0.025	0.02	0.01	0.08
0.09	0.155	0.135	0.09	0.105	0.125	0.085	0.05	0.05	0.02	0.025	0.07
0.155	0.13	0.19	0.08	0.085	0.075	0.095	0.065	0.045	0.02	0.01	0.05
0.11	0.155	0.145	0.17	0.095	0.095	0.035	0.045	0.035	0.045	0.025	0.045
0.08	0.11	0.245	0.095	0.1	0.045	0.06	0.03	0.08	0.04	0.02	0.095
0.09	0.145	0.195	0.14	0.07	0.09	0.045	0.06	0.055	0.025	0.025	0.06
0.145	0.105	0.25	0.12	0.105	0.07	0.065	0.03	0.02	0.03	0.01	0.05
0.11	0.155	0.075	0.16	0.13	0.11	0.03	0.045	0.05	0.03	0.025	0.08
0.11	0.155	0.18	0.11	0.16	0.085	0.045	0.04	0.045	0.005	0.005	0.06
0.205	0.145	0.2	0.155	0.09	0.055	0.045	0.015	0.025	0.015	0.01	0.04
0.135	0.195	0.24	0.125	0.085	0.06	0.03	0.015	0.03	0.015	0.035	0.035
0.145	0.28	0.135	0.16	0.08	0.07	0.025	0.035	0.015	0.035	0	0.02
0.125	0.21	0.265	0.15	0.115	0.06	0.03	0.01	0.015	0	0.01	0.01
0.17	0.195	0.23	0.12	0.105	0.04	0.03	0.035	0.015	0.025	0.005	0.03
0.185	0.175	0.185	0.16	0.11	0.08	0.05	0.025	0.015	0.005	0.005	0.005
0.13	0.25	0.16	0.13	0.12	0.08	0.035	0.05	0	0.01	0.005	0.03
0.115	0.185	0.285	0.115	0.11	0.1	0.035	0.015	0.015	0.015	0	0.01
0.09	0.145	0.245	0.26	0.09	0.065	0.025	0.035	0.015	0.005	0.005	0.02
0.14	0.18	0.205	0.155	0.15	0.06	0.04	0.04	0.02	0.005	0	0.005
0.115	0.17	0.195	0.19	0.125	0.075	0.05	0.025	0.015	0.02	0.01	0.01
#wt_age_fsh	1 2	3	4	5	6	7	8	9	10	11						
0.000530656	0.001196328	0.002058265	0.003034987	0.004055212	0.005064698	0.006026226	0.006916921	0.007724891	0.008446113	0.009081853	0.009636695
0.000530656	0.001196328	0.002058265	0.003034987	0.004055212	0.005064698	0.006026226	0.006916921	0.007724891	0.008446113	0.009081853	0.009636695
0.000530656	0.001196328	0.002058265	0.003034987	0.004055212	0.005064698	0.006026226	0.006916921	0.007724891	0.008446113	0.009081853	0.009636695
0.000530656	0.001196328	0.002058265	0.003034987	0.004055212	0.005064698	0.006026226	0.006916921	0.007724891	0.008446113	0.009081853	0.009636695
0.000530656	0.001196328	0.002058265	0.003034987	0.004055212	0.005064698	0.006026226	0.006916921	0.007724891	0.008446113	0.009081853	0.009636695
0.000530656	0.001196328	0.002058265	0.003034987	0.004055212	0.005064698	0.006026226	0.006916921	0.007724891	0.008446113	0.009081853	0.009636695
0.000530656	0.001196328	0.002058265	0.003034987	0.004055212	0.005064698	0.006026226	0.006916921	0.007724891	0.008446113	0.009081853	0.009636695
0.000530656	0.001196328	0.002058265	0.003034987	0.004055212	0.005064698	0.006026226	0.006916921	0.007724891	0.008446113	0.009081853	0.009636695
0.000530656	0.001196328	0.002058265	0.003034987	0.004055212	0.005064698	0.006026226	0.006916921	0.007724891	0.008446113	0.009081853	0.009636695
0.000530656	0.001196328	0.002058265	0.003034987	0.004055212	0.005064698	0.006026226	0.006916921	0.007724891	0.008446113	0.009081853	0.009636695
0.000530656	0.001196328	0.002058265	0.003034987	0.004055212	0.005064698	0.006026226	0.006916921	0.007724891	0.008446113	0.009081853	0.009636695
0.000530656	0.001196328	0.002058265	0.003034987	0.004055212	0.005064698	0.006026226	0.006916921	0.007724891	0.008446113	0.009081853	0.009636695
0.000530656	0.001196328	0.002058265	0.003034987	0.004055212	0.005064698	0.006026226	0.006916921	0.007724891	0.008446113	0.009081853	0.009636695
0.000530656	0.001196328	0.002058265	0.003034987	0.004055212	0.005064698	0.006026226	0.006916921	0.007724891	0.008446113	0.009081853	0.009636695
0.000530656	0.001196328	0.002058265	0.003034987	0.004055212	0.005064698	0.006026226	0.006916921	0.007724891	0.008446113	0.009081853	0.009636695
0.000530656	0.001196328	0.002058265	0.003034987	0.004055212	0.005064698	0.006026226	0.006916921	0.007724891	0.008446113	0.009081853	0.009636695
0.000530656	0.001196328	0.002058265	0.003034987	0.004055212	0.005064698	0.006026226	0.006916921	0.007724891	0.008446113	0.009081853	0.009636695
0.000530656	0.001196328	0.002058265	0.003034987	0.004055212	0.005064698	0.006026226	0.006916921	0.007724891	0.008446113	0.009081853	0.009636695
0.000530656	0.001196328	0.002058265	0.003034987	0.004055212	0.005064698	0.006026226	0.006916921	0.007724891	0.008446113	0.009081853	0.009636695
0.000530656	0.001196328	0.002058265	0.003034987	0.004055212	0.005064698	0.006026226	0.006916921	0.007724891	0.008446113	0.009081853	0.009636695
0.000530656	0.001196328	0.002058265	0.003034987	0.004055212	0.005064698	0.006026226	0.006916921	0.007724891	0.008446113	0.009081853	0.009636695
0.000530656	0.001196328	0.002058265	0.003034987	0.004055212	0.005064698	0.006026226	0.006916921	0.007724891	0.008446113	0.009081853	0.009636695
0.000530656	0.001196328	0.002058265	0.003034987	0.004055212	0.005064698	0.006026226	0.006916921	0.007724891	0.008446113	0.009081853	0.009636695
0.000530656	0.001196328	0.002058265	0.003034987	0.004055212	0.005064698	0.006026226	0.006916921	0.007724891	0.008446113	0.009081853	0.009636695
0.000530656	0.001196328	0.002058265	0.003034987	0.004055212	0.005064698	0.006026226	0.006916921	0.007724891	0.008446113	0.009081853	0.009636695
0.000530656	0.001196328	0.002058265	0.003034987	0.004055212	0.005064698	0.006026226	0.006916921	0.007724891	0.008446113	0.009081853	0.009636695
0.000530656	0.001196328	0.002058265	0.003034987	0.004055212	0.005064698	0.006026226	0.006916921	0.007724891	0.008446113	0.009081853	0.009636695
0.000530656	0.001196328	0.002058265	0.003034987	0.004055212	0.005064698	0.006026226	0.006916921	0.007724891	0.008446113	0.009081853	0.009636695
0.000530656	0.001196328	0.002058265	0.003034987	0.004055212	0.005064698	0.006026226	0.006916921	0.007724891	0.008446113	0.009081853	0.009636695
0.000530656	0.001196328	0.002058265	0.003034987	0.004055212	0.005064698	0.006026226	0.006916921	0.007724891	0.008446113	0.009081853	0.009636695
#nind
1
#ind_names									
SURVEY1									
#nobs_ind
30
#yrs_ind											
1	2	3	4	5	6	7	8	9	10	11	12	13	14	15	16	17	18	19	20	21	22	23	24	25	26	27	28	29	30	
#month_ind										
1															
#biom_ind											
1.62222966157107	1.24345056299783	1.27842493368177	1.60357346799496	1.46543038357889	1.51532844967003	1.82388486346783	1.3907287146161	1.45934325946112	1.1212564190531	1.05932255157134	0.963019756527842	1.06530189039267	1.12290620509783	0.98414925424671	1.00856854817217	0.98695066189914	0.675767396132472	0.884867610405723	0.789155482024873	0.812842298152908	0.784627153306178	0.944688421660062	0.77571605971326	0.706501826054016	0.658427023712329	0.633907808851399	0.600175816051833	0.456892556605257	0.534097900460387
#biom_cv																
0.324445932314213	0.248690112599567	0.255684986736354	0.320714693598993	0.293086076715778	0.303065689934007	0.364776972693567	0.27814574292322	0.291868651892224	0.22425128381062	0.211864510314268	0.192603951305568	0.213060378078534	0.224581241019566	0.196829850849342	0.201713709634434	0.197390132379828	0.135153479226495	0.176973522081145	0.157831096404975	0.162568459630582	0.156925430661236	0.188937684332012	0.155143211942652	0.141300365210803	0.131685404742466	0.12678156177028	0.120035163210367	0.0913785113210514	0.106819580092077
#n_ages_ind															
30			
#n_lengths_ind															
0															
#yrs_ages_ind															
1	2	3	4	5	6	7	8	9	10	11	12	13	14	15	16	17	18	19	20	21	22	23	24	25	26	27	28	29	30	
#sample_ages_ind					
200	200	200	200	200	200	200	200	200	200	200	200	200	200	200	200	200	200	200	200	200	200	200	200	200	200	200	200	200	200
#page_ind						
0.07	0.18	0.13	0.11	0.095	0.035	0.045	0.05	0.02	0.055	0.055	0.155
0.05	0.08	0.185	0.13	0.125	0.085	0.08	0.04	0.025	0.025	0.025	0.15
0.045	0.2	0.13	0.095	0.1	0.095	0.055	0.035	0.05	0.03	0.04	0.125
0.06	0.11	0.135	0.15	0.145	0.08	0.05	0.065	0.045	0.03	0.025	0.105
0.105	0.105	0.15	0.14	0.075	0.085	0.065	0.08	0.035	0.025	0.02	0.115
0.1	0.155	0.175	0.11	0.12	0.055	0.05	0.05	0.02	0.045	0.02	0.1
0.075	0.195	0.175	0.13	0.1	0.085	0.055	0.04	0.01	0.025	0.03	0.08
0.08	0.17	0.185	0.145	0.13	0.04	0.07	0.04	0.01	0.02	0.01	0.1
0.05	0.165	0.185	0.21	0.05	0.09	0.04	0.035	0.015	0.04	0.03	0.09
0.065	0.095	0.165	0.18	0.115	0.115	0.075	0.035	0.045	0.03	0.01	0.07
0.09	0.125	0.125	0.155	0.135	0.08	0.075	0.04	0.03	0.025	0.01	0.11
0.055	0.205	0.16	0.135	0.1	0.115	0.045	0.025	0.035	0.025	0.04	0.06
0.065	0.17	0.25	0.13	0.095	0.075	0.075	0.05	0.005	0.025	0.015	0.045
0.075	0.24	0.195	0.12	0.09	0.045	0.06	0.04	0.045	0.02	0.015	0.055
0.08	0.175	0.215	0.085	0.115	0.07	0.04	0.04	0.06	0.03	0.015	0.075
0.065	0.215	0.165	0.135	0.055	0.1	0.055	0.05	0.035	0.03	0.03	0.065
0.09	0.155	0.215	0.135	0.145	0.05	0.065	0.025	0.025	0.01	0.015	0.07
0.1	0.245	0.19	0.145	0.09	0.05	0.045	0.04	0.02	0.015	0.005	0.055
0.13	0.17	0.245	0.13	0.095	0.08	0.075	0.01	0.025	0.015	0	0.025
0.11	0.24	0.235	0.11	0.075	0.065	0.045	0.035	0.025	0.015	0.01	0.035
0.16	0.24	0.195	0.095	0.08	0.075	0.04	0.025	0.035	0.005	0.03	0.02
0.155	0.275	0.23	0.13	0.08	0.06	0.035	0.005	0.015	0	0.005	0.01
0.11	0.235	0.215	0.195	0.095	0.05	0.025	0.015	0.025	0.015	0.005	0.015
0.12	0.275	0.27	0.125	0.13	0.015	0.03	0.015	0.005	0.01	0	0.005
0.18	0.21	0.18	0.205	0.11	0.04	0.04	0	0.01	0	0.02	0.005
0.1	0.345	0.225	0.15	0.07	0.035	0.02	0.015	0.02	0.005	0	0.015
0.075	0.235	0.315	0.14	0.12	0.06	0.025	0.02	0.005	0	0	0.005
0.06	0.22	0.255	0.25	0.05	0.05	0.045	0.04	0.02	0.005	0	0.005
0.07	0.18	0.19	0.235	0.125	0.06	0.07	0.025	0.025	0.01	0.01	0
0.125	0.19	0.235	0.165	0.095	0.08	0.055	0.03	0.02	0.005	0	0
#wt_age_ind						
1 1 1 1 1 1 1 1 1 1 1 1 
1 1 1 1 1 1 1 1 1 1 1 1 
1 1 1 1 1 1 1 1 1 1 1 1 
1 1 1 1 1 1 1 1 1 1 1 1 
1 1 1 1 1 1 1 1 1 1 1 1 
1 1 1 1 1 1 1 1 1 1 1 1 
1 1 1 1 1 1 1 1 1 1 1 1 
1 1 1 1 1 1 1 1 1 1 1 1 
1 1 1 1 1 1 1 1 1 1 1 1 
1 1 1 1 1 1 1 1 1 1 1 1 
1 1 1 1 1 1 1 1 1 1 1 1 
1 1 1 1 1 1 1 1 1 1 1 1 
1 1 1 1 1 1 1 1 1 1 1 1 
1 1 1 1 1 1 1 1 1 1 1 1 
1 1 1 1 1 1 1 1 1 1 1 1 
1 1 1 1 1 1 1 1 1 1 1 1 
1 1 1 1 1 1 1 1 1 1 1 1 
1 1 1 1 1 1 1 1 1 1 1 1 
1 1 1 1 1 1 1 1 1 1 1 1 
1 1 1 1 1 1 1 1 1 1 1 1 
1 1 1 1 1 1 1 1 1 1 1 1 
1 1 1 1 1 1 1 1 1 1 1 1 
1 1 1 1 1 1 1 1 1 1 1 1 
1 1 1 1 1 1 1 1 1 1 1 1 
1 1 1 1 1 1 1 1 1 1 1 1 
1 1 1 1 1 1 1 1 1 1 1 1 
1 1 1 1 1 1 1 1 1 1 1 1 
1 1 1 1 1 1 1 1 1 1 1 1 
1 1 1 1 1 1 1 1 1 1 1 1 
1 1 1 1 1 1 1 1 1 1 1 1 
# wt_pop
0.000530656	0.001196328	0.002058265	0.003034987	0.004055212	0.005064698	0.006026226	0.006916921	0.007724891	0.008446113	0.009081853	0.009636695
#maturity
0.02297737 0.32082130 0.90465054 0.99477987 0.99973881 0.99998699 0.99999935 0.99999997 1 1 1 1
#spmonth						
1		
#age_err						
1	0	0	0	0	0	0	0	0	0	0	0
0	1	0	0	0	0	0	0	0	0	0	0
0	0	1	0	0	0	0	0	0	0	0	0
0	0	0	1	0	0	0	0	0	0	0	0
0	0	0	0	1	0	0	0	0	0	0	0
0	0	0	0	0	1	0	0	0	0	0	0
0	0	0	0	0	0	1	0	0	0	0	0
0	0	0	0	0	0	0	1	0	0	0	0
0	0	0	0	0	0	0	0	1	0	0	0
0	0	0	0	0	0	0	0	0	1	0	0
0	0	0	0	0	0	0	0	0	0	1	0
0	0	0	0	0	0	0	0	0	0	0	1																														
