#######GENERAL HEADER INPUT#######
1
30
1
30
1
30
30
12
1	2	3	4	5	6	7	8	9	10	11	12
12
1	2	3	4	5	6	7	8	9	10	11	12
1
1001
1
1
#######SURVEY DATA#######
30
1	2	3	4	5	6	7	8	9	10	11	12	13	14	15	16	17	18	19	20	21	22	23	24	25	26	27	28	29	30
1.35053637102219	1.58825000232913	1.68443640024075	1.28781693933411	1.2651267347742	1.62583748953175	1.32451649252838	1.18191005198456	1.22609849427634	1.02091077761439	1.1803524984094	0.962543778128202	1.01804497761696	1.09495861271983	0.825873614572526	0.970453552859829	1.30002362093317	0.778442843794192	0.917160980824772	0.913598264365219	0.863013119150158	0.751220771663713	0.765844402341355	0.726720643630325	0.620090301770232	0.61552234197348	0.574903852882503	0.597026970879514	0.55463872053758	0.578248560671532
0.2	0.2	0.2	0.2	0.2	0.2	0.2	0.2	0.2	0.2	0.2	0.2	0.2	0.2	0.2	0.2	0.2	0.2	0.2	0.2	0.2	0.2	0.2	0.2	0.2	0.2	0.2	0.2	0.2	0.2
30
1	2	3	4	5	6	7	8	9	10	11	12	13	14	15	16	17	18	19	20	21	22	23	24	25	26	27	28	29	30
200	200	200	200	200	200	200	200	200	200	200	200	200	200	200	200	200	200	200	200	200	200	200	200	200	200	200	200	200	200
200	200	200	200	200	200	200	200	200	200	200	200	200	200	200	200	200	200	200	200	200	200	200	200	200	200	200	200	200	200
0.055	0.15	0.19	0.125	0.115	0.08	0.04	0.035	0.01	0.04	0.04	0.12
0.06	0.115	0.145	0.16	0.115	0.11	0.035	0.05	0.065	0.025	0.025	0.095
0.045	0.125	0.145	0.135	0.115	0.1	0.09	0.02	0.05	0.02	0.01	0.145
0.055	0.155	0.11	0.11	0.1	0.085	0.075	0.045	0.035	0.035	0.045	0.15
0.085	0.1	0.13	0.105	0.105	0.12	0.05	0.025	0.04	0.05	0.04	0.15
0.075	0.17	0.14	0.14	0.075	0.065	0.045	0.05	0.025	0.04	0.04	0.135
0.075	0.115	0.18	0.13	0.075	0.04	0.075	0.06	0.045	0.04	0.015	0.15
0.09	0.14	0.155	0.14	0.075	0.055	0.05	0.025	0.06	0.05	0.03	0.13
0.085	0.19	0.14	0.115	0.125	0.085	0.08	0.035	0.025	0.015	0.03	0.075
0.06	0.13	0.23	0.11	0.075	0.125	0.08	0.035	0.025	0.035	0.03	0.065
0.035	0.165	0.15	0.17	0.115	0.085	0.065	0.06	0.03	0.015	0.03	0.08
0.125	0.195	0.175	0.13	0.085	0.025	0.065	0.055	0.03	0.04	0	0.075
0.09	0.335	0.115	0.115	0.09	0.05	0.04	0.025	0.035	0.035	0.02	0.05
0.06	0.2	0.2	0.085	0.11	0.03	0.075	0.05	0.045	0.025	0.02	0.1
0.06	0.13	0.29	0.175	0.095	0.08	0.015	0.055	0.015	0.015	0.02	0.05
0.14	0.2	0.11	0.22	0.145	0.035	0.04	0.02	0.025	0.005	0.005	0.055
0.105	0.25	0.15	0.09	0.15	0.08	0.035	0.03	0.025	0.025	0	0.06
0.14	0.205	0.235	0.115	0.07	0.105	0.035	0.005	0.02	0.005	0.015	0.05
0.145	0.22	0.155	0.16	0.06	0.06	0.105	0.035	0.01	0.02	0	0.03
0.08	0.23	0.205	0.15	0.125	0.05	0.03	0.035	0.05	0.015	0.01	0.02
0.095	0.25	0.235	0.14	0.08	0.07	0.03	0.03	0.005	0.035	0	0.03
0.105	0.19	0.27	0.145	0.095	0.07	0.05	0.03	0.015	0	0.01	0.02
0.165	0.205	0.155	0.135	0.115	0.095	0.02	0.05	0.035	0	0	0.025
0.11	0.31	0.2	0.12	0.095	0.05	0.045	0.015	0.025	0.01	0.005	0.015
0.105	0.27	0.26	0.11	0.055	0.095	0.035	0.02	0.025	0.01	0	0.015
0.17	0.16	0.23	0.165	0.105	0.05	0.055	0.035	0.02	0	0	0.01
0.1	0.35	0.175	0.105	0.115	0.035	0.025	0.05	0.015	0.015	0	0.015
0.075	0.15	0.36	0.165	0.105	0.08	0.04	0.005	0.01	0.01	0	0
0.18	0.285	0.115	0.2	0.035	0.075	0.06	0.005	0.015	0	0.005	0.025
0.09	0.235	0.24	0.155	0.09	0.065	0.04	0.03	0.03	0.005	0.005	0.015
#######LANDINGS DATA#######
1
30
160.748004548085	459.999703020264	748.676306648272	955.602584187372	731.644034199138	1263.41785286352	1203.97333145722	2319.31773325373	1208.55278580841	1374.27509270317	1442.57076597808	1413.38227129819	967.612740362583	1383.67057844815	1405.04377951792	1209.97355302177	2127.66867214984	1545.10684701002	1418.64330563302	1358.71892221098	1778.49210579503	1205.38188422791	1819.84643111646	1375.18928766736	1306.38509023584	1161.25864702849	1108.47551496502	1447.8674611119	1020.12301719776	1440.95677616214
0.01	0.01	0.01	0.01	0.01	0.01	0.01	0.01	0.01	0.01	0.01	0.01	0.01	0.01	0.01	0.01	0.01	0.01	0.01	0.01	0.01	0.01	0.01	0.01	0.01	0.01	0.01	0.01	0.01	0.01
30
1	2	3	4	5	6	7	8	9	10	11	12	13	14	15	16	17	18	19	20	21	22	23	24	25	26	27	28	29	30
200	200	200	200	200	200	200	200	200	200	200	200	200	200	200	200	200	200	200	200	200	200	200	200	200	200	200	200	200	200
200	200	200	200	200	200	200	200	200	200	200	200	200	200	200	200	200	200	200	200	200	200	200	200	200	200	200	200	200	200
0.105	0.09	0.14	0.115	0.115	0.095	0.08	0.03	0.04	0.055	0.025	0.11
0.08	0.11	0.105	0.17	0.11	0.06	0.095	0.05	0.04	0.03	0.04	0.11
0.07	0.09	0.1	0.14	0.14	0.115	0.095	0.05	0.03	0.02	0.03	0.12
0.055	0.15	0.08	0.13	0.1	0.065	0.03	0.07	0.075	0.035	0.05	0.16
0.08	0.135	0.11	0.095	0.08	0.105	0.105	0.055	0.035	0.05	0.03	0.12
0.07	0.13	0.115	0.15	0.065	0.08	0.08	0.035	0.025	0.07	0.02	0.16
0.06	0.155	0.16	0.125	0.08	0.075	0.08	0.085	0.05	0.025	0.015	0.09
0.12	0.115	0.11	0.185	0.095	0.07	0.065	0.04	0.02	0.03	0.04	0.11
0.06	0.115	0.115	0.1	0.125	0.1	0.1	0.05	0.035	0.02	0.03	0.15
0.105	0.12	0.145	0.115	0.07	0.125	0.055	0.06	0.05	0.035	0.02	0.1
0.075	0.155	0.13	0.14	0.07	0.08	0.1	0.075	0.035	0.01	0.02	0.11
0.145	0.13	0.15	0.11	0.095	0.08	0.065	0.07	0.015	0.025	0.015	0.1
0.19	0.19	0.13	0.125	0.07	0.08	0.05	0.045	0.04	0.005	0.02	0.055
0.055	0.195	0.24	0.12	0.06	0.08	0.065	0.02	0.045	0.035	0.015	0.07
0.1	0.06	0.25	0.215	0.1	0.06	0.04	0.055	0.025	0.005	0.035	0.055
0.105	0.14	0.105	0.27	0.16	0.065	0.04	0.015	0.02	0.025	0.015	0.04
0.09	0.215	0.195	0.065	0.12	0.135	0.04	0.035	0.025	0.025	0.015	0.04
0.12	0.19	0.185	0.13	0.065	0.09	0.09	0.03	0.025	0.035	0.005	0.035
0.14	0.18	0.225	0.16	0.065	0.05	0.055	0.07	0.025	0.005	0	0.025
0.14	0.195	0.205	0.165	0.135	0.04	0.01	0.04	0.015	0.005	0.01	0.04
0.095	0.21	0.195	0.12	0.11	0.1	0.04	0.02	0.025	0.03	0.015	0.04
0.115	0.18	0.25	0.185	0.105	0.06	0.045	0.015	0.02	0	0.005	0.02
0.18	0.135	0.16	0.18	0.13	0.055	0.065	0.015	0.015	0.005	0.03	0.03
0.155	0.24	0.18	0.14	0.09	0.1	0.025	0.015	0.01	0.01	0	0.035
0.05	0.2	0.35	0.14	0.075	0.07	0.065	0.01	0.015	0.005	0.005	0.015
0.18	0.14	0.19	0.215	0.1	0.055	0.045	0.025	0.025	0.01	0	0.015
0.1	0.255	0.13	0.225	0.15	0.055	0.04	0.005	0.025	0.005	0	0.01
0.145	0.185	0.27	0.11	0.11	0.09	0.03	0.025	0.015	0.01	0	0.01
0.155	0.225	0.205	0.18	0.095	0.045	0.045	0.02	0.005	0.01	0.005	0.01
0.165	0.225	0.2	0.14	0.13	0.06	0.035	0.01	0.005	0.01	0.005	0.015
#######PARAMETER SECTION#######
800	400	1200	-4	800	-0.25	1
0.18	0.01	1	-4	0.18	-0.25	1
-1.36	-5	-0.001	-4	-1.36	-0.25	1
0.1	0.05	0.3	-4	0.1	-0.25	1
0.2	0.01	0.5	-4	0.2	-0.25	1
0.75	0.20001	1	-3	0.75	-0.25	1
13.815511	-1	200	1	13.815511	-0.25	1
0	-1	1	-4	0	-0.25	1
0.2	1e-04	1.2	-3	0.2	-0.25	1
0	-10	10	-6	0	-1	1
0	-10	10	-6	0	-1	1
2	0	12	2	2	-0.5	1
1	0	12	2	1	-0.5	1
2	0	12	-2	2	-0.5	1
1	0	12	-2	1	-0.5	1
1.5	0	12	2	1.5	-0.5	1
2	0	12	2	2	-0.5	1
-14.8658517200839	-30	5	1	-14.8658517200839	-1	1
1	0.1	2	-1	1	-1	1
-1.54399197800355	-10	1.39	1	-1.54399197800355	-1	1
#######DEV CONSTRAINTS and DEVS#######
-15	15	2
-15	15	2
-15	15	2
0	0	0	0	0	0	0	0	0	0	0	0	0	0	0	0	0	0	0	0	0	0	0	0	0	0	0	0	0	0
0	0	0	0	0	0	0	0	0	0	0	0	0	0	0	0	0	0	0	0	0	0	0	0	0	0	0	0	0	0
0	0	0	0	0	0	0	0	0	0	0
#######LIKELIHOOD WEIGHTS#######
1
1
1
1
0
1
0
0
0
#######MISCELLANEOUS STUFF SECTION#######
2.5e-08
3
0.5	0.5	0.5	0.5	0.5	0.5	0.5	0.5	0.5	0.5	0.5	0.5
0.0229773699100256	0.320821300824607	0.904650535100891	0.994779874306442	0.999738809680904	0.999986992871533	0.999999352405202	0.999999967758134	0.999999998394772	0.99999999992008	0.999999999996021	0.999999999999802
0.2	0.2	0.2	0.2	0.2	0.2	0.2	0.2	0.2	0.2	0.2	0.2
0
1
10
0.2
1
1	0	0	0	0	0	0	0	0	0	0	0
0	1	0	0	0	0	0	0	0	0	0	0
0	0	1	0	0	0	0	0	0	0	0	0
0	0	0	1	0	0	0	0	0	0	0	0
0	0	0	0	1	0	0	0	0	0	0	0
0	0	0	0	0	1	0	0	0	0	0	0
0	0	0	0	0	0	1	0	0	0	0	0
0	0	0	0	0	0	0	1	0	0	0	0
0	0	0	0	0	0	0	0	1	0	0	0
0	0	0	0	0	0	0	0	0	1	0	0
0	0	0	0	0	0	0	0	0	0	1	0
0	0	0	0	0	0	0	0	0	0	0	1
40
31
2
1
#######END OF DATA FILE#######
999
