# Number of parameters = 77  Objective function value = 26312.5  Maximum gradient component = 0.0134442
# sel_params[1]:
2.01500308233
# sel_params[2]:
0.975407837306
# log_Fmult_year1:
 -4.67673796814
# log_Fmult_devs:
 1.06914541355 0.496295319946 0.301473643774 -0.221351377850 0.585668528278 0.0161763284126 0.740675264984 -0.534290036380 0.194125156272 0.134321881837 0.0765649504299 -0.332670204336 0.378399403042 0.0673827801965 -0.114219140359 0.667195240840 -0.209208125588 -0.00320761137063 -0.00633558343609 0.326069479947 -0.311768590755 0.482930322917 -0.197182934969 -0.0123957613617 -0.103646697991 -0.0164695628114 0.326860940463 -0.292337888035 0.413810114046
# log_recruit_devs:
 -0.0216455364800 -0.186750896206 -0.104125934477 0.148962679054 0.0968506415116 0.0494280653285 -0.151287813047 0.170733478792 0.216946837773 -0.380796272524 -0.134115975397 0.0481418968162 0.167107500721 -0.157585091700 -0.0679265632868 0.291661772511 -0.0492445715385 -0.148162967503 0.0852459885732 -0.0364878748622 0.450232137053 -0.116070659620 -0.0942224014851 0.109613678255 0.149938561880 -0.195889833746 -0.0736167714119 -0.118860135105 0.00778204535918 0.0441440147627
# log_N_year1_devs:
 -0.0861674345610 -0.0588845463643 0.0624038764766 -0.119803507696 -0.131304520659 -0.00433960428837 -0.0746260667092 -0.271999844880 0.0315280644356 -0.189567526064 0.00723328161500
# log_q_year1:
 -7.99309163689
# log_q_devs:
 0.00000000000 0.00000000000 0.00000000000 0.00000000000 0.00000000000 0.00000000000 0.00000000000 0.00000000000 0.00000000000 0.00000000000 0.00000000000 0.00000000000 0.00000000000 0.00000000000 0.00000000000 0.00000000000 0.00000000000 0.00000000000 0.00000000000 0.00000000000 0.00000000000 0.00000000000 0.00000000000 0.00000000000 0.00000000000 0.00000000000 0.00000000000 0.00000000000 0.00000000000
# index_sel_params[1]:
1.53686320024
# index_sel_params[2]:
0.537383262814
# log_SR_scaler:
6.93604313326
# SR_steepness:
0.750000000000
