#######GENERAL HEADER INPUT#######
1
30
1
30
1
30
30
12
1	2	3	4	5	6	7	8	9	10	11	12
12
1	2	3	4	5	6	7	8	9	10	11	12
1
1001
1
1
#######SURVEY DATA#######
30
1	2	3	4	5	6	7	8	9	10	11	12	13	14	15	16	17	18	19	20	21	22	23	24	25	26	27	28	29	30
1.65725981861476	1.5699120521578	1.48333400623686	1.31718284500677	1.3108585140206	1.37496618292295	1.39786673118017	1.25290216631547	1.52907663653909	1.2455590827694	1.06105715661637	1.07940428529147	1.11201310574928	1.14431880936249	1.25328385764521	0.94549155927401	0.989208541465469	1.01382698823944	0.861686098360323	0.91644458099298	0.627035837736044	0.713747997137524	0.606627212092438	0.574692691982308	0.569565364324549	0.577760246317107	0.675568578481922	0.581323440356485	0.65374947542925	0.613227504911421
0.2	0.2	0.2	0.2	0.2	0.2	0.2	0.2	0.2	0.2	0.2	0.2	0.2	0.2	0.2	0.2	0.2	0.2	0.2	0.2	0.2	0.2	0.2	0.2	0.2	0.2	0.2	0.2	0.2	0.2
30
1	2	3	4	5	6	7	8	9	10	11	12	13	14	15	16	17	18	19	20	21	22	23	24	25	26	27	28	29	30
200	200	200	200	200	200	200	200	200	200	200	200	200	200	200	200	200	200	200	200	200	200	200	200	200	200	200	200	200	200
200	200	200	200	200	200	200	200	200	200	200	200	200	200	200	200	200	200	200	200	200	200	200	200	200	200	200	200	200	200
0.05	0.125	0.15	0.15	0.095	0.07	0.07	0.045	0.055	0.03	0.03	0.13
0.03	0.13	0.14	0.17	0.11	0.06	0.04	0.075	0.04	0.035	0.01	0.16
0.07	0.12	0.18	0.145	0.09	0.06	0.055	0.04	0.06	0.03	0.04	0.11
0.065	0.125	0.105	0.13	0.125	0.11	0.06	0.05	0.05	0.03	0.02	0.13
0.1	0.125	0.11	0.09	0.065	0.1	0.105	0.065	0.05	0.05	0.065	0.075
0.11	0.18	0.11	0.14	0.06	0.095	0.07	0.05	0.025	0.02	0.04	0.1
0.095	0.18	0.155	0.105	0.08	0.04	0.09	0.03	0.035	0.025	0.04	0.125
0.065	0.21	0.16	0.08	0.09	0.075	0.04	0.08	0.075	0.035	0.01	0.08
0.065	0.19	0.16	0.11	0.11	0.045	0.045	0.045	0.05	0.025	0.035	0.12
0.07	0.145	0.2	0.14	0.08	0.095	0.055	0.045	0.025	0.015	0.04	0.09
0.1	0.11	0.2	0.175	0.105	0.06	0.05	0.03	0.045	0.03	0.005	0.09
0.075	0.18	0.185	0.2	0.11	0.065	0.05	0.035	0.015	0.01	0.015	0.06
0.04	0.24	0.225	0.13	0.09	0.085	0.02	0.035	0.02	0.025	0.015	0.075
0.085	0.135	0.2	0.135	0.105	0.065	0.065	0.08	0.025	0.025	0.01	0.07
0.125	0.19	0.13	0.115	0.12	0.055	0.06	0.075	0.03	0.03	0.015	0.055
0.125	0.23	0.17	0.095	0.125	0.075	0.03	0.035	0.04	0.015	0.015	0.045
0.085	0.155	0.245	0.15	0.095	0.09	0.045	0.04	0.025	0.02	0.02	0.03
0.11	0.18	0.215	0.125	0.115	0.065	0.075	0.03	0.025	0.025	0.005	0.03
0.09	0.185	0.205	0.195	0.095	0.07	0.065	0.035	0.005	0.02	0.005	0.03
0.045	0.2	0.185	0.135	0.15	0.135	0.045	0.04	0.02	0.005	0.005	0.035
0.14	0.145	0.13	0.15	0.095	0.11	0.09	0.05	0.015	0.025	0.005	0.045
0.115	0.31	0.155	0.085	0.13	0.05	0.05	0.03	0.035	0.01	0.01	0.02
0.09	0.2	0.295	0.11	0.1	0.08	0.03	0.045	0.01	0.015	0.015	0.01
0.105	0.25	0.175	0.21	0.085	0.045	0.05	0.03	0.02	0.005	0.005	0.02
0.145	0.205	0.22	0.16	0.14	0.06	0.015	0.015	0.01	0.025	0	0.005
0.095	0.34	0.17	0.19	0.075	0.075	0.01	0.015	0.015	0.01	0	0.005
0.15	0.22	0.285	0.095	0.07	0.055	0.055	0.035	0.005	0.005	0	0.025
0.105	0.235	0.22	0.245	0.05	0.075	0.04	0.025	0	0	0.005	0
0.195	0.215	0.235	0.145	0.115	0.025	0.025	0.005	0.01	0.005	0.005	0.02
0.09	0.34	0.19	0.1	0.12	0.105	0.025	0.015	0	0.01	0	0.005
#######LANDINGS DATA#######
1
30
159.84379359326	463.04800173893	732.040971475718	959.424557913854	724.593630586406	1219.90448625216	1159.65063071812	2202.5928175969	1199.89963388719	1387.38089655146	1496.76876500719	1520.29887278243	1048.0589966832	1467.4756129167	1461.42525215436	1276.54223535641	2283.73798898093	1649.724410837	1498.16165585729	1340.31956877168	1632.23114080749	1083.15890324769	1625.08492407634	1191.26809680942	1111.28877308224	990.965544983313	963.239170971683	1288.40721057713	948.495142852822	1391.96653554577
0.01	0.01	0.01	0.01	0.01	0.01	0.01	0.01	0.01	0.01	0.01	0.01	0.01	0.01	0.01	0.01	0.01	0.01	0.01	0.01	0.01	0.01	0.01	0.01	0.01	0.01	0.01	0.01	0.01	0.01
30
1	2	3	4	5	6	7	8	9	10	11	12	13	14	15	16	17	18	19	20	21	22	23	24	25	26	27	28	29	30
200	200	200	200	200	200	200	200	200	200	200	200	200	200	200	200	200	200	200	200	200	200	200	200	200	200	200	200	200	200
200	200	200	200	200	200	200	200	200	200	200	200	200	200	200	200	200	200	200	200	200	200	200	200	200	200	200	200	200	200
0.105	0.125	0.105	0.17	0.09	0.025	0.045	0.085	0.035	0.045	0.025	0.145
0.045	0.105	0.16	0.105	0.14	0.095	0.065	0.065	0.04	0.04	0.035	0.105
0.04	0.095	0.13	0.165	0.085	0.115	0.055	0.045	0.05	0.04	0.03	0.15
0.085	0.14	0.115	0.13	0.085	0.1	0.07	0.065	0.045	0.015	0.015	0.135
0.065	0.11	0.12	0.09	0.1	0.095	0.08	0.07	0.055	0.045	0.03	0.14
0.085	0.105	0.13	0.13	0.1	0.1	0.035	0.05	0.05	0.035	0.045	0.135
0.095	0.145	0.125	0.095	0.075	0.065	0.08	0.025	0.025	0.05	0.035	0.185
0.155	0.13	0.185	0.09	0.09	0.05	0.04	0.07	0.055	0.03	0.02	0.085
0.07	0.125	0.22	0.135	0.06	0.055	0.045	0.065	0.03	0.045	0.035	0.115
0.065	0.18	0.18	0.18	0.06	0.095	0.03	0.045	0.01	0.035	0.015	0.105
0.125	0.105	0.175	0.18	0.105	0.06	0.035	0.03	0.03	0.03	0.035	0.09
0.11	0.18	0.085	0.145	0.105	0.1	0.045	0.04	0.03	0.01	0.05	0.1
0.08	0.12	0.175	0.14	0.12	0.14	0.06	0.025	0.05	0.005	0.015	0.07
0.075	0.145	0.175	0.125	0.1	0.105	0.06	0.04	0.045	0.03	0.02	0.08
0.18	0.145	0.115	0.15	0.085	0.07	0.065	0.06	0.03	0.015	0.03	0.055
0.125	0.195	0.15	0.14	0.16	0.065	0.01	0.05	0.035	0.03	0.015	0.025
0.08	0.155	0.265	0.115	0.085	0.06	0.055	0.035	0.04	0.025	0.05	0.035
0.15	0.15	0.16	0.185	0.105	0.075	0.06	0.035	0.025	0.005	0.01	0.04
0.045	0.18	0.17	0.225	0.175	0.06	0.025	0.03	0.02	0.005	0.025	0.04
0.07	0.115	0.21	0.17	0.125	0.12	0.055	0.065	0.025	0.01	0.015	0.02
0.19	0.155	0.1	0.17	0.07	0.13	0.08	0.015	0.02	0.005	0.01	0.055
0.125	0.28	0.135	0.13	0.1	0.085	0.075	0.02	0.025	0.005	0.005	0.015
0.155	0.14	0.265	0.135	0.065	0.085	0.025	0.035	0.025	0.005	0.005	0.06
0.14	0.185	0.205	0.18	0.085	0.045	0.065	0.015	0.025	0.03	0.005	0.02
0.2	0.21	0.165	0.13	0.14	0.045	0.05	0.015	0.02	0.015	0	0.01
0.12	0.275	0.175	0.125	0.095	0.1	0.05	0.02	0.025	0.015	0	0
0.175	0.145	0.25	0.115	0.145	0.055	0.065	0.025	0	0	0.02	0.005
0.185	0.175	0.17	0.21	0.085	0.07	0.025	0.035	0.025	0.005	0	0.015
0.195	0.19	0.225	0.17	0.11	0.045	0.045	0.015	0.005	0	0	0
0.145	0.29	0.205	0.135	0.07	0.075	0.03	0.015	0.015	0.005	0.005	0.01
#######PARAMETER SECTION#######
800	400	1200	-4	800	-0.25	1
0.18	0.01	1	-4	0.18	-0.25	1
-1.36	-5	-0.001	-4	-1.36	-0.25	1
0.1	0.05	0.3	-4	0.1	-0.25	1
0.2	0.01	0.5	-4	0.2	-0.25	1
0.75	0.20001	1	-3	0.75	-0.25	1
13.815511	-1	200	1	13.815511	-0.25	1
0	-1	1	-4	0	-0.25	1
0.2	1e-04	1.2	-3	0.2	-0.25	1
0	-10	10	-6	0	-1	1
0	-10	10	-6	0	-1	1
2	0	12	2	2	-0.5	1
1	0	12	2	1	-0.5	1
2	0	12	-2	2	-0.5	1
1	0	12	-2	1	-0.5	1
1.5	0	12	2	1.5	-0.5	1
2	0	12	2	2	-0.5	1
-14.8503800888461	-30	5	1	-14.8503800888461	-1	1
1	0.1	2	-1	1	-1	1
-1.54399197800355	-10	1.39	1	-1.54399197800355	-1	1
#######DEV CONSTRAINTS and DEVS#######
-15	15	2
-15	15	2
-15	15	2
0	0	0	0	0	0	0	0	0	0	0	0	0	0	0	0	0	0	0	0	0	0	0	0	0	0	0	0	0	0
0	0	0	0	0	0	0	0	0	0	0	0	0	0	0	0	0	0	0	0	0	0	0	0	0	0	0	0	0	0
0	0	0	0	0	0	0	0	0	0	0
#######LIKELIHOOD WEIGHTS#######
1
1
1
1
0
1
0
0
0
#######MISCELLANEOUS STUFF SECTION#######
2.5e-08
3
0.5	0.5	0.5	0.5	0.5	0.5	0.5	0.5	0.5	0.5	0.5	0.5
0.0229773699100256	0.320821300824607	0.904650535100891	0.994779874306442	0.999738809680904	0.999986992871533	0.999999352405202	0.999999967758134	0.999999998394772	0.99999999992008	0.999999999996021	0.999999999999802
0.2	0.2	0.2	0.2	0.2	0.2	0.2	0.2	0.2	0.2	0.2	0.2
0
1
10
0.2
1
1	0	0	0	0	0	0	0	0	0	0	0
0	1	0	0	0	0	0	0	0	0	0	0
0	0	1	0	0	0	0	0	0	0	0	0
0	0	0	1	0	0	0	0	0	0	0	0
0	0	0	0	1	0	0	0	0	0	0	0
0	0	0	0	0	1	0	0	0	0	0	0
0	0	0	0	0	0	1	0	0	0	0	0
0	0	0	0	0	0	0	1	0	0	0	0
0	0	0	0	0	0	0	0	1	0	0	0
0	0	0	0	0	0	0	0	0	1	0	0
0	0	0	0	0	0	0	0	0	0	1	0
0	0	0	0	0	0	0	0	0	0	0	1
40
31
2
1
#######END OF DATA FILE#######
999
