# Number of parameters = 77  Objective function value = 26327.6  Maximum gradient component = 0.000897514
# sel_params[1]:
2.00733764425
# sel_params[2]:
1.03798638811
# log_Fmult_year1:
 -4.61349193462
# log_Fmult_devs:
 1.04487283814 0.498473798235 0.289383595308 -0.240099155182 0.592176146521 0.0181421093019 0.745161886799 -0.537785783608 0.208451299533 0.124100168131 0.0740985495107 -0.316309324145 0.362493841931 0.0588958627249 -0.106744994436 0.657254051021 -0.199875607949 -0.0118622722236 -0.0296048628912 0.319408025467 -0.333284627102 0.501705163920 -0.190008115542 -0.00383193465118 -0.0933038079061 -0.0187061551877 0.343956829050 -0.294410846304 0.418382262902
# log_recruit_devs:
 0.0252147124644 -0.158110805291 0.197403219553 0.319116753798 -0.198479367246 0.0130812074028 0.0273848748145 -0.0476695080927 -0.105219480590 0.0834113153914 0.195817030786 0.250695450783 0.132896572448 -0.0778256771538 -0.237346762711 -0.0243185889272 -0.139379073391 -0.226933859199 -0.145866060414 0.178535595925 0.427036830680 -0.283930079478 -0.0476656889181 0.0388542349404 0.115182643851 0.106318640712 -0.157786163232 -0.0602850608599 -0.300410826837 0.100277918791
# log_N_year1_devs:
 0.0232712735769 -0.0732985127640 -0.0161492815812 0.0956245072807 -0.119753148978 -0.0510644889283 -0.000911981615216 -0.222287928409 -0.0436617234696 0.0715857570113 -0.314185688043
# log_q_year1:
 -7.96913366252
# log_q_devs:
 0.00000000000 0.00000000000 0.00000000000 0.00000000000 0.00000000000 0.00000000000 0.00000000000 0.00000000000 0.00000000000 0.00000000000 0.00000000000 0.00000000000 0.00000000000 0.00000000000 0.00000000000 0.00000000000 0.00000000000 0.00000000000 0.00000000000 0.00000000000 0.00000000000 0.00000000000 0.00000000000 0.00000000000 0.00000000000 0.00000000000 0.00000000000 0.00000000000 0.00000000000
# index_sel_params[1]:
1.43860555420
# index_sel_params[2]:
0.467962848004
# log_SR_scaler:
6.90900225975
# SR_steepness:
0.750000000000
