#######GENERAL HEADER INPUT#######
1
30
1
30
1
30
30
12
1	2	3	4	5	6	7	8	9	10	11	12
12
1	2	3	4	5	6	7	8	9	10	11	12
1
1001
1
1
#######SURVEY DATA#######
30
1	2	3	4	5	6	7	8	9	10	11	12	13	14	15	16	17	18	19	20	21	22	23	24	25	26	27	28	29	30
1.29723387860292	1.38225932779727	1.32767687985917	0.987956579179474	1.2095358140575	1.26150215225322	1.21691082197689	1.33813249077554	0.97201958147925	1.18876487052785	1.38475932506875	0.997528406705516	1.25301896058843	0.849844066751651	1.04161392239762	1.10137064958878	0.971062593451771	0.885264657881318	0.853254445452231	0.867733076299002	0.856393721893219	0.724174606135183	0.816947381031534	0.830487574261877	0.814329657705498	0.787157033924881	0.711614797511029	0.872627294506063	0.712499537894346	0.647016773318797
0.2	0.2	0.2	0.2	0.2	0.2	0.2	0.2	0.2	0.2	0.2	0.2	0.2	0.2	0.2	0.2	0.2	0.2	0.2	0.2	0.2	0.2	0.2	0.2	0.2	0.2	0.2	0.2	0.2	0.2
30
1	2	3	4	5	6	7	8	9	10	11	12	13	14	15	16	17	18	19	20	21	22	23	24	25	26	27	28	29	30
200	200	200	200	200	200	200	200	200	200	200	200	200	200	200	200	200	200	200	200	200	200	200	200	200	200	200	200	200	200
200	200	200	200	200	200	200	200	200	200	200	200	200	200	200	200	200	200	200	200	200	200	200	200	200	200	200	200	200	200
0.04	0.095	0.16	0.14	0.17	0.055	0.105	0.05	0.05	0.01	0.015	0.11
0.07	0.105	0.17	0.13	0.11	0.095	0.04	0.06	0.035	0.025	0.035	0.125
0.065	0.1	0.155	0.125	0.11	0.105	0.09	0.075	0.055	0.03	0.025	0.065
0.09	0.08	0.185	0.145	0.155	0.085	0.055	0.045	0.03	0.025	0.035	0.07
0.07	0.105	0.15	0.15	0.145	0.12	0.04	0.06	0.06	0.005	0.02	0.075
0.025	0.105	0.165	0.15	0.09	0.135	0.085	0.07	0.045	0.035	0.015	0.08
0.095	0.13	0.14	0.175	0.075	0.11	0.075	0.055	0.03	0.04	0.015	0.06
0.05	0.155	0.205	0.12	0.1	0.05	0.085	0.06	0.035	0.02	0.035	0.085
0.08	0.105	0.255	0.15	0.095	0.065	0.075	0.06	0.025	0.015	0.02	0.055
0.065	0.165	0.135	0.205	0.095	0.095	0.05	0.055	0.04	0.01	0.01	0.075
0.075	0.145	0.215	0.16	0.12	0.1	0.025	0.03	0.025	0.04	0.03	0.035
0.1	0.125	0.21	0.17	0.105	0.08	0.06	0.03	0.045	0.005	0.005	0.065
0.06	0.17	0.12	0.145	0.165	0.1	0.065	0.08	0.02	0.01	0.015	0.05
0.03	0.125	0.22	0.16	0.16	0.11	0.075	0.025	0.04	0.005	0	0.05
0.07	0.105	0.16	0.15	0.12	0.165	0.07	0.05	0.04	0.02	0.005	0.045
0.025	0.195	0.135	0.205	0.16	0.075	0.065	0.07	0.01	0.01	0.02	0.03
0.05	0.08	0.275	0.14	0.12	0.15	0.025	0.045	0.02	0.03	0.015	0.05
0.045	0.125	0.135	0.235	0.105	0.085	0.125	0.025	0.025	0.02	0.015	0.06
0.09	0.185	0.125	0.085	0.205	0.095	0.065	0.05	0.025	0.01	0.02	0.045
0.055	0.25	0.175	0.125	0.145	0.115	0.045	0.015	0.035	0.01	0	0.03
0.05	0.145	0.3	0.165	0.115	0.05	0.105	0.025	0.01	0.02	0.005	0.01
0.05	0.16	0.155	0.27	0.155	0.08	0.035	0.04	0.025	0.01	0.005	0.015
0.095	0.08	0.23	0.2	0.155	0.09	0.035	0.035	0.02	0.01	0.015	0.035
0.115	0.18	0.12	0.265	0.095	0.125	0.035	0.015	0.01	0.02	0.005	0.015
0.11	0.185	0.24	0.12	0.105	0.07	0.08	0.05	0.01	0.005	0.015	0.01
0.09	0.21	0.255	0.15	0.07	0.095	0.04	0.045	0.01	0.01	0.005	0.02
0.065	0.165	0.32	0.185	0.13	0.045	0.03	0.02	0.015	0.01	0	0.015
0.06	0.15	0.155	0.35	0.12	0.075	0.025	0.01	0.015	0.015	0.005	0.02
0.13	0.115	0.205	0.155	0.175	0.105	0.05	0.02	0.01	0.015	0	0.02
0.105	0.25	0.14	0.155	0.14	0.055	0.115	0.03	0	0.005	0.005	0
#######LANDINGS DATA#######
1
30
110.347705861382	315.167699843545	511.211954609259	677.180018123	525.91789778522	912.49334237309	872.960456087279	1691.73848622849	918.202560677224	1119.61964244477	1246.34344532039	1328.73358315765	965.6567970722	1390.98670219609	1451.26319024153	1252.97138711673	2220.32798923342	1625.09371733217	1458.44418622051	1321.73014180599	1717.96836712398	1176.30678093499	1814.79471804644	1377.91625973755	1295.91862245498	1176.84294346468	1213.35567513429	1744.70590845997	1310.764644681	1850.13685902462
0.01	0.01	0.01	0.01	0.01	0.01	0.01	0.01	0.01	0.01	0.01	0.01	0.01	0.01	0.01	0.01	0.01	0.01	0.01	0.01	0.01	0.01	0.01	0.01	0.01	0.01	0.01	0.01	0.01	0.01
30
1	2	3	4	5	6	7	8	9	10	11	12	13	14	15	16	17	18	19	20	21	22	23	24	25	26	27	28	29	30
200	200	200	200	200	200	200	200	200	200	200	200	200	200	200	200	200	200	200	200	200	200	200	200	200	200	200	200	200	200
200	200	200	200	200	200	200	200	200	200	200	200	200	200	200	200	200	200	200	200	200	200	200	200	200	200	200	200	200	200
0.005	0.04	0.12	0.13	0.13	0.145	0.09	0.125	0.055	0.05	0.035	0.075
0.03	0.025	0.1	0.135	0.155	0.145	0.14	0.08	0.08	0.05	0.01	0.05
0.03	0.07	0.07	0.11	0.2	0.165	0.095	0.065	0.07	0.045	0.015	0.065
0.025	0.04	0.09	0.09	0.17	0.12	0.11	0.07	0.09	0.07	0.045	0.08
0.035	0.03	0.055	0.135	0.145	0.155	0.165	0.095	0.065	0.04	0	0.08
0.04	0.02	0.075	0.095	0.18	0.135	0.075	0.095	0.1	0.075	0.03	0.08
0.03	0.06	0.07	0.13	0.13	0.12	0.14	0.055	0.05	0.055	0.045	0.115
0.02	0.06	0.115	0.125	0.165	0.11	0.115	0.085	0.065	0.035	0.03	0.075
0.05	0.055	0.09	0.165	0.145	0.105	0.09	0.1	0.07	0.05	0.02	0.06
0.035	0.095	0.09	0.21	0.175	0.115	0.07	0.06	0.07	0.035	0.01	0.035
0.02	0.095	0.09	0.13	0.155	0.2	0.095	0.09	0.02	0.015	0.025	0.065
0.03	0.06	0.13	0.18	0.105	0.125	0.155	0.03	0.04	0.035	0.015	0.095
0.025	0.055	0.09	0.18	0.165	0.105	0.15	0.09	0.05	0.035	0.005	0.05
0.025	0.03	0.12	0.145	0.19	0.17	0.105	0.11	0.035	0.01	0.015	0.045
0.02	0.06	0.07	0.165	0.125	0.21	0.125	0.06	0.055	0.035	0.02	0.055
0.025	0.09	0.09	0.14	0.195	0.145	0.12	0.09	0.055	0.015	0.015	0.02
0.015	0.045	0.145	0.135	0.12	0.205	0.125	0.09	0.05	0.02	0	0.05
0.025	0.065	0.11	0.19	0.145	0.165	0.14	0.05	0.035	0.015	0.025	0.035
0.04	0.035	0.1	0.095	0.205	0.155	0.13	0.105	0.03	0.04	0.02	0.045
0.045	0.115	0.1	0.12	0.115	0.155	0.08	0.11	0.055	0.015	0.025	0.065
0.05	0.07	0.15	0.155	0.155	0.125	0.08	0.1	0.025	0.02	0.02	0.05
0.03	0.105	0.12	0.26	0.12	0.105	0.09	0.065	0.01	0.035	0.01	0.05
0.04	0.035	0.175	0.16	0.225	0.15	0.05	0.035	0.07	0.01	0.01	0.04
0.085	0.1	0.065	0.245	0.13	0.195	0.055	0.035	0.02	0.035	0.01	0.025
0.055	0.115	0.145	0.055	0.21	0.105	0.14	0.08	0.03	0.015	0.015	0.035
0.035	0.08	0.215	0.22	0.11	0.095	0.095	0.055	0.04	0.03	0	0.025
0.04	0.07	0.115	0.29	0.2	0.075	0.085	0.045	0.035	0.015	0	0.03
0.035	0.105	0.18	0.25	0.18	0.12	0.055	0.04	0.015	0.005	0.005	0.01
0.065	0.075	0.14	0.165	0.235	0.16	0.06	0.025	0.05	0.005	0.005	0.015
0.05	0.125	0.11	0.17	0.19	0.17	0.085	0.07	0.015	0.01	0	0.005
#######PARAMETER SECTION#######
800	400	1200	-4	800	-0.25	1
0.18	0.01	1	-4	0.18	-0.25	1
-1.36	-5	-0.001	-4	-1.36	-0.25	1
0.1	0.05	0.3	-4	0.1	-0.25	1
0.2	0.01	0.5	-4	0.2	-0.25	1
0.75	0.20001	1	-3	0.75	-0.25	1
13.815511	-1	200	1	13.815511	-0.25	1
0	-1	1	-4	0	-0.25	1
0.2	1e-04	1.2	-3	0.2	-0.25	1
0	-10	10	-6	0	-1	1
0	-10	10	-6	0	-1	1
2	0	12	2	2	-0.5	1
1	0	12	2	1	-0.5	1
2	0	12	-2	2	-0.5	1
1	0	12	-2	1	-0.5	1
1.5	0	12	2	1.5	-0.5	1
2	0	12	2	2	-0.5	1
-14.8888715170383	-30	5	1	-14.8888715170383	-1	1
1	0.1	2	-1	1	-1	1
-1.54399197800355	-10	1.39	1	-1.54399197800355	-1	1
#######DEV CONSTRAINTS and DEVS#######
-15	15	2
-15	15	2
-15	15	2
0	0	0	0	0	0	0	0	0	0	0	0	0	0	0	0	0	0	0	0	0	0	0	0	0	0	0	0	0	0
0	0	0	0	0	0	0	0	0	0	0	0	0	0	0	0	0	0	0	0	0	0	0	0	0	0	0	0	0	0
0	0	0	0	0	0	0	0	0	0	0
#######LIKELIHOOD WEIGHTS#######
1
1
1
1
0
1
0
0
0
#######MISCELLANEOUS STUFF SECTION#######
2.5e-08
3
0.5	0.5	0.5	0.5	0.5	0.5	0.5	0.5	0.5	0.5	0.5	0.5
0.0229773699100256	0.320821300824607	0.904650535100891	0.994779874306442	0.999738809680904	0.999986992871533	0.999999352405202	0.999999967758134	0.999999998394772	0.99999999992008	0.999999999996021	0.999999999999802
0.2	0.2	0.2	0.2	0.2	0.2	0.2	0.2	0.2	0.2	0.2	0.2
0
1
10
0.2
1
1	0	0	0	0	0	0	0	0	0	0	0
0	1	0	0	0	0	0	0	0	0	0	0
0	0	1	0	0	0	0	0	0	0	0	0
0	0	0	1	0	0	0	0	0	0	0	0
0	0	0	0	1	0	0	0	0	0	0	0
0	0	0	0	0	1	0	0	0	0	0	0
0	0	0	0	0	0	1	0	0	0	0	0
0	0	0	0	0	0	0	1	0	0	0	0
0	0	0	0	0	0	0	0	1	0	0	0
0	0	0	0	0	0	0	0	0	1	0	0
0	0	0	0	0	0	0	0	0	0	1	0
0	0	0	0	0	0	0	0	0	0	0	1
40
31
2
1
#######END OF DATA FILE#######
999
