#styr												
1
#endyr												
30
#rec_age										
1															
#n_ages										
12
# numbers of length intervals
81
#Length	bin
10	11	12	13	14	15	16	17	18	19	20	21	22	23	24	25	26	27	28	29	30	31	32	33	34	35	36	37	38	39	40	41	42	43	44	45	46	47	48	49	50	51	52	53	54	55	56	57	58	59	60	61	62	63	64	65	66	67	68	69	70	71	72	73	74	75	76	77	78	79	80	81	82	83	84	85	86	87	88	89	90
#nfsh
1
#names_fsh
FLEET1												
#catch												
161.371782326955	458.927961327491	741.333230439364	964.065966355292	744.31845903624	1288.59324506204	1260.42430510895	2455.68710358274	1315.93024936104	1520.35315137146	1622.5127607557	1634.16180955429	1143.43079872744	1578.71576173704	1576.18377129318	1317.01915844498	2300.87325383333	1664.08696069128	1520.01079190199	1487.08479792868	1955.19032855581	1338.33179866436	2015.71531134479	1437.52191773827	1326.88644691244	1159.40274243426	1095.60488857173	1394.51764313875	958.371917749721	1294.46357888246
#catch_cv											
0.01	0.01	0.01	0.01	0.01	0.01	0.01	0.01	0.01	0.01	0.01	0.01	0.01	0.01	0.01	0.01	0.01	0.01	0.01	0.01	0.01	0.01	0.01	0.01	0.01	0.01	0.01	0.01	0.01	0.01
#n_ages_fsh								
30		
#n_lengths_fsh								
0															
#yrs_ages_fsh								
1	2	3	4	5	6	7	8	9	10	11	12	13	14	15	16	17	18	19	20	21	22	23	24	25	26	27	28	29	30	
#sample_ages_fsh							
200	200	200	200	200	200	200	200	200	200	200	200	200	200	200	200	200	200	200	200	200	200	200	200	200	200	200	200	200	200
#page_fsh	2	3	4	5	6	7	8	9	10	11						
0.08	0.075	0.115	0.175	0.105	0.095	0.07	0.07	0.05	0.035	0.035	0.095
0.07	0.07	0.12	0.15	0.1	0.1	0.095	0.055	0.05	0.055	0.035	0.1
0.07	0.085	0.145	0.115	0.115	0.08	0.08	0.075	0.025	0.05	0.035	0.125
0.05	0.125	0.145	0.11	0.105	0.135	0.075	0.065	0.03	0.03	0.03	0.1
0.125	0.11	0.17	0.12	0.09	0.08	0.05	0.06	0.035	0.01	0.02	0.13
0.045	0.15	0.145	0.145	0.115	0.085	0.085	0.045	0.045	0.02	0.025	0.095
0.055	0.14	0.16	0.1	0.13	0.09	0.06	0.03	0.04	0.045	0.04	0.11
0.11	0.115	0.14	0.155	0.085	0.085	0.055	0.05	0.045	0.04	0.02	0.1
0.135	0.1	0.11	0.155	0.17	0.045	0.06	0.045	0.04	0.025	0.035	0.08
0.07	0.155	0.165	0.125	0.115	0.07	0.06	0.065	0.035	0.02	0.02	0.1
0.105	0.125	0.19	0.125	0.07	0.12	0.04	0.05	0.035	0.03	0.02	0.09
0.09	0.22	0.155	0.14	0.105	0.055	0.04	0.05	0.005	0.04	0.01	0.09
0.05	0.165	0.225	0.1	0.12	0.085	0.05	0.04	0.05	0.015	0.06	0.04
0.1	0.135	0.21	0.15	0.09	0.075	0.06	0.015	0.055	0.05	0.01	0.05
0.145	0.105	0.205	0.13	0.13	0.065	0.06	0.065	0.01	0.02	0.015	0.05
0.08	0.19	0.11	0.115	0.15	0.13	0.06	0.03	0.035	0.015	0.035	0.05
0.1	0.15	0.195	0.1	0.12	0.075	0.08	0.04	0.025	0.035	0.02	0.06
0.175	0.08	0.255	0.135	0.07	0.055	0.05	0.05	0.015	0.02	0.045	0.05
0.135	0.24	0.15	0.175	0.09	0.045	0.035	0.045	0.025	0.025	0	0.035
0.135	0.14	0.32	0.12	0.085	0.07	0.025	0.02	0.02	0.025	0.005	0.035
0.115	0.195	0.145	0.215	0.13	0.08	0.045	0.035	0.01	0.005	0.01	0.015
0.115	0.18	0.195	0.165	0.17	0.045	0.055	0.02	0.005	0.01	0.005	0.035
0.17	0.165	0.165	0.16	0.125	0.105	0.045	0.02	0.01	0.005	0.01	0.02
0.14	0.255	0.155	0.09	0.155	0.085	0.07	0.005	0.015	0.005	0	0.025
0.115	0.175	0.265	0.165	0.08	0.05	0.05	0.04	0.005	0.025	0	0.03
0.095	0.245	0.25	0.145	0.085	0.05	0.055	0.055	0.005	0.005	0.005	0.005
0.185	0.175	0.2	0.12	0.18	0.035	0.04	0.015	0.015	0.035	0	0
0.14	0.22	0.14	0.19	0.12	0.075	0.045	0.005	0.02	0.015	0.015	0.015
0.14	0.22	0.19	0.115	0.14	0.055	0.045	0.06	0.015	0.01	0	0.01
0.175	0.22	0.205	0.155	0.12	0.045	0.03	0	0.015	0.025	0	0.01
#wt_age_fsh	1 2	3	4	5	6	7	8	9	10	11						
0.000530656	0.001196328	0.002058265	0.003034987	0.004055212	0.005064698	0.006026226	0.006916921	0.007724891	0.008446113	0.009081853	0.009636695
0.000530656	0.001196328	0.002058265	0.003034987	0.004055212	0.005064698	0.006026226	0.006916921	0.007724891	0.008446113	0.009081853	0.009636695
0.000530656	0.001196328	0.002058265	0.003034987	0.004055212	0.005064698	0.006026226	0.006916921	0.007724891	0.008446113	0.009081853	0.009636695
0.000530656	0.001196328	0.002058265	0.003034987	0.004055212	0.005064698	0.006026226	0.006916921	0.007724891	0.008446113	0.009081853	0.009636695
0.000530656	0.001196328	0.002058265	0.003034987	0.004055212	0.005064698	0.006026226	0.006916921	0.007724891	0.008446113	0.009081853	0.009636695
0.000530656	0.001196328	0.002058265	0.003034987	0.004055212	0.005064698	0.006026226	0.006916921	0.007724891	0.008446113	0.009081853	0.009636695
0.000530656	0.001196328	0.002058265	0.003034987	0.004055212	0.005064698	0.006026226	0.006916921	0.007724891	0.008446113	0.009081853	0.009636695
0.000530656	0.001196328	0.002058265	0.003034987	0.004055212	0.005064698	0.006026226	0.006916921	0.007724891	0.008446113	0.009081853	0.009636695
0.000530656	0.001196328	0.002058265	0.003034987	0.004055212	0.005064698	0.006026226	0.006916921	0.007724891	0.008446113	0.009081853	0.009636695
0.000530656	0.001196328	0.002058265	0.003034987	0.004055212	0.005064698	0.006026226	0.006916921	0.007724891	0.008446113	0.009081853	0.009636695
0.000530656	0.001196328	0.002058265	0.003034987	0.004055212	0.005064698	0.006026226	0.006916921	0.007724891	0.008446113	0.009081853	0.009636695
0.000530656	0.001196328	0.002058265	0.003034987	0.004055212	0.005064698	0.006026226	0.006916921	0.007724891	0.008446113	0.009081853	0.009636695
0.000530656	0.001196328	0.002058265	0.003034987	0.004055212	0.005064698	0.006026226	0.006916921	0.007724891	0.008446113	0.009081853	0.009636695
0.000530656	0.001196328	0.002058265	0.003034987	0.004055212	0.005064698	0.006026226	0.006916921	0.007724891	0.008446113	0.009081853	0.009636695
0.000530656	0.001196328	0.002058265	0.003034987	0.004055212	0.005064698	0.006026226	0.006916921	0.007724891	0.008446113	0.009081853	0.009636695
0.000530656	0.001196328	0.002058265	0.003034987	0.004055212	0.005064698	0.006026226	0.006916921	0.007724891	0.008446113	0.009081853	0.009636695
0.000530656	0.001196328	0.002058265	0.003034987	0.004055212	0.005064698	0.006026226	0.006916921	0.007724891	0.008446113	0.009081853	0.009636695
0.000530656	0.001196328	0.002058265	0.003034987	0.004055212	0.005064698	0.006026226	0.006916921	0.007724891	0.008446113	0.009081853	0.009636695
0.000530656	0.001196328	0.002058265	0.003034987	0.004055212	0.005064698	0.006026226	0.006916921	0.007724891	0.008446113	0.009081853	0.009636695
0.000530656	0.001196328	0.002058265	0.003034987	0.004055212	0.005064698	0.006026226	0.006916921	0.007724891	0.008446113	0.009081853	0.009636695
0.000530656	0.001196328	0.002058265	0.003034987	0.004055212	0.005064698	0.006026226	0.006916921	0.007724891	0.008446113	0.009081853	0.009636695
0.000530656	0.001196328	0.002058265	0.003034987	0.004055212	0.005064698	0.006026226	0.006916921	0.007724891	0.008446113	0.009081853	0.009636695
0.000530656	0.001196328	0.002058265	0.003034987	0.004055212	0.005064698	0.006026226	0.006916921	0.007724891	0.008446113	0.009081853	0.009636695
0.000530656	0.001196328	0.002058265	0.003034987	0.004055212	0.005064698	0.006026226	0.006916921	0.007724891	0.008446113	0.009081853	0.009636695
0.000530656	0.001196328	0.002058265	0.003034987	0.004055212	0.005064698	0.006026226	0.006916921	0.007724891	0.008446113	0.009081853	0.009636695
0.000530656	0.001196328	0.002058265	0.003034987	0.004055212	0.005064698	0.006026226	0.006916921	0.007724891	0.008446113	0.009081853	0.009636695
0.000530656	0.001196328	0.002058265	0.003034987	0.004055212	0.005064698	0.006026226	0.006916921	0.007724891	0.008446113	0.009081853	0.009636695
0.000530656	0.001196328	0.002058265	0.003034987	0.004055212	0.005064698	0.006026226	0.006916921	0.007724891	0.008446113	0.009081853	0.009636695
0.000530656	0.001196328	0.002058265	0.003034987	0.004055212	0.005064698	0.006026226	0.006916921	0.007724891	0.008446113	0.009081853	0.009636695
0.000530656	0.001196328	0.002058265	0.003034987	0.004055212	0.005064698	0.006026226	0.006916921	0.007724891	0.008446113	0.009081853	0.009636695
#nind
1
#ind_names									
SURVEY1									
#nobs_ind
30
#yrs_ind											
1	2	3	4	5	6	7	8	9	10	11	12	13	14	15	16	17	18	19	20	21	22	23	24	25	26	27	28	29	30	
#month_ind										
1															
#biom_ind											
1.54975324416846	1.36808996263677	1.28426074206106	1.49693652105846	1.40420675905603	1.41752485975348	1.36657994377171	1.37116742207212	1.27467657549269	1.1992778886084	1.04415811370345	1.11868224414504	1.03332479149089	1.12022864885614	0.939845339079919	0.901211827693589	0.854410064547418	0.758272285604276	0.757612911505521	0.848069355494422	0.793062179111854	0.851940013956098	0.732862929418621	0.613198366419527	0.513567972347267	0.622748439424956	0.545229738255694	0.524250247923315	0.506852646789191	0.533974293906287
#biom_cv																
0.309950648833692	0.273617992527354	0.256852148412212	0.299387304211692	0.280841351811206	0.283504971950696	0.273315988754342	0.274233484414425	0.254935315098539	0.23985557772168	0.208831622740691	0.223736448829007	0.206664958298178	0.224045729771228	0.187969067815984	0.180242365538718	0.170882012909484	0.151654457120855	0.151522582301104	0.169613871098884	0.158612435822371	0.17038800279122	0.146572585883724	0.122639673283905	0.102713594469453	0.124549687884991	0.109045947651139	0.104850049584663	0.101370529357838	0.106794858781257
#n_ages_ind															
30			
#n_lengths_ind															
0															
#yrs_ages_ind															
1	2	3	4	5	6	7	8	9	10	11	12	13	14	15	16	17	18	19	20	21	22	23	24	25	26	27	28	29	30	
#sample_ages_ind					
200	200	200	200	200	200	200	200	200	200	200	200	200	200	200	200	200	200	200	200	200	200	200	200	200	200	200	200	200	200
#page_ind						
0.07	0.105	0.16	0.11	0.105	0.065	0.07	0.07	0.025	0.05	0.05	0.12
0.055	0.115	0.165	0.1	0.11	0.1	0.085	0.065	0.025	0.04	0.02	0.12
0.085	0.125	0.15	0.105	0.115	0.08	0.105	0.045	0.03	0.03	0.035	0.095
0.03	0.195	0.135	0.105	0.08	0.095	0.045	0.075	0.05	0.02	0.025	0.145
0.075	0.18	0.115	0.105	0.105	0.07	0.07	0.06	0.035	0.04	0.04	0.105
0.11	0.155	0.075	0.135	0.125	0.085	0.055	0.06	0.04	0.02	0.025	0.115
0.04	0.17	0.22	0.115	0.105	0.05	0.085	0.045	0.015	0.015	0.02	0.12
0.065	0.15	0.185	0.135	0.1	0.135	0.055	0.04	0.025	0.03	0.005	0.075
0.065	0.21	0.155	0.145	0.155	0.055	0.05	0.035	0.03	0.035	0.01	0.055
0.045	0.175	0.25	0.11	0.125	0.085	0.025	0.055	0.025	0.02	0.02	0.065
0.105	0.155	0.215	0.145	0.065	0.085	0.065	0.015	0.03	0.01	0.015	0.095
0.075	0.16	0.14	0.15	0.16	0.04	0.085	0.035	0.02	0.02	0.015	0.1
0.045	0.2	0.175	0.135	0.135	0.09	0.035	0.085	0.035	0.02	0.015	0.03
0.08	0.17	0.23	0.195	0.095	0.06	0.05	0.015	0.025	0.03	0.015	0.035
0.08	0.12	0.195	0.16	0.135	0.08	0.055	0.055	0.015	0.02	0.01	0.075
0.08	0.225	0.105	0.12	0.155	0.12	0.065	0.035	0.02	0.01	0.005	0.06
0.055	0.24	0.17	0.11	0.09	0.085	0.07	0.03	0.045	0.045	0.01	0.05
0.16	0.105	0.265	0.165	0.095	0.085	0.035	0.05	0.01	0	0	0.03
0.1	0.32	0.16	0.105	0.115	0.05	0.05	0.04	0.01	0.01	0.005	0.035
0.095	0.195	0.36	0.08	0.085	0.07	0.03	0.01	0.01	0.015	0.015	0.035
0.08	0.19	0.215	0.25	0.07	0.095	0.03	0.015	0.015	0	0.015	0.025
0.12	0.105	0.24	0.185	0.18	0.035	0.05	0.01	0.01	0.02	0.015	0.03
0.12	0.225	0.17	0.175	0.105	0.095	0.025	0.025	0.005	0.005	0.015	0.035
0.065	0.295	0.21	0.16	0.085	0.07	0.045	0.035	0.01	0.01	0	0.015
0.085	0.295	0.2	0.15	0.065	0.105	0.02	0.045	0.01	0.01	0.005	0.01
0.115	0.245	0.21	0.18	0.085	0.055	0.01	0.035	0.025	0.015	0.01	0.015
0.065	0.265	0.265	0.175	0.075	0.045	0.045	0.005	0.025	0.015	0	0.02
0.1	0.26	0.185	0.18	0.085	0.095	0.04	0.005	0.02	0.005	0.01	0.015
0.095	0.295	0.18	0.15	0.135	0.065	0.02	0.025	0	0.01	0.005	0.02
0.1	0.27	0.225	0.135	0.08	0.095	0.035	0.01	0.04	0.005	0.005	0
#wt_age_ind						
1 1 1 1 1 1 1 1 1 1 1 1 
1 1 1 1 1 1 1 1 1 1 1 1 
1 1 1 1 1 1 1 1 1 1 1 1 
1 1 1 1 1 1 1 1 1 1 1 1 
1 1 1 1 1 1 1 1 1 1 1 1 
1 1 1 1 1 1 1 1 1 1 1 1 
1 1 1 1 1 1 1 1 1 1 1 1 
1 1 1 1 1 1 1 1 1 1 1 1 
1 1 1 1 1 1 1 1 1 1 1 1 
1 1 1 1 1 1 1 1 1 1 1 1 
1 1 1 1 1 1 1 1 1 1 1 1 
1 1 1 1 1 1 1 1 1 1 1 1 
1 1 1 1 1 1 1 1 1 1 1 1 
1 1 1 1 1 1 1 1 1 1 1 1 
1 1 1 1 1 1 1 1 1 1 1 1 
1 1 1 1 1 1 1 1 1 1 1 1 
1 1 1 1 1 1 1 1 1 1 1 1 
1 1 1 1 1 1 1 1 1 1 1 1 
1 1 1 1 1 1 1 1 1 1 1 1 
1 1 1 1 1 1 1 1 1 1 1 1 
1 1 1 1 1 1 1 1 1 1 1 1 
1 1 1 1 1 1 1 1 1 1 1 1 
1 1 1 1 1 1 1 1 1 1 1 1 
1 1 1 1 1 1 1 1 1 1 1 1 
1 1 1 1 1 1 1 1 1 1 1 1 
1 1 1 1 1 1 1 1 1 1 1 1 
1 1 1 1 1 1 1 1 1 1 1 1 
1 1 1 1 1 1 1 1 1 1 1 1 
1 1 1 1 1 1 1 1 1 1 1 1 
1 1 1 1 1 1 1 1 1 1 1 1 
# wt_pop
0.000530656	0.001196328	0.002058265	0.003034987	0.004055212	0.005064698	0.006026226	0.006916921	0.007724891	0.008446113	0.009081853	0.009636695
#maturity
0.02297737 0.32082130 0.90465054 0.99477987 0.99973881 0.99998699 0.99999935 0.99999997 1 1 1 1
#spmonth						
1		
#age_err						
1	0	0	0	0	0	0	0	0	0	0	0
0	1	0	0	0	0	0	0	0	0	0	0
0	0	1	0	0	0	0	0	0	0	0	0
0	0	0	1	0	0	0	0	0	0	0	0
0	0	0	0	1	0	0	0	0	0	0	0
0	0	0	0	0	1	0	0	0	0	0	0
0	0	0	0	0	0	1	0	0	0	0	0
0	0	0	0	0	0	0	1	0	0	0	0
0	0	0	0	0	0	0	0	1	0	0	0
0	0	0	0	0	0	0	0	0	1	0	0
0	0	0	0	0	0	0	0	0	0	1	0
0	0	0	0	0	0	0	0	0	0	0	1																														
