#######GENERAL HEADER INPUT#######
1
30
1
30
1
30
30
12
1	2	3	4	5	6	7	8	9	10	11	12
12
1	2	3	4	5	6	7	8	9	10	11	12
1
1001
1
1
#######SURVEY DATA#######
30
1	2	3	4	5	6	7	8	9	10	11	12	13	14	15	16	17	18	19	20	21	22	23	24	25	26	27	28	29	30
1.50358139888916	1.35296139501013	1.27916352218915	1.29238574029647	1.40690647809331	1.51053451557357	1.4334577972297	1.46966439364928	1.23949513385624	1.05975691165913	1.15432668126468	0.982254086842023	1.078123999796	1.12030459201459	1.02839047982983	0.904937709893354	0.985051160995742	1.0446823158684	0.907115391279795	0.78488524695144	0.655619419535647	0.759912402575789	0.751514484100866	0.684785401445959	0.693674883251734	0.614227909801567	0.481684918750847	0.571786327240487	0.485361088731598	0.550007809732067
0.2	0.2	0.2	0.2	0.2	0.2	0.2	0.2	0.2	0.2	0.2	0.2	0.2	0.2	0.2	0.2	0.2	0.2	0.2	0.2	0.2	0.2	0.2	0.2	0.2	0.2	0.2	0.2	0.2	0.2
30
1	2	3	4	5	6	7	8	9	10	11	12	13	14	15	16	17	18	19	20	21	22	23	24	25	26	27	28	29	30
200	200	200	200	200	200	200	200	200	200	200	200	200	200	200	200	200	200	200	200	200	200	200	200	200	200	200	200	200	200
200	200	200	200	200	200	200	200	200	200	200	200	200	200	200	200	200	200	200	200	200	200	200	200	200	200	200	200	200	200
0.055	0.12	0.155	0.125	0.115	0.085	0.075	0.075	0.025	0.02	0.04	0.11
0.065	0.12	0.155	0.155	0.12	0.045	0.07	0.05	0.04	0.055	0.025	0.1
0.045	0.17	0.135	0.08	0.095	0.07	0.08	0.07	0.045	0.05	0.035	0.125
0.055	0.12	0.175	0.13	0.11	0.05	0.07	0.075	0.05	0.025	0.025	0.115
0.05	0.12	0.15	0.2	0.08	0.085	0.055	0.06	0.02	0.045	0.02	0.115
0.105	0.175	0.125	0.07	0.145	0.04	0.08	0.07	0.02	0.03	0.03	0.11
0.045	0.245	0.175	0.09	0.115	0.09	0.075	0.025	0.015	0.02	0.015	0.09
0.06	0.185	0.215	0.165	0.055	0.08	0.07	0.04	0.01	0.03	0.025	0.065
0.05	0.19	0.15	0.125	0.13	0.075	0.06	0.08	0.025	0.01	0.02	0.085
0.095	0.145	0.115	0.12	0.18	0.1	0.065	0.03	0.035	0.035	0.03	0.05
0.085	0.185	0.165	0.125	0.115	0.11	0.05	0.035	0.02	0.03	0.015	0.065
0.075	0.21	0.21	0.095	0.115	0.065	0.075	0.045	0.015	0.03	0.01	0.055
0.065	0.145	0.235	0.11	0.09	0.07	0.07	0.045	0.035	0.025	0.015	0.095
0.095	0.215	0.22	0.12	0.06	0.04	0.055	0.04	0.045	0.02	0.02	0.07
0.075	0.18	0.16	0.15	0.12	0.05	0.06	0.065	0.045	0.01	0.045	0.04
0.085	0.2	0.155	0.14	0.08	0.1	0.07	0.03	0.045	0.025	0.03	0.04
0.115	0.11	0.22	0.15	0.12	0.085	0.06	0.02	0.04	0.015	0.02	0.045
0.08	0.27	0.135	0.13	0.07	0.09	0.045	0.07	0.04	0.02	0	0.05
0.055	0.145	0.285	0.15	0.115	0.085	0.035	0.02	0.02	0.025	0.015	0.05
0.09	0.12	0.175	0.23	0.1	0.115	0.045	0.025	0.035	0.01	0.015	0.04
0.09	0.28	0.15	0.17	0.105	0.085	0.05	0.01	0.01	0.005	0.015	0.03
0.125	0.285	0.195	0.135	0.045	0.09	0.05	0.04	0	0.015	0.005	0.015
0.13	0.185	0.23	0.16	0.11	0.05	0.065	0.02	0.005	0.015	0.01	0.02
0.1	0.26	0.23	0.18	0.095	0.035	0.02	0.035	0.01	0.01	0	0.025
0.09	0.225	0.295	0.165	0.095	0.04	0.025	0.025	0.015	0.005	0.01	0.01
0.095	0.255	0.21	0.225	0.125	0.025	0.03	0	0.025	0.01	0	0
0.16	0.215	0.23	0.15	0.12	0.045	0.035	0.015	0.015	0.005	0.005	0.005
0.09	0.25	0.23	0.14	0.105	0.09	0.025	0.035	0.01	0.005	0	0.02
0.105	0.21	0.25	0.115	0.14	0.03	0.045	0.045	0.03	0.01	0.01	0.01
0.14	0.285	0.185	0.115	0.13	0.035	0.045	0.03	0.01	0.01	0.005	0.01
#######LANDINGS DATA#######
1
30
162.012557657769	461.903996444457	752.891157945603	985.294063004102	771.509670939453	1331.35632289437	1305.44594910979	2547.70448169794	1370.89009696642	1563.35182593523	1675.77405785606	1656.56720861321	1141.73683387954	1589.75164397541	1599.53479436786	1354.29101245797	2375.29595970407	1699.28600161224	1533.30996112073	1374.31039483341	1702.8095262135	1136.25906659168	1727.63167501889	1304.47233422792	1252.1450016869	1112.57199646759	1080.0948608389	1390.73686882811	997.007433477197	1413.56055961614
0.01	0.01	0.01	0.01	0.01	0.01	0.01	0.01	0.01	0.01	0.01	0.01	0.01	0.01	0.01	0.01	0.01	0.01	0.01	0.01	0.01	0.01	0.01	0.01	0.01	0.01	0.01	0.01	0.01	0.01
30
1	2	3	4	5	6	7	8	9	10	11	12	13	14	15	16	17	18	19	20	21	22	23	24	25	26	27	28	29	30
200	200	200	200	200	200	200	200	200	200	200	200	200	200	200	200	200	200	200	200	200	200	200	200	200	200	200	200	200	200
200	200	200	200	200	200	200	200	200	200	200	200	200	200	200	200	200	200	200	200	200	200	200	200	200	200	200	200	200	200
0.085	0.125	0.11	0.11	0.095	0.095	0.065	0.055	0.03	0.04	0.03	0.16
0.135	0.055	0.095	0.15	0.065	0.13	0.045	0.05	0.055	0.025	0.025	0.17
0.04	0.13	0.145	0.145	0.09	0.075	0.08	0.045	0.055	0.05	0.025	0.12
0.095	0.095	0.145	0.1	0.065	0.075	0.085	0.045	0.065	0.03	0.065	0.135
0.08	0.065	0.165	0.155	0.065	0.09	0.085	0.07	0.035	0.05	0.035	0.105
0.13	0.12	0.125	0.125	0.07	0.065	0.055	0.05	0.05	0.025	0.035	0.15
0.1	0.15	0.14	0.085	0.12	0.11	0.05	0.055	0.005	0.05	0.03	0.105
0.06	0.09	0.175	0.18	0.085	0.065	0.08	0.04	0.03	0.01	0.04	0.145
0.06	0.12	0.1	0.2	0.125	0.055	0.065	0.04	0.04	0.035	0.025	0.135
0.095	0.1	0.175	0.105	0.135	0.1	0.055	0.065	0.035	0.02	0.02	0.095
0.12	0.09	0.13	0.155	0.105	0.07	0.075	0.04	0.055	0.015	0.035	0.11
0.09	0.17	0.12	0.13	0.13	0.05	0.085	0.05	0.035	0.025	0.02	0.095
0.08	0.155	0.18	0.125	0.065	0.065	0.11	0.075	0.05	0.02	0.005	0.07
0.115	0.135	0.185	0.195	0.085	0.07	0.035	0.05	0.025	0.03	0.025	0.05
0.13	0.185	0.14	0.115	0.11	0.06	0.065	0.055	0.025	0.02	0.02	0.075
0.05	0.165	0.15	0.22	0.13	0.07	0.075	0.045	0.03	0.015	0.01	0.04
0.125	0.125	0.18	0.11	0.13	0.075	0.09	0.075	0.02	0.015	0	0.055
0.045	0.205	0.135	0.15	0.135	0.115	0.04	0.07	0.03	0.015	0.025	0.035
0.11	0.12	0.22	0.145	0.125	0.08	0.075	0.02	0.05	0.01	0.015	0.03
0.11	0.16	0.14	0.23	0.095	0.075	0.06	0.03	0.03	0.01	0	0.06
0.165	0.22	0.15	0.105	0.17	0.055	0.025	0.025	0.035	0.01	0.01	0.03
0.135	0.21	0.23	0.125	0.06	0.085	0.045	0.005	0.015	0.015	0.025	0.05
0.195	0.15	0.18	0.16	0.11	0.035	0.055	0.03	0.025	0.015	0.02	0.025
0.15	0.205	0.25	0.165	0.115	0.025	0.02	0.025	0.01	0.01	0.005	0.02
0.14	0.245	0.24	0.125	0.105	0.065	0.02	0.015	0.015	0.005	0.005	0.02
0.155	0.215	0.21	0.205	0.07	0.035	0.055	0.02	0.005	0.01	0.015	0.005
0.14	0.205	0.245	0.13	0.09	0.065	0.08	0.015	0.01	0.01	0.005	0.005
0.11	0.205	0.245	0.13	0.125	0.095	0.055	0.015	0	0	0.005	0.015
0.19	0.165	0.245	0.12	0.09	0.07	0.06	0.03	0.015	0.005	0.005	0.005
0.12	0.24	0.225	0.165	0.11	0.065	0.045	0.005	0.005	0	0.005	0.015
#######PARAMETER SECTION#######
800	400	1200	-4	800	-0.25	1
0.18	0.01	1	-4	0.18	-0.25	1
-1.36	-5	-0.001	-4	-1.36	-0.25	1
0.1	0.05	0.3	-4	0.1	-0.25	1
0.2	0.01	0.5	-4	0.2	-0.25	1
0.75	0.20001	1	-3	0.75	-0.25	1
13.815511	-1	200	1	13.815511	-0.25	1
0	-1	1	-4	0	-0.25	1
0.2	1e-04	1.2	-3	0.2	-0.25	1
0	-10	10	-6	0	-1	1
0	-10	10	-6	0	-1	1
2	0	12	2	2	-0.5	1
1	0	12	2	1	-0.5	1
2	0	12	-2	2	-0.5	1
1	0	12	-2	1	-0.5	1
1.5	0	12	2	1.5	-0.5	1
2	0	12	2	2	-0.5	1
-14.9286384655168	-30	5	1	-14.9286384655168	-1	1
1	0.1	2	-1	1	-1	1
-1.54399197800355	-10	1.39	1	-1.54399197800355	-1	1
#######DEV CONSTRAINTS and DEVS#######
-15	15	2
-15	15	2
-15	15	2
0	0	0	0	0	0	0	0	0	0	0	0	0	0	0	0	0	0	0	0	0	0	0	0	0	0	0	0	0	0
0	0	0	0	0	0	0	0	0	0	0	0	0	0	0	0	0	0	0	0	0	0	0	0	0	0	0	0	0	0
0	0	0	0	0	0	0	0	0	0	0
#######LIKELIHOOD WEIGHTS#######
1
1
1
1
0
1
0
0
0
#######MISCELLANEOUS STUFF SECTION#######
2.5e-08
3
0.5	0.5	0.5	0.5	0.5	0.5	0.5	0.5	0.5	0.5	0.5	0.5
0.0229773699100256	0.320821300824607	0.904650535100891	0.994779874306442	0.999738809680904	0.999986992871533	0.999999352405202	0.999999967758134	0.999999998394772	0.99999999992008	0.999999999996021	0.999999999999802
0.2	0.2	0.2	0.2	0.2	0.2	0.2	0.2	0.2	0.2	0.2	0.2
0
1
10
0.2
1
1	0	0	0	0	0	0	0	0	0	0	0
0	1	0	0	0	0	0	0	0	0	0	0
0	0	1	0	0	0	0	0	0	0	0	0
0	0	0	1	0	0	0	0	0	0	0	0
0	0	0	0	1	0	0	0	0	0	0	0
0	0	0	0	0	1	0	0	0	0	0	0
0	0	0	0	0	0	1	0	0	0	0	0
0	0	0	0	0	0	0	1	0	0	0	0
0	0	0	0	0	0	0	0	1	0	0	0
0	0	0	0	0	0	0	0	0	1	0	0
0	0	0	0	0	0	0	0	0	0	1	0
0	0	0	0	0	0	0	0	0	0	0	1
40
31
2
1
#######END OF DATA FILE#######
999
