# Number of parameters = 77  Objective function value = 26320.8  Maximum gradient component = 0.00252828
# sel_params[1]:
2.04763318283
# sel_params[2]:
1.00078341457
# log_Fmult_year1:
 -4.66337924895
# log_Fmult_devs:
 1.06162667899 0.505821120486 0.296594846293 -0.231889623918 0.586654832126 0.0244359248205 0.741920223130 -0.547770143123 0.207992393054 0.117658984134 0.0667892454869 -0.330288597479 0.378585901021 0.0820084360993 -0.112837573528 0.674747627604 -0.201148769792 0.0115242355262 -0.0228537242285 0.345204607719 -0.313669367480 0.514583966157 -0.182836210799 0.0118421163810 -0.0754545506269 0.00763042616246 0.353635341174 -0.249004305456 0.460185190363
# log_recruit_devs:
 0.0104498232850 -0.275270259963 0.0721546628558 -0.0374357689417 0.174452959145 -0.0642204733049 -0.0113185308463 0.0624544053857 -0.0138640973016 0.0163450989925 -0.0873078337965 -0.0600423063061 0.105397691941 0.238502994512 -0.0590070381906 -0.128947701810 -0.0107553071009 0.147812444155 -0.0589445285734 0.0611159574280 -0.145354650496 -0.125712867518 -0.0179738489434 0.0838888769811 0.0408998188802 0.214735372507 0.0693535327686 0.111815552517 -0.257214082186 -0.0560098960752
# log_N_year1_devs:
 -0.00567408983530 -0.00190758801651 0.0226586200388 0.0203793748407 -0.168504809625 0.0741988907520 -0.0471992046995 0.0532625339081 -0.123356703886 -0.0294724421947 -0.197717133010
# log_q_year1:
 -7.90055369539
# log_q_devs:
 0.00000000000 0.00000000000 0.00000000000 0.00000000000 0.00000000000 0.00000000000 0.00000000000 0.00000000000 0.00000000000 0.00000000000 0.00000000000 0.00000000000 0.00000000000 0.00000000000 0.00000000000 0.00000000000 0.00000000000 0.00000000000 0.00000000000 0.00000000000 0.00000000000 0.00000000000 0.00000000000 0.00000000000 0.00000000000 0.00000000000 0.00000000000 0.00000000000 0.00000000000
# index_sel_params[1]:
1.46868350815
# index_sel_params[2]:
0.488427530335
# log_SR_scaler:
6.86978417795
# SR_steepness:
0.750000000000
