#######GENERAL HEADER INPUT#######
1
30
1
30
1
30
30
12
1	2	3	4	5	6	7	8	9	10	11	12
12
1	2	3	4	5	6	7	8	9	10	11	12
1
1001
1
1
#######SURVEY DATA#######
30
1	2	3	4	5	6	7	8	9	10	11	12	13	14	15	16	17	18	19	20	21	22	23	24	25	26	27	28	29	30
1.42587037073062	1.34343877630303	1.22673758472156	1.67028629198263	1.30082372211931	1.24327485944697	1.35967758543383	1.09015090850246	1.21148246980858	1.1354581638918	1.12584565687244	1.35232819070681	1.12393616546348	1.32660405905605	1.32456337762471	1.17444367107152	1.23601958066249	1.10806177683438	0.885553223922692	0.931740753210921	0.897851568879821	0.715951657993776	0.742862795304726	0.716898236334345	0.567269904506621	0.571692349960297	0.62820934908461	0.574770100602575	0.44600404462011	0.444998167194992
0.2	0.2	0.2	0.2	0.2	0.2	0.2	0.2	0.2	0.2	0.2	0.2	0.2	0.2	0.2	0.2	0.2	0.2	0.2	0.2	0.2	0.2	0.2	0.2	0.2	0.2	0.2	0.2	0.2	0.2
30
1	2	3	4	5	6	7	8	9	10	11	12	13	14	15	16	17	18	19	20	21	22	23	24	25	26	27	28	29	30
200	200	200	200	200	200	200	200	200	200	200	200	200	200	200	200	200	200	200	200	200	200	200	200	200	200	200	200	200	200
200	200	200	200	200	200	200	200	200	200	200	200	200	200	200	200	200	200	200	200	200	200	200	200	200	200	200	200	200	200
0.065	0.15	0.145	0.115	0.085	0.095	0.05	0.035	0.05	0.05	0.02	0.14
0.06	0.17	0.12	0.1	0.085	0.1	0.095	0.045	0.04	0.045	0.03	0.11
0.08	0.15	0.13	0.075	0.12	0.085	0.075	0.05	0.06	0.035	0.05	0.09
0.08	0.15	0.15	0.14	0.06	0.06	0.055	0.07	0.045	0.04	0.02	0.13
0.085	0.195	0.135	0.12	0.09	0.08	0.06	0.03	0.03	0.045	0.01	0.12
0.11	0.095	0.16	0.14	0.065	0.09	0.075	0.035	0.03	0.06	0.025	0.115
0.04	0.16	0.155	0.1	0.09	0.06	0.1	0.07	0.025	0.045	0.03	0.125
0.085	0.13	0.155	0.125	0.1	0.055	0.085	0.04	0.05	0.065	0.04	0.07
0.075	0.09	0.185	0.22	0.065	0.065	0.085	0.05	0.025	0.03	0.03	0.08
0.07	0.175	0.125	0.125	0.13	0.085	0.06	0.035	0.035	0.04	0.01	0.11
0.14	0.135	0.195	0.105	0.085	0.11	0.04	0.055	0.025	0.015	0.02	0.075
0.05	0.18	0.195	0.155	0.055	0.11	0.06	0.015	0.055	0.02	0.015	0.09
0.1	0.195	0.225	0.115	0.095	0.035	0.06	0.055	0.02	0.045	0.02	0.035
0.08	0.235	0.15	0.165	0.09	0.07	0.035	0.035	0.04	0.03	0.015	0.055
0.1	0.215	0.175	0.145	0.095	0.05	0.095	0.03	0.02	0.02	0.025	0.03
0.1	0.2	0.22	0.135	0.08	0.065	0.045	0.08	0.025	0.015	0.01	0.025
0.09	0.13	0.24	0.215	0.105	0.045	0.085	0.03	0.01	0.01	0.015	0.025
0.09	0.275	0.2	0.11	0.135	0.075	0.03	0.015	0.015	0.02	0	0.035
0.12	0.19	0.2	0.105	0.095	0.09	0.07	0.045	0.025	0.01	0.02	0.03
0.06	0.205	0.195	0.205	0.07	0.08	0.04	0.05	0.035	0.03	0	0.03
0.075	0.185	0.275	0.16	0.105	0.04	0.055	0.01	0.035	0.01	0.015	0.035
0.1	0.165	0.205	0.225	0.13	0.04	0.015	0.015	0.035	0.02	0.015	0.035
0.08	0.265	0.145	0.16	0.13	0.085	0.04	0.025	0.03	0.015	0	0.025
0.155	0.26	0.185	0.075	0.09	0.07	0.05	0.015	0.03	0.005	0.025	0.04
0.085	0.31	0.18	0.165	0.08	0.025	0.055	0.045	0.02	0.005	0.005	0.025
0.145	0.175	0.335	0.13	0.09	0.035	0.02	0.035	0.005	0.005	0.005	0.02
0.11	0.305	0.19	0.155	0.075	0.08	0.015	0.015	0.02	0.005	0.005	0.025
0.075	0.24	0.265	0.115	0.15	0.06	0.04	0.015	0.01	0.015	0.005	0.01
0.09	0.19	0.285	0.18	0.065	0.09	0.03	0.02	0.01	0.005	0.02	0.015
0.15	0.145	0.2	0.195	0.12	0.07	0.04	0.03	0.025	0	0.005	0.02
#######LANDINGS DATA#######
1
30
161.1617917538	457.191587283226	737.630704038829	974.009813948148	749.22792101835	1303.66505699851	1247.75195503372	2391.31860509312	1282.60665397986	1474.95675651059	1571.40311192644	1570.76623552387	1098.64941221723	1574.95907769565	1628.20766194318	1446.46883731505	2611.04234169317	1887.36143382212	1745.54256865951	1607.08562637241	2026.36348845586	1310.49775726081	1915.14974348357	1351.68731138602	1226.12706944664	1070.40458807876	1030.78727884636	1369.48938378226	956.208852676591	1291.82269923486
0.01	0.01	0.01	0.01	0.01	0.01	0.01	0.01	0.01	0.01	0.01	0.01	0.01	0.01	0.01	0.01	0.01	0.01	0.01	0.01	0.01	0.01	0.01	0.01	0.01	0.01	0.01	0.01	0.01	0.01
30
1	2	3	4	5	6	7	8	9	10	11	12	13	14	15	16	17	18	19	20	21	22	23	24	25	26	27	28	29	30
200	200	200	200	200	200	200	200	200	200	200	200	200	200	200	200	200	200	200	200	200	200	200	200	200	200	200	200	200	200
200	200	200	200	200	200	200	200	200	200	200	200	200	200	200	200	200	200	200	200	200	200	200	200	200	200	200	200	200	200
0.085	0.13	0.115	0.09	0.095	0.115	0.055	0.045	0.045	0.055	0.03	0.14
0.065	0.1	0.11	0.125	0.115	0.09	0.075	0.045	0.02	0.06	0.035	0.16
0.05	0.09	0.11	0.09	0.085	0.115	0.08	0.05	0.065	0.035	0.065	0.165
0.07	0.075	0.115	0.12	0.15	0.1	0.07	0.055	0.04	0.015	0.02	0.17
0.075	0.105	0.135	0.14	0.105	0.04	0.075	0.07	0.035	0.02	0.035	0.165
0.125	0.135	0.11	0.115	0.065	0.08	0.085	0.05	0.06	0.04	0.02	0.115
0.065	0.135	0.18	0.11	0.105	0.09	0.045	0.045	0.045	0.035	0.025	0.12
0.05	0.1	0.19	0.14	0.075	0.07	0.1	0.055	0.05	0.02	0.045	0.105
0.065	0.1	0.155	0.11	0.145	0.085	0.05	0.075	0.02	0.025	0.03	0.14
0.07	0.165	0.11	0.16	0.125	0.09	0.065	0.035	0.025	0.035	0.035	0.085
0.18	0.125	0.145	0.08	0.1	0.075	0.06	0.055	0.045	0.015	0.04	0.08
0.115	0.21	0.15	0.15	0.055	0.055	0.07	0.035	0.04	0.035	0.03	0.055
0.145	0.145	0.21	0.115	0.1	0.05	0.045	0.045	0.035	0.02	0.02	0.07
0.12	0.12	0.135	0.145	0.115	0.09	0.045	0.035	0.065	0.025	0.025	0.08
0.1	0.235	0.155	0.125	0.1	0.075	0.075	0.03	0.02	0.015	0.025	0.045
0.06	0.225	0.2	0.18	0.09	0.085	0.03	0.04	0.02	0.005	0.015	0.05
0.115	0.125	0.195	0.21	0.135	0.05	0.035	0.03	0.025	0.025	0.02	0.035
0.115	0.195	0.16	0.155	0.145	0.065	0.03	0.04	0.005	0.02	0.025	0.045
0.11	0.18	0.195	0.11	0.115	0.095	0.055	0.035	0.03	0.015	0.01	0.05
0.095	0.16	0.26	0.185	0.075	0.065	0.045	0.035	0.015	0.005	0.005	0.055
0.075	0.13	0.215	0.18	0.105	0.08	0.065	0.05	0.04	0.015	0.01	0.035
0.115	0.15	0.185	0.16	0.145	0.11	0.015	0.06	0.02	0.01	0.005	0.025
0.1	0.19	0.155	0.12	0.145	0.075	0.055	0.045	0.05	0.02	0.015	0.03
0.16	0.185	0.2	0.11	0.13	0.055	0.03	0.045	0.02	0.005	0.025	0.035
0.13	0.29	0.185	0.125	0.08	0.07	0.05	0.015	0.02	0.015	0	0.02
0.14	0.15	0.27	0.15	0.09	0.07	0.05	0.025	0.02	0.025	0	0.01
0.185	0.2	0.175	0.185	0.085	0.06	0.005	0.05	0.01	0.005	0.02	0.02
0.105	0.235	0.23	0.15	0.11	0.06	0.025	0.035	0.01	0.01	0.02	0.01
0.095	0.165	0.24	0.235	0.09	0.075	0.045	0.025	0.02	0.01	0	0
0.145	0.21	0.195	0.19	0.11	0.055	0.04	0.025	0.005	0.01	0	0.015
#######PARAMETER SECTION#######
800	400	1200	-4	800	-0.25	1
0.18	0.01	1	-4	0.18	-0.25	1
-1.36	-5	-0.001	-4	-1.36	-0.25	1
0.1	0.05	0.3	-4	0.1	-0.25	1
0.2	0.01	0.5	-4	0.2	-0.25	1
0.75	0.20001	1	-3	0.75	-0.25	1
13.815511	-1	200	1	13.815511	-0.25	1
0	-1	1	-4	0	-0.25	1
0.2	1e-04	1.2	-3	0.2	-0.25	1
0	-10	10	-6	0	-1	1
0	-10	10	-6	0	-1	1
2	0	12	2	2	-0.5	1
1	0	12	2	1	-0.5	1
2	0	12	-2	2	-0.5	1
1	0	12	-2	1	-0.5	1
1.5	0	12	2	1.5	-0.5	1
2	0	12	2	2	-0.5	1
-14.9342480350697	-30	5	1	-14.9342480350697	-1	1
1	0.1	2	-1	1	-1	1
-1.54399197800355	-10	1.39	1	-1.54399197800355	-1	1
#######DEV CONSTRAINTS and DEVS#######
-15	15	2
-15	15	2
-15	15	2
0	0	0	0	0	0	0	0	0	0	0	0	0	0	0	0	0	0	0	0	0	0	0	0	0	0	0	0	0	0
0	0	0	0	0	0	0	0	0	0	0	0	0	0	0	0	0	0	0	0	0	0	0	0	0	0	0	0	0	0
0	0	0	0	0	0	0	0	0	0	0
#######LIKELIHOOD WEIGHTS#######
1
1
1
1
0
1
0
0
0
#######MISCELLANEOUS STUFF SECTION#######
2.5e-08
3
0.5	0.5	0.5	0.5	0.5	0.5	0.5	0.5	0.5	0.5	0.5	0.5
0.0229773699100256	0.320821300824607	0.904650535100891	0.994779874306442	0.999738809680904	0.999986992871533	0.999999352405202	0.999999967758134	0.999999998394772	0.99999999992008	0.999999999996021	0.999999999999802
0.2	0.2	0.2	0.2	0.2	0.2	0.2	0.2	0.2	0.2	0.2	0.2
0
1
10
0.2
1
1	0	0	0	0	0	0	0	0	0	0	0
0	1	0	0	0	0	0	0	0	0	0	0
0	0	1	0	0	0	0	0	0	0	0	0
0	0	0	1	0	0	0	0	0	0	0	0
0	0	0	0	1	0	0	0	0	0	0	0
0	0	0	0	0	1	0	0	0	0	0	0
0	0	0	0	0	0	1	0	0	0	0	0
0	0	0	0	0	0	0	1	0	0	0	0
0	0	0	0	0	0	0	0	1	0	0	0
0	0	0	0	0	0	0	0	0	1	0	0
0	0	0	0	0	0	0	0	0	0	1	0
0	0	0	0	0	0	0	0	0	0	0	1
40
31
2
1
#######END OF DATA FILE#######
999
