#styr												
1
#endyr												
30
#rec_age										
1															
#n_ages										
12
# numbers of length intervals
81
#Length	bin
10	11	12	13	14	15	16	17	18	19	20	21	22	23	24	25	26	27	28	29	30	31	32	33	34	35	36	37	38	39	40	41	42	43	44	45	46	47	48	49	50	51	52	53	54	55	56	57	58	59	60	61	62	63	64	65	66	67	68	69	70	71	72	73	74	75	76	77	78	79	80	81	82	83	84	85	86	87	88	89	90
#nfsh
1
#names_fsh
FLEET1												
#catch												
160.383291903731	458.399160399276	739.384928491418	941.240586701334	711.412408123912	1190.66179127321	1134.51831208063	2171.06942093171	1149.67121489027	1331.08977944914	1441.85787935996	1430.62370806586	986.179930302466	1375.44346201497	1399.27694942227	1238.15598753135	2274.57697247081	1652.31319618877	1528.61216403858	1401.60381422456	1770.91555307559	1169.05599294951	1732.12322693114	1217.41944820113	1108.97603522307	954.866793155176	924.513635249902	1222.54408682553	893.298783948129	1259.36486307774
#catch_cv											
0.01	0.01	0.01	0.01	0.01	0.01	0.01	0.01	0.01	0.01	0.01	0.01	0.01	0.01	0.01	0.01	0.01	0.01	0.01	0.01	0.01	0.01	0.01	0.01	0.01	0.01	0.01	0.01	0.01	0.01
#n_ages_fsh								
30		
#n_lengths_fsh								
0															
#yrs_ages_fsh								
1	2	3	4	5	6	7	8	9	10	11	12	13	14	15	16	17	18	19	20	21	22	23	24	25	26	27	28	29	30	
#sample_ages_fsh							
200	200	200	200	200	200	200	200	200	200	200	200	200	200	200	200	200	200	200	200	200	200	200	200	200	200	200	200	200	200
#page_fsh	2	3	4	5	6	7	8	9	10	11						
0.04	0.09	0.105	0.155	0.15	0.08	0.08	0.035	0.05	0.03	0.045	0.14
0.05	0.13	0.135	0.125	0.09	0.115	0.065	0.05	0.07	0.025	0.025	0.12
0.055	0.07	0.16	0.155	0.105	0.105	0.055	0.08	0.02	0.03	0.015	0.15
0.06	0.105	0.07	0.13	0.095	0.09	0.1	0.04	0.07	0.035	0.04	0.165
0.035	0.135	0.1	0.095	0.095	0.12	0.075	0.075	0.055	0.07	0.055	0.09
0.13	0.095	0.095	0.115	0.075	0.11	0.045	0.06	0.065	0.04	0.02	0.15
0.14	0.125	0.055	0.095	0.065	0.06	0.095	0.04	0.075	0.045	0.045	0.16
0.06	0.15	0.13	0.065	0.095	0.08	0.06	0.075	0.04	0.045	0.035	0.165
0.12	0.1	0.155	0.15	0.11	0.13	0.05	0.005	0.04	0.01	0.015	0.115
0.065	0.21	0.1	0.165	0.095	0.09	0.06	0.035	0.02	0.045	0.03	0.085
0.11	0.11	0.225	0.1	0.135	0.085	0.025	0.05	0.03	0	0.035	0.095
0.065	0.15	0.13	0.16	0.07	0.125	0.085	0.03	0.035	0.02	0.025	0.105
0.14	0.145	0.16	0.08	0.1	0.095	0.11	0.025	0.01	0.03	0.01	0.095
0.155	0.115	0.155	0.16	0.065	0.135	0.035	0.065	0.025	0.015	0.015	0.06
0.1	0.23	0.11	0.125	0.1	0.045	0.105	0.05	0.035	0.025	0.015	0.06
0.095	0.18	0.215	0.115	0.09	0.1	0.035	0.07	0.02	0.015	0.025	0.04
0.15	0.145	0.16	0.19	0.075	0.07	0.06	0.015	0.04	0.02	0.015	0.06
0.075	0.215	0.16	0.185	0.1	0.05	0.095	0.03	0.015	0.02	0.01	0.045
0.13	0.15	0.19	0.13	0.165	0.075	0.045	0.015	0.005	0.02	0.045	0.03
0.08	0.19	0.19	0.19	0.09	0.075	0.08	0.02	0.03	0.025	0.005	0.025
0.085	0.195	0.2	0.095	0.11	0.09	0.09	0.08	0.025	0.02	0	0.01
0.11	0.185	0.17	0.165	0.105	0.09	0.055	0.02	0.03	0.01	0.03	0.03
0.135	0.165	0.165	0.175	0.145	0.09	0.06	0.015	0.025	0.005	0	0.02
0.145	0.185	0.215	0.14	0.135	0.055	0.035	0.045	0.02	0.005	0.01	0.01
0.155	0.2	0.185	0.125	0.135	0.065	0.06	0.015	0.01	0.01	0.01	0.03
0.125	0.24	0.22	0.105	0.125	0.075	0.07	0.02	0.005	0.01	0.005	0
0.145	0.225	0.22	0.165	0.075	0.06	0.05	0.03	0.005	0.01	0.005	0.01
0.15	0.21	0.225	0.14	0.1	0.06	0.035	0.04	0.02	0.005	0.01	0.005
0.195	0.2	0.21	0.14	0.095	0.06	0.025	0.02	0.01	0.01	0.01	0.025
0.12	0.24	0.185	0.205	0.095	0.05	0.03	0.025	0.015	0.005	0.015	0.015
#wt_age_fsh	1 2	3	4	5	6	7	8	9	10	11						
0.000530656	0.001196328	0.002058265	0.003034987	0.004055212	0.005064698	0.006026226	0.006916921	0.007724891	0.008446113	0.009081853	0.009636695
0.000530656	0.001196328	0.002058265	0.003034987	0.004055212	0.005064698	0.006026226	0.006916921	0.007724891	0.008446113	0.009081853	0.009636695
0.000530656	0.001196328	0.002058265	0.003034987	0.004055212	0.005064698	0.006026226	0.006916921	0.007724891	0.008446113	0.009081853	0.009636695
0.000530656	0.001196328	0.002058265	0.003034987	0.004055212	0.005064698	0.006026226	0.006916921	0.007724891	0.008446113	0.009081853	0.009636695
0.000530656	0.001196328	0.002058265	0.003034987	0.004055212	0.005064698	0.006026226	0.006916921	0.007724891	0.008446113	0.009081853	0.009636695
0.000530656	0.001196328	0.002058265	0.003034987	0.004055212	0.005064698	0.006026226	0.006916921	0.007724891	0.008446113	0.009081853	0.009636695
0.000530656	0.001196328	0.002058265	0.003034987	0.004055212	0.005064698	0.006026226	0.006916921	0.007724891	0.008446113	0.009081853	0.009636695
0.000530656	0.001196328	0.002058265	0.003034987	0.004055212	0.005064698	0.006026226	0.006916921	0.007724891	0.008446113	0.009081853	0.009636695
0.000530656	0.001196328	0.002058265	0.003034987	0.004055212	0.005064698	0.006026226	0.006916921	0.007724891	0.008446113	0.009081853	0.009636695
0.000530656	0.001196328	0.002058265	0.003034987	0.004055212	0.005064698	0.006026226	0.006916921	0.007724891	0.008446113	0.009081853	0.009636695
0.000530656	0.001196328	0.002058265	0.003034987	0.004055212	0.005064698	0.006026226	0.006916921	0.007724891	0.008446113	0.009081853	0.009636695
0.000530656	0.001196328	0.002058265	0.003034987	0.004055212	0.005064698	0.006026226	0.006916921	0.007724891	0.008446113	0.009081853	0.009636695
0.000530656	0.001196328	0.002058265	0.003034987	0.004055212	0.005064698	0.006026226	0.006916921	0.007724891	0.008446113	0.009081853	0.009636695
0.000530656	0.001196328	0.002058265	0.003034987	0.004055212	0.005064698	0.006026226	0.006916921	0.007724891	0.008446113	0.009081853	0.009636695
0.000530656	0.001196328	0.002058265	0.003034987	0.004055212	0.005064698	0.006026226	0.006916921	0.007724891	0.008446113	0.009081853	0.009636695
0.000530656	0.001196328	0.002058265	0.003034987	0.004055212	0.005064698	0.006026226	0.006916921	0.007724891	0.008446113	0.009081853	0.009636695
0.000530656	0.001196328	0.002058265	0.003034987	0.004055212	0.005064698	0.006026226	0.006916921	0.007724891	0.008446113	0.009081853	0.009636695
0.000530656	0.001196328	0.002058265	0.003034987	0.004055212	0.005064698	0.006026226	0.006916921	0.007724891	0.008446113	0.009081853	0.009636695
0.000530656	0.001196328	0.002058265	0.003034987	0.004055212	0.005064698	0.006026226	0.006916921	0.007724891	0.008446113	0.009081853	0.009636695
0.000530656	0.001196328	0.002058265	0.003034987	0.004055212	0.005064698	0.006026226	0.006916921	0.007724891	0.008446113	0.009081853	0.009636695
0.000530656	0.001196328	0.002058265	0.003034987	0.004055212	0.005064698	0.006026226	0.006916921	0.007724891	0.008446113	0.009081853	0.009636695
0.000530656	0.001196328	0.002058265	0.003034987	0.004055212	0.005064698	0.006026226	0.006916921	0.007724891	0.008446113	0.009081853	0.009636695
0.000530656	0.001196328	0.002058265	0.003034987	0.004055212	0.005064698	0.006026226	0.006916921	0.007724891	0.008446113	0.009081853	0.009636695
0.000530656	0.001196328	0.002058265	0.003034987	0.004055212	0.005064698	0.006026226	0.006916921	0.007724891	0.008446113	0.009081853	0.009636695
0.000530656	0.001196328	0.002058265	0.003034987	0.004055212	0.005064698	0.006026226	0.006916921	0.007724891	0.008446113	0.009081853	0.009636695
0.000530656	0.001196328	0.002058265	0.003034987	0.004055212	0.005064698	0.006026226	0.006916921	0.007724891	0.008446113	0.009081853	0.009636695
0.000530656	0.001196328	0.002058265	0.003034987	0.004055212	0.005064698	0.006026226	0.006916921	0.007724891	0.008446113	0.009081853	0.009636695
0.000530656	0.001196328	0.002058265	0.003034987	0.004055212	0.005064698	0.006026226	0.006916921	0.007724891	0.008446113	0.009081853	0.009636695
0.000530656	0.001196328	0.002058265	0.003034987	0.004055212	0.005064698	0.006026226	0.006916921	0.007724891	0.008446113	0.009081853	0.009636695
0.000530656	0.001196328	0.002058265	0.003034987	0.004055212	0.005064698	0.006026226	0.006916921	0.007724891	0.008446113	0.009081853	0.009636695
#nind
1
#ind_names									
SURVEY1									
#nobs_ind
30
#yrs_ind											
1	2	3	4	5	6	7	8	9	10	11	12	13	14	15	16	17	18	19	20	21	22	23	24	25	26	27	28	29	30	
#month_ind										
1															
#biom_ind											
1.51335711181182	1.5850763679245	1.43882701018368	1.52136426433974	1.17862945565694	1.22952242106985	1.32879783665855	1.36494975584592	1.22940254792193	1.09142662715474	1.23617463708117	1.2229922258167	1.07058395207761	1.11037802225409	1.47245401481016	1.10913297659324	1.12530893960382	0.907849222703843	0.850329711641611	0.833594001149411	0.799592336000558	0.770047193141504	0.665461880242797	0.697782846046769	0.606549596828897	0.629412650739511	0.52341179453227	0.611258618448531	0.539989509863643	0.492230994495887
#biom_cv																
0.302671422362365	0.3170152735849	0.287765402036737	0.304272852867948	0.235725891131387	0.24590448421397	0.265759567331711	0.272989951169184	0.245880509584386	0.218285325430947	0.247234927416234	0.244598445163339	0.214116790415521	0.222075604450818	0.294490802962032	0.221826595318647	0.225061787920764	0.181569844540769	0.170065942328322	0.166718800229882	0.159918467200112	0.154009438628301	0.133092376048559	0.139556569209354	0.121309919365779	0.125882530147902	0.104682358906454	0.122251723689706	0.107997901972729	0.0984461988991774
#n_ages_ind															
30			
#n_lengths_ind															
0															
#yrs_ages_ind															
1	2	3	4	5	6	7	8	9	10	11	12	13	14	15	16	17	18	19	20	21	22	23	24	25	26	27	28	29	30	
#sample_ages_ind					
200	200	200	200	200	200	200	200	200	200	200	200	200	200	200	200	200	200	200	200	200	200	200	200	200	200	200	200	200	200
#page_ind						
0.095	0.145	0.135	0.11	0.095	0.115	0.085	0.05	0.035	0.03	0.025	0.08
0.035	0.155	0.155	0.135	0.115	0.065	0.085	0.045	0.05	0.01	0.035	0.115
0.04	0.1	0.175	0.15	0.09	0.075	0.04	0.07	0.035	0.035	0.015	0.175
0.075	0.15	0.1	0.165	0.065	0.085	0.065	0.06	0.045	0.065	0.015	0.11
0.045	0.18	0.105	0.085	0.13	0.055	0.12	0.08	0.04	0.01	0.035	0.115
0.085	0.125	0.135	0.13	0.075	0.095	0.085	0.055	0.04	0.05	0.03	0.095
0.095	0.205	0.11	0.095	0.09	0.085	0.055	0.06	0.015	0.025	0.03	0.135
0.07	0.235	0.14	0.095	0.135	0.06	0.03	0.05	0.025	0.025	0.035	0.1
0.08	0.125	0.21	0.155	0.11	0.045	0.05	0.025	0.04	0.02	0.015	0.125
0.055	0.225	0.16	0.14	0.125	0.065	0.055	0.035	0.015	0.04	0.01	0.075
0.09	0.125	0.285	0.13	0.085	0.05	0.075	0.04	0.02	0.015	0.005	0.08
0.085	0.21	0.155	0.165	0.06	0.12	0.055	0.02	0.03	0.02	0.005	0.075
0.07	0.175	0.18	0.12	0.145	0.065	0.07	0.05	0.025	0.015	0.01	0.075
0.08	0.18	0.105	0.16	0.085	0.125	0.06	0.07	0.04	0.01	0.005	0.08
0.09	0.26	0.175	0.13	0.085	0.06	0.065	0.03	0.035	0.01	0.015	0.045
0.08	0.15	0.275	0.135	0.105	0.08	0.035	0.045	0.03	0.015	0.01	0.04
0.12	0.185	0.21	0.195	0.115	0.05	0.03	0.02	0.04	0.005	0.01	0.02
0.075	0.235	0.175	0.14	0.19	0.045	0.03	0.025	0.01	0.01	0.01	0.055
0.11	0.175	0.175	0.155	0.115	0.13	0.025	0.02	0.045	0.01	0.01	0.03
0.085	0.28	0.185	0.175	0.09	0.055	0.055	0.015	0.01	0.02	0.005	0.025
0.15	0.185	0.215	0.165	0.065	0.075	0.05	0.03	0.02	0.015	0.005	0.025
0.12	0.195	0.24	0.175	0.09	0.075	0.045	0.015	0.01	0.015	0.01	0.01
0.075	0.255	0.24	0.125	0.125	0.045	0.045	0.025	0.035	0.015	0	0.015
0.135	0.18	0.23	0.125	0.11	0.07	0.05	0.025	0.025	0.015	0.02	0.015
0.115	0.26	0.145	0.165	0.135	0.07	0.03	0.01	0.03	0	0.01	0.03
0.175	0.225	0.2	0.12	0.105	0.09	0.04	0.01	0.01	0.01	0	0.015
0.18	0.26	0.17	0.175	0.055	0.065	0.025	0.025	0.01	0.01	0.005	0.02
0.115	0.245	0.25	0.13	0.125	0.035	0.02	0.02	0.02	0.005	0	0.035
0.12	0.245	0.275	0.11	0.09	0.085	0.005	0.02	0.02	0	0.005	0.025
0.13	0.295	0.24	0.16	0.07	0.035	0.035	0	0.005	0.015	0.01	0.005
#wt_age_ind						
1 1 1 1 1 1 1 1 1 1 1 1 
1 1 1 1 1 1 1 1 1 1 1 1 
1 1 1 1 1 1 1 1 1 1 1 1 
1 1 1 1 1 1 1 1 1 1 1 1 
1 1 1 1 1 1 1 1 1 1 1 1 
1 1 1 1 1 1 1 1 1 1 1 1 
1 1 1 1 1 1 1 1 1 1 1 1 
1 1 1 1 1 1 1 1 1 1 1 1 
1 1 1 1 1 1 1 1 1 1 1 1 
1 1 1 1 1 1 1 1 1 1 1 1 
1 1 1 1 1 1 1 1 1 1 1 1 
1 1 1 1 1 1 1 1 1 1 1 1 
1 1 1 1 1 1 1 1 1 1 1 1 
1 1 1 1 1 1 1 1 1 1 1 1 
1 1 1 1 1 1 1 1 1 1 1 1 
1 1 1 1 1 1 1 1 1 1 1 1 
1 1 1 1 1 1 1 1 1 1 1 1 
1 1 1 1 1 1 1 1 1 1 1 1 
1 1 1 1 1 1 1 1 1 1 1 1 
1 1 1 1 1 1 1 1 1 1 1 1 
1 1 1 1 1 1 1 1 1 1 1 1 
1 1 1 1 1 1 1 1 1 1 1 1 
1 1 1 1 1 1 1 1 1 1 1 1 
1 1 1 1 1 1 1 1 1 1 1 1 
1 1 1 1 1 1 1 1 1 1 1 1 
1 1 1 1 1 1 1 1 1 1 1 1 
1 1 1 1 1 1 1 1 1 1 1 1 
1 1 1 1 1 1 1 1 1 1 1 1 
1 1 1 1 1 1 1 1 1 1 1 1 
1 1 1 1 1 1 1 1 1 1 1 1 
# wt_pop
0.000530656	0.001196328	0.002058265	0.003034987	0.004055212	0.005064698	0.006026226	0.006916921	0.007724891	0.008446113	0.009081853	0.009636695
#maturity
0.02297737 0.32082130 0.90465054 0.99477987 0.99973881 0.99998699 0.99999935 0.99999997 1 1 1 1
#spmonth						
1		
#age_err						
1	0	0	0	0	0	0	0	0	0	0	0
0	1	0	0	0	0	0	0	0	0	0	0
0	0	1	0	0	0	0	0	0	0	0	0
0	0	0	1	0	0	0	0	0	0	0	0
0	0	0	0	1	0	0	0	0	0	0	0
0	0	0	0	0	1	0	0	0	0	0	0
0	0	0	0	0	0	1	0	0	0	0	0
0	0	0	0	0	0	0	1	0	0	0	0
0	0	0	0	0	0	0	0	1	0	0	0
0	0	0	0	0	0	0	0	0	1	0	0
0	0	0	0	0	0	0	0	0	0	1	0
0	0	0	0	0	0	0	0	0	0	0	1																														
