#######GENERAL HEADER INPUT#######
1
30
1
30
1
30
30
12
1	2	3	4	5	6	7	8	9	10	11	12
12
1	2	3	4	5	6	7	8	9	10	11	12
1
1001
1
1
#######SURVEY DATA#######
30
1	2	3	4	5	6	7	8	9	10	11	12	13	14	15	16	17	18	19	20	21	22	23	24	25	26	27	28	29	30
1.28052189646009	1.27164909094575	1.52595256898735	1.32169180489506	1.23101990345599	1.32469326047343	1.46023651349331	1.79118778387685	1.39192070466626	1.35153093568927	1.2482602850006	1.24871594859151	1.27580808849841	1.26993348248763	1.1857080902742	0.97354014332158	1.15030195882857	0.844265393732114	0.723526599606546	0.703037526742086	0.865076749650691	0.645999734057124	0.542111753681973	0.642718671127624	0.665620407653868	0.750084958698152	0.586731842435391	0.600539026110642	0.587689447150706	0.56624046331372
0.2	0.2	0.2	0.2	0.2	0.2	0.2	0.2	0.2	0.2	0.2	0.2	0.2	0.2	0.2	0.2	0.2	0.2	0.2	0.2	0.2	0.2	0.2	0.2	0.2	0.2	0.2	0.2	0.2	0.2
30
1	2	3	4	5	6	7	8	9	10	11	12	13	14	15	16	17	18	19	20	21	22	23	24	25	26	27	28	29	30
200	200	200	200	200	200	200	200	200	200	200	200	200	200	200	200	200	200	200	200	200	200	200	200	200	200	200	200	200	200
200	200	200	200	200	200	200	200	200	200	200	200	200	200	200	200	200	200	200	200	200	200	200	200	200	200	200	200	200	200
0.07	0.14	0.165	0.105	0.085	0.095	0.065	0.06	0.05	0.03	0.045	0.09
0.125	0.1	0.13	0.1	0.125	0.105	0.055	0.025	0.06	0.035	0.02	0.12
0.05	0.27	0.15	0.085	0.085	0.085	0.045	0.035	0.025	0.02	0.02	0.13
0.07	0.14	0.245	0.1	0.09	0.055	0.03	0.035	0.035	0.015	0.045	0.14
0.095	0.11	0.155	0.17	0.095	0.08	0.045	0.065	0.045	0.045	0.01	0.085
0.08	0.18	0.14	0.07	0.145	0.075	0.06	0.03	0.035	0.045	0.025	0.115
0.1	0.175	0.175	0.09	0.07	0.105	0.025	0.07	0.04	0.035	0.03	0.085
0.08	0.2	0.215	0.14	0.045	0.065	0.095	0.02	0.03	0.02	0.02	0.07
0.065	0.185	0.185	0.18	0.095	0.06	0.025	0.065	0.035	0.02	0.02	0.065
0.05	0.145	0.21	0.185	0.14	0.09	0.03	0.025	0.05	0.01	0.005	0.06
0.14	0.105	0.145	0.13	0.145	0.09	0.07	0.01	0.03	0.03	0.015	0.09
0.085	0.23	0.09	0.16	0.075	0.115	0.075	0.065	0.01	0.03	0.02	0.045
0.075	0.135	0.36	0.08	0.07	0.08	0.07	0.035	0.02	0.005	0.03	0.04
0.05	0.16	0.145	0.265	0.06	0.065	0.06	0.09	0.025	0.02	0.005	0.055
0.055	0.16	0.135	0.175	0.205	0.035	0.05	0.06	0.04	0.025	0.025	0.035
0.115	0.09	0.26	0.125	0.085	0.115	0.035	0.02	0.025	0.045	0.02	0.065
0.06	0.25	0.11	0.155	0.095	0.09	0.09	0.02	0.025	0.015	0.025	0.065
0.1	0.165	0.265	0.09	0.085	0.085	0.04	0.06	0.025	0.02	0.01	0.055
0.07	0.215	0.18	0.225	0.06	0.065	0.035	0.035	0.04	0.005	0.015	0.055
0.195	0.155	0.175	0.115	0.155	0.03	0.045	0.02	0.035	0.03	0.015	0.03
0.05	0.265	0.165	0.165	0.115	0.105	0.02	0.055	0.02	0.01	0.015	0.015
0.09	0.14	0.365	0.14	0.065	0.03	0.08	0.02	0.01	0.025	0.015	0.02
0.17	0.15	0.145	0.215	0.09	0.095	0.035	0.04	0.005	0.005	0.01	0.04
0.255	0.265	0.16	0.05	0.14	0.05	0.03	0.02	0.015	0	0	0.015
0.105	0.445	0.225	0.065	0.07	0.045	0.02	0.005	0.005	0.005	0	0.01
0.07	0.16	0.475	0.16	0.04	0.02	0.04	0.01	0.02	0	0	0.005
0.04	0.185	0.19	0.365	0.115	0.03	0.025	0.015	0.015	0.015	0	0.005
0.17	0.2	0.22	0.08	0.195	0.065	0.01	0.015	0.035	0.005	0.005	0
0.1	0.3	0.19	0.16	0.085	0.1	0.03	0.01	0.015	0.01	0	0
0.115	0.225	0.305	0.16	0.06	0.035	0.06	0.02	0	0	0.015	0.005
#######LANDINGS DATA#######
1
30
162.665899197011	463.364166446211	759.350900363202	1005.35459156618	789.864962177665	1395.40268818117	1366.35850685333	2732.714196168	1522.81591189888	1825.40639891194	1957.08177472236	1994.58455327909	1387.58614060642	1946.35865941813	1920.91121714791	1611.21818523623	2777.01165110926	1956.65098925073	1697.9599608297	1547.20589400664	1957.50721313051	1298.98885304842	1853.68849182944	1356.08741236657	1363.49316365064	1315.27775106989	1321.06994084838	1752.91038844249	1266.98243333202	1783.85539860739
0.01	0.01	0.01	0.01	0.01	0.01	0.01	0.01	0.01	0.01	0.01	0.01	0.01	0.01	0.01	0.01	0.01	0.01	0.01	0.01	0.01	0.01	0.01	0.01	0.01	0.01	0.01	0.01	0.01	0.01
30
1	2	3	4	5	6	7	8	9	10	11	12	13	14	15	16	17	18	19	20	21	22	23	24	25	26	27	28	29	30
200	200	200	200	200	200	200	200	200	200	200	200	200	200	200	200	200	200	200	200	200	200	200	200	200	200	200	200	200	200
200	200	200	200	200	200	200	200	200	200	200	200	200	200	200	200	200	200	200	200	200	200	200	200	200	200	200	200	200	200
0.065	0.13	0.13	0.12	0.1	0.09	0.07	0.045	0.06	0.05	0.015	0.125
0.135	0.085	0.135	0.11	0.09	0.085	0.07	0.065	0.055	0.035	0.02	0.115
0.045	0.17	0.15	0.14	0.075	0.1	0.045	0.035	0.03	0.025	0.025	0.16
0.06	0.075	0.24	0.13	0.085	0.075	0.065	0.07	0.02	0.035	0.025	0.12
0.075	0.065	0.125	0.225	0.12	0.065	0.05	0.075	0.05	0.035	0.01	0.105
0.075	0.14	0.105	0.125	0.16	0.075	0.06	0.065	0.045	0.02	0.03	0.1
0.11	0.18	0.17	0.06	0.12	0.13	0.035	0.055	0.035	0.01	0.025	0.07
0.09	0.18	0.205	0.115	0.07	0.075	0.06	0.04	0.05	0.025	0.015	0.075
0.1	0.13	0.19	0.15	0.08	0.055	0.05	0.055	0.05	0.03	0.02	0.09
0.045	0.115	0.17	0.15	0.17	0.1	0.045	0.04	0.065	0.025	0.025	0.05
0.12	0.115	0.115	0.15	0.185	0.105	0.065	0.03	0.02	0.03	0.025	0.04
0.125	0.17	0.08	0.095	0.155	0.17	0.04	0.02	0.04	0.01	0.025	0.07
0.06	0.125	0.245	0.07	0.085	0.165	0.055	0.04	0.035	0.01	0.015	0.095
0.075	0.13	0.175	0.255	0.045	0.08	0.035	0.07	0.045	0.015	0	0.075
0.06	0.13	0.19	0.145	0.195	0.035	0.045	0.065	0.055	0.025	0.01	0.045
0.14	0.105	0.155	0.13	0.145	0.12	0.03	0.055	0.03	0.045	0.02	0.025
0.08	0.225	0.105	0.135	0.13	0.08	0.1	0.015	0.01	0.02	0.03	0.07
0.085	0.13	0.27	0.095	0.15	0.055	0.065	0.045	0.02	0.02	0.015	0.05
0.12	0.135	0.185	0.22	0.055	0.08	0.03	0.06	0.045	0.01	0.03	0.03
0.195	0.13	0.145	0.1	0.17	0.06	0.055	0.04	0.025	0.025	0.005	0.05
0.075	0.285	0.145	0.145	0.08	0.115	0.015	0.04	0.035	0.01	0.015	0.04
0.085	0.105	0.33	0.125	0.07	0.065	0.095	0.02	0.03	0.015	0.005	0.055
0.17	0.135	0.135	0.2	0.1	0.09	0.04	0.055	0.01	0.02	0.015	0.03
0.325	0.235	0.09	0.075	0.165	0.05	0.025	0.01	0.005	0	0.005	0.015
0.105	0.455	0.195	0.06	0.045	0.065	0.035	0.005	0.01	0.01	0.005	0.01
0.06	0.145	0.47	0.135	0.055	0.03	0.05	0.01	0.015	0.01	0.01	0.01
0.155	0.14	0.205	0.345	0.035	0.025	0.03	0.035	0.01	0.01	0.005	0.005
0.18	0.18	0.14	0.135	0.205	0.08	0.025	0.015	0.015	0.01	0.005	0.01
0.17	0.24	0.16	0.125	0.1	0.155	0.015	0.01	0.005	0.015	0	0.005
0.175	0.2	0.22	0.15	0.07	0.055	0.095	0.025	0	0.005	0	0.005
#######PARAMETER SECTION#######
800	400	1200	-4	800	-0.25	1
0.18	0.01	1	-4	0.18	-0.25	1
-1.36	-5	-0.001	-4	-1.36	-0.25	1
0.1	0.05	0.3	-4	0.1	-0.25	1
0.2	0.01	0.5	-4	0.2	-0.25	1
0.75	0.20001	1	-3	0.75	-0.25	1
13.815511	-1	200	1	13.815511	-0.25	1
0	-1	1	-4	0	-0.25	1
0.4	1e-04	1.2	-3	0.4	-0.25	1
0	-10	10	-6	0	-1	1
0	-10	10	-6	0	-1	1
2	0	12	2	2	-0.5	1
1	0	12	2	1	-0.5	1
2	0	12	-2	2	-0.5	1
1	0	12	-2	1	-0.5	1
1.5	0	12	2	1.5	-0.5	1
2	0	12	2	2	-0.5	1
-15.0607359056151	-30	5	1	-15.0607359056151	-1	1
1	0.1	2	-1	1	-1	1
-1.54399197800355	-10	1.39	1	-1.54399197800355	-1	1
#######DEV CONSTRAINTS and DEVS#######
-15	15	2
-15	15	2
-15	15	2
0	0	0	0	0	0	0	0	0	0	0	0	0	0	0	0	0	0	0	0	0	0	0	0	0	0	0	0	0	0
0	0	0	0	0	0	0	0	0	0	0	0	0	0	0	0	0	0	0	0	0	0	0	0	0	0	0	0	0	0
0	0	0	0	0	0	0	0	0	0	0
#######LIKELIHOOD WEIGHTS#######
1
1
1
1
0
1
0
0
0
#######MISCELLANEOUS STUFF SECTION#######
2.5e-08
3
0.5	0.5	0.5	0.5	0.5	0.5	0.5	0.5	0.5	0.5	0.5	0.5
0.0229773699100256	0.320821300824607	0.904650535100891	0.994779874306442	0.999738809680904	0.999986992871533	0.999999352405202	0.999999967758134	0.999999998394772	0.99999999992008	0.999999999996021	0.999999999999802
0.2	0.2	0.2	0.2	0.2	0.2	0.2	0.2	0.2	0.2	0.2	0.2
0
1
10
0.2
1
1	0	0	0	0	0	0	0	0	0	0	0
0	1	0	0	0	0	0	0	0	0	0	0
0	0	1	0	0	0	0	0	0	0	0	0
0	0	0	1	0	0	0	0	0	0	0	0
0	0	0	0	1	0	0	0	0	0	0	0
0	0	0	0	0	1	0	0	0	0	0	0
0	0	0	0	0	0	1	0	0	0	0	0
0	0	0	0	0	0	0	1	0	0	0	0
0	0	0	0	0	0	0	0	1	0	0	0
0	0	0	0	0	0	0	0	0	1	0	0
0	0	0	0	0	0	0	0	0	0	1	0
0	0	0	0	0	0	0	0	0	0	0	1
40
31
2
1
#######END OF DATA FILE#######
999
