#######GENERAL HEADER INPUT#######
1
30
1
30
1
30
30
12
1	2	3	4	5	6	7	8	9	10	11	12
12
1	2	3	4	5	6	7	8	9	10	11	12
1
1001
1
1
#######SURVEY DATA#######
30
1	2	3	4	5	6	7	8	9	10	11	12	13	14	15	16	17	18	19	20	21	22	23	24	25	26	27	28	29	30
1.48004109501769	1.52693681173295	1.51428500050809	1.55360194519686	1.33383604115494	1.36512678027893	1.18544612556885	1.25887977358461	0.989866844205812	1.1145485643502	1.04604824078383	1.05137148554121	1.16542446211526	1.00053865959973	0.939835347776124	0.865484788494201	0.812577555131527	0.93110527925424	0.796035907332401	0.695254932907003	0.810808057778072	0.660399489521014	0.632607608326492	0.634819085867434	0.645716256199193	0.641255649186632	0.586900632363695	0.533770880215924	0.532419138392378	0.506225567430982
0.2	0.2	0.2	0.2	0.2	0.2	0.2	0.2	0.2	0.2	0.2	0.2	0.2	0.2	0.2	0.2	0.2	0.2	0.2	0.2	0.2	0.2	0.2	0.2	0.2	0.2	0.2	0.2	0.2	0.2
30
1	2	3	4	5	6	7	8	9	10	11	12	13	14	15	16	17	18	19	20	21	22	23	24	25	26	27	28	29	30
200	200	200	200	200	200	200	200	200	200	200	200	200	200	200	200	200	200	200	200	200	200	200	200	200	200	200	200	200	200
200	200	200	200	200	200	200	200	200	200	200	200	200	200	200	200	200	200	200	200	200	200	200	200	200	200	200	200	200	200
0.065	0.125	0.13	0.17	0.115	0.085	0.09	0.025	0.045	0.025	0.015	0.11
0.085	0.13	0.15	0.095	0.105	0.085	0.06	0.055	0.065	0.035	0.04	0.095
0.085	0.175	0.175	0.12	0.085	0.045	0.045	0.055	0.015	0.025	0.02	0.155
0.065	0.18	0.16	0.08	0.105	0.09	0.065	0.05	0.025	0.045	0.005	0.13
0.035	0.13	0.145	0.15	0.095	0.055	0.065	0.065	0.04	0.04	0.05	0.13
0.035	0.145	0.13	0.145	0.135	0.035	0.045	0.08	0.05	0.025	0.03	0.145
0.085	0.135	0.15	0.115	0.135	0.06	0.075	0.06	0.04	0.045	0.005	0.095
0.045	0.165	0.095	0.095	0.07	0.135	0.095	0.05	0.045	0.035	0.03	0.14
0.07	0.11	0.26	0.135	0.1	0.055	0.05	0.07	0.06	0.025	0.005	0.06
0.1	0.14	0.145	0.155	0.075	0.06	0.05	0.04	0.045	0.04	0.035	0.115
0.09	0.19	0.145	0.105	0.15	0.065	0.02	0.035	0.03	0.045	0.015	0.11
0.07	0.125	0.225	0.11	0.075	0.13	0.035	0.06	0.03	0.03	0.03	0.08
0.06	0.165	0.13	0.185	0.095	0.065	0.1	0.03	0.045	0.015	0.045	0.065
0.12	0.235	0.23	0.13	0.1	0.05	0.015	0.05	0.03	0.005	0.005	0.03
0.095	0.185	0.18	0.145	0.08	0.115	0.05	0.025	0.04	0.015	0.01	0.06
0.115	0.2	0.155	0.145	0.09	0.08	0.075	0.025	0.015	0.035	0.02	0.045
0.055	0.225	0.12	0.155	0.155	0.08	0.04	0.06	0.035	0.01	0.015	0.05
0.095	0.165	0.17	0.105	0.105	0.065	0.08	0.055	0.05	0.03	0.015	0.065
0.09	0.23	0.15	0.2	0.1	0.06	0.04	0.05	0.05	0.01	0.005	0.015
0.155	0.23	0.25	0.055	0.09	0.08	0.06	0.015	0.015	0.025	0.005	0.02
0.085	0.33	0.175	0.14	0.11	0.05	0.025	0.02	0.01	0.025	0.01	0.02
0.085	0.165	0.34	0.12	0.13	0.05	0.035	0.03	0.015	0.02	0	0.01
0.15	0.22	0.16	0.195	0.09	0.075	0.04	0.02	0.015	0.015	0	0.02
0.135	0.22	0.18	0.12	0.135	0.08	0.05	0.03	0.025	0.005	0.005	0.015
0.125	0.33	0.21	0.1	0.055	0.085	0.05	0.005	0.01	0.015	0.005	0.01
0.125	0.27	0.265	0.14	0.08	0.02	0.045	0.025	0.005	0	0.01	0.015
0.11	0.225	0.24	0.16	0.105	0.065	0.025	0.025	0.015	0	0.005	0.025
0.085	0.215	0.235	0.235	0.1	0.04	0.03	0.03	0.015	0.005	0	0.01
0.1	0.155	0.23	0.245	0.115	0.07	0.045	0.02	0.005	0.005	0.01	0
0.1	0.24	0.175	0.135	0.19	0.085	0.03	0	0.015	0.015	0.005	0.01
#######LANDINGS DATA#######
1
30
161.94313941036	463.378163283204	753.496724501685	998.237923534197	769.692902418052	1335.88394870102	1269.01950788	2401.23740611044	1257.70962611666	1434.24940467196	1500.66264714162	1488.19287419231	1025.49269081384	1418.29737272895	1405.56005911555	1194.72292641786	2106.86391088422	1508.31715513938	1380.16135771428	1297.44081449023	1693.47363891615	1147.81439724105	1740.39484984144	1283.64115479597	1187.47596838659	1070.09637324381	1082.62017795294	1453.03094417818	1035.62959992212	1399.80143386627
0.01	0.01	0.01	0.01	0.01	0.01	0.01	0.01	0.01	0.01	0.01	0.01	0.01	0.01	0.01	0.01	0.01	0.01	0.01	0.01	0.01	0.01	0.01	0.01	0.01	0.01	0.01	0.01	0.01	0.01
30
1	2	3	4	5	6	7	8	9	10	11	12	13	14	15	16	17	18	19	20	21	22	23	24	25	26	27	28	29	30
200	200	200	200	200	200	200	200	200	200	200	200	200	200	200	200	200	200	200	200	200	200	200	200	200	200	200	200	200	200
200	200	200	200	200	200	200	200	200	200	200	200	200	200	200	200	200	200	200	200	200	200	200	200	200	200	200	200	200	200
0.05	0.1	0.14	0.105	0.1	0.105	0.065	0.04	0.03	0.075	0.03	0.16
0.06	0.14	0.125	0.15	0.1	0.08	0.015	0.05	0.04	0.05	0.04	0.15
0.075	0.105	0.095	0.14	0.08	0.11	0.07	0.1	0.025	0.04	0.02	0.14
0.1	0.075	0.165	0.13	0.09	0.07	0.08	0.04	0.055	0.02	0.055	0.12
0.045	0.095	0.145	0.185	0.1	0.105	0.07	0.055	0.05	0.02	0.04	0.09
0.06	0.115	0.15	0.17	0.115	0.04	0.055	0.07	0.055	0.03	0.015	0.125
0.12	0.11	0.14	0.07	0.125	0.115	0.065	0.035	0.025	0.025	0.03	0.14
0.035	0.24	0.14	0.085	0.065	0.095	0.08	0.05	0.02	0.02	0.055	0.115
0.07	0.1	0.185	0.155	0.065	0.05	0.09	0.065	0.02	0.04	0.005	0.155
0.08	0.11	0.1	0.185	0.085	0.085	0.045	0.065	0.065	0.04	0.03	0.11
0.085	0.11	0.155	0.075	0.16	0.085	0.06	0.045	0.035	0.04	0.025	0.125
0.09	0.14	0.19	0.14	0.06	0.15	0.03	0.02	0.05	0.045	0.01	0.075
0.105	0.185	0.135	0.145	0.08	0.09	0.105	0.03	0.02	0.005	0.03	0.07
0.105	0.11	0.165	0.135	0.125	0.055	0.05	0.06	0.04	0.05	0.005	0.1
0.16	0.12	0.16	0.115	0.105	0.095	0.05	0.045	0.045	0.04	0.02	0.045
0.15	0.17	0.135	0.19	0.105	0.075	0.05	0.015	0.025	0.02	0.02	0.045
0.065	0.175	0.23	0.105	0.095	0.095	0.06	0.045	0.025	0.02	0.02	0.065
0.16	0.12	0.165	0.165	0.08	0.085	0.055	0.03	0.03	0.015	0.01	0.085
0.155	0.2	0.135	0.115	0.115	0.06	0.035	0.045	0.035	0.03	0.015	0.06
0.15	0.16	0.25	0.115	0.12	0.05	0.03	0.04	0.04	0.01	0.015	0.02
0.105	0.295	0.155	0.18	0.075	0.065	0.035	0.02	0.015	0.015	0.01	0.03
0.155	0.13	0.31	0.115	0.095	0.05	0.035	0.05	0.01	0.025	0.005	0.02
0.18	0.21	0.155	0.225	0.085	0.075	0.02	0.02	0.01	0	0	0.02
0.155	0.165	0.2	0.125	0.155	0.085	0.055	0.025	0.005	0.015	0.005	0.01
0.17	0.265	0.21	0.135	0.065	0.055	0.015	0.04	0.02	0	0.01	0.015
0.14	0.245	0.185	0.145	0.11	0.035	0.045	0.04	0.025	0	0.015	0.015
0.095	0.265	0.255	0.15	0.075	0.075	0.02	0.03	0.01	0.015	0.005	0.005
0.095	0.175	0.31	0.14	0.08	0.07	0.04	0.02	0.03	0.02	0.005	0.015
0.18	0.105	0.22	0.195	0.125	0.08	0.04	0.025	0.015	0.01	0	0.005
0.15	0.165	0.22	0.135	0.13	0.1	0.05	0.04	0	0.005	0	0.005
#######PARAMETER SECTION#######
800	400	1200	-4	800	-0.25	1
0.18	0.01	1	-4	0.18	-0.25	1
-1.36	-5	-0.001	-4	-1.36	-0.25	1
0.1	0.05	0.3	-4	0.1	-0.25	1
0.2	0.01	0.5	-4	0.2	-0.25	1
0.75	0.20001	1	-3	0.75	-0.25	1
13.815511	-1	200	1	13.815511	-0.25	1
0	-1	1	-4	0	-0.25	1
0.2	1e-04	1.2	-3	0.2	-0.25	1
0	-10	10	-6	0	-1	1
0	-10	10	-6	0	-1	1
2	0	12	2	2	-0.5	1
1	0	12	2	1	-0.5	1
2	0	12	-2	2	-0.5	1
1	0	12	-2	1	-0.5	1
1.5	0	12	2	1.5	-0.5	1
2	0	12	2	2	-0.5	1
-14.873772048724	-30	5	1	-14.873772048724	-1	1
1	0.1	2	-1	1	-1	1
-1.54399197800355	-10	1.39	1	-1.54399197800355	-1	1
#######DEV CONSTRAINTS and DEVS#######
-15	15	2
-15	15	2
-15	15	2
0	0	0	0	0	0	0	0	0	0	0	0	0	0	0	0	0	0	0	0	0	0	0	0	0	0	0	0	0	0
0	0	0	0	0	0	0	0	0	0	0	0	0	0	0	0	0	0	0	0	0	0	0	0	0	0	0	0	0	0
0	0	0	0	0	0	0	0	0	0	0
#######LIKELIHOOD WEIGHTS#######
1
1
1
1
0
1
0
0
0
#######MISCELLANEOUS STUFF SECTION#######
2.5e-08
3
0.5	0.5	0.5	0.5	0.5	0.5	0.5	0.5	0.5	0.5	0.5	0.5
0.0229773699100256	0.320821300824607	0.904650535100891	0.994779874306442	0.999738809680904	0.999986992871533	0.999999352405202	0.999999967758134	0.999999998394772	0.99999999992008	0.999999999996021	0.999999999999802
0.2	0.2	0.2	0.2	0.2	0.2	0.2	0.2	0.2	0.2	0.2	0.2
0
1
10
0.2
1
1	0	0	0	0	0	0	0	0	0	0	0
0	1	0	0	0	0	0	0	0	0	0	0
0	0	1	0	0	0	0	0	0	0	0	0
0	0	0	1	0	0	0	0	0	0	0	0
0	0	0	0	1	0	0	0	0	0	0	0
0	0	0	0	0	1	0	0	0	0	0	0
0	0	0	0	0	0	1	0	0	0	0	0
0	0	0	0	0	0	0	1	0	0	0	0
0	0	0	0	0	0	0	0	1	0	0	0
0	0	0	0	0	0	0	0	0	1	0	0
0	0	0	0	0	0	0	0	0	0	1	0
0	0	0	0	0	0	0	0	0	0	0	1
40
31
2
1
#######END OF DATA FILE#######
999
