# Number of parameters = 77  Objective function value = 26234.8  Maximum gradient component = 0.00134377
# sel_params[1]:
1.94283188078
# sel_params[2]:
0.939311774567
# log_Fmult_year1:
 -4.67951982255
# log_Fmult_devs:
 1.05088289358 0.513409775211 0.301027289091 -0.217029283517 0.587981063531 0.0172441073842 0.737804444956 -0.530266969379 0.199110375638 0.108900484068 0.0808454156577 -0.326172761499 0.375584392084 0.0599603716838 -0.109893572736 0.652326602503 -0.198553038800 -0.0287124625524 -0.0214051261772 0.330799967903 -0.313861112458 0.502135857340 -0.189276981828 0.00818476585850 -0.0861473988504 -0.00902643880941 0.338119087730 -0.262751050236 0.423475093252
# log_recruit_devs:
 -0.0374697719138 -0.0609770858893 0.0853697310796 0.0698676638074 0.356100669717 0.0924405254017 -0.0608808618197 -0.111366522845 0.0165247441646 -0.0467491945256 0.0324579488341 -0.220079331330 0.350598515953 -0.251297181182 -0.0946827271651 -0.323577210239 0.153720324814 -0.127739351343 -0.0432812332448 0.270404796933 0.0264544019865 0.0482206991178 -0.183066754514 -0.0257178494761 0.385629865478 -0.211928048013 -0.0221393732026 -0.142638841431 0.102902931492 -0.0271014806450
# log_N_year1_devs:
 0.0694913672737 -0.0114415931098 0.0567731153839 -0.174254688059 -0.0286103396908 0.0834538345150 -0.160828600977 -0.236405375642 -0.161299830886 -0.00432443606848 -0.0240870215699
# log_q_year1:
 -7.97269380229
# log_q_devs:
 0.00000000000 0.00000000000 0.00000000000 0.00000000000 0.00000000000 0.00000000000 0.00000000000 0.00000000000 0.00000000000 0.00000000000 0.00000000000 0.00000000000 0.00000000000 0.00000000000 0.00000000000 0.00000000000 0.00000000000 0.00000000000 0.00000000000 0.00000000000 0.00000000000 0.00000000000 0.00000000000 0.00000000000 0.00000000000 0.00000000000 0.00000000000 0.00000000000 0.00000000000
# index_sel_params[1]:
1.44038177414
# index_sel_params[2]:
0.461500710711
# log_SR_scaler:
6.91592295868
# SR_steepness:
0.750000000000
