# Number of parameters = 77  Objective function value = 26243.0  Maximum gradient component = 0.00539549
# sel_params[1]:
1.91731610025
# sel_params[2]:
1.05195438473
# log_Fmult_year1:
 -4.63785589392
# log_Fmult_devs:
 1.05703101984 0.504005097226 0.307209847486 -0.234814713815 0.583999333344 0.0115179418594 0.764627518259 -0.548645371542 0.189449094088 0.133818483774 0.0626000898610 -0.337327772319 0.370442022389 0.0672882123589 -0.101833408448 0.664836847709 -0.192926524730 -1.28064049054e-005 -0.0139906002158 0.328353414731 -0.318214257662 0.500123792369 -0.183676357199 -0.0103221489284 -0.0897807163005 -0.0114425760622 0.353273729188 -0.231285511673 0.453460508554
# log_recruit_devs:
 0.0288138077915 -0.437139929408 0.0737883433686 0.224645261169 0.183115772580 0.0399814679366 -0.390288976060 -0.341257334451 0.215409275303 0.231528088562 0.0405460407056 -0.104630328803 0.115329917958 -0.372214012497 -0.0617115542289 0.0883879970275 0.0700985918383 0.178714706704 -0.0940009171612 -0.0246206883260 0.0126244416057 -0.237916388173 0.307266122433 0.00729890507218 -0.0433036994237 0.277920299800 0.0656979493489 0.106423430515 -0.141511515405 -0.0189950757813
# log_N_year1_devs:
 -0.00152743123475 -0.121546454300 -0.0453049680707 0.0764761404384 -0.176960879511 -0.0252305429545 -0.139105399779 -0.0525984178313 -0.00987276783619 -0.114995843297 -0.184569662800
# log_q_year1:
 -7.90619093380
# log_q_devs:
 0.00000000000 0.00000000000 0.00000000000 0.00000000000 0.00000000000 0.00000000000 0.00000000000 0.00000000000 0.00000000000 0.00000000000 0.00000000000 0.00000000000 0.00000000000 0.00000000000 0.00000000000 0.00000000000 0.00000000000 0.00000000000 0.00000000000 0.00000000000 0.00000000000 0.00000000000 0.00000000000 0.00000000000 0.00000000000 0.00000000000 0.00000000000 0.00000000000 0.00000000000
# index_sel_params[1]:
1.50101438518
# index_sel_params[2]:
0.525619600512
# log_SR_scaler:
6.85573685640
# SR_steepness:
0.750000000000
