#######GENERAL HEADER INPUT#######
1
30
1
30
1
30
30
12
1	2	3	4	5	6	7	8	9	10	11	12
12
1	2	3	4	5	6	7	8	9	10	11	12
1
1001
1
1
#######SURVEY DATA#######
30
1	2	3	4	5	6	7	8	9	10	11	12	13	14	15	16	17	18	19	20	21	22	23	24	25	26	27	28	29	30
1.60277753889503	1.35341422253081	1.30481443729485	1.44109595128822	1.53531426259164	1.16493096555443	1.07778646178711	1.18271194307316	1.26938546991696	1.02039397883009	1.02085140498038	1.3114793010557	1.0647966663702	1.06957685111354	1.10915006632206	1.06748974152317	1.26853050736223	0.962039644098269	0.892055094267034	0.900934386233091	0.883047021229867	0.605393516881475	0.707622119302792	0.606569736879439	0.734237702678121	0.521357271992855	0.629237146871951	0.58849409055249	0.599316947298507	0.6203962863454
0.2	0.2	0.2	0.2	0.2	0.2	0.2	0.2	0.2	0.2	0.2	0.2	0.2	0.2	0.2	0.2	0.2	0.2	0.2	0.2	0.2	0.2	0.2	0.2	0.2	0.2	0.2	0.2	0.2	0.2
30
1	2	3	4	5	6	7	8	9	10	11	12	13	14	15	16	17	18	19	20	21	22	23	24	25	26	27	28	29	30
200	200	200	200	200	200	200	200	200	200	200	200	200	200	200	200	200	200	200	200	200	200	200	200	200	200	200	200	200	200
200	200	200	200	200	200	200	200	200	200	200	200	200	200	200	200	200	200	200	200	200	200	200	200	200	200	200	200	200	200
0.055	0.125	0.145	0.135	0.075	0.07	0.06	0.095	0.045	0.05	0.035	0.11
0.065	0.135	0.11	0.1	0.105	0.08	0.065	0.07	0.025	0.04	0.035	0.17
0.07	0.11	0.16	0.145	0.09	0.09	0.05	0.05	0.065	0.03	0.015	0.125
0.095	0.135	0.1	0.13	0.11	0.07	0.05	0.075	0.025	0.06	0.02	0.13
0.035	0.165	0.185	0.12	0.095	0.065	0.075	0.075	0.06	0.035	0.02	0.07
0.05	0.145	0.205	0.11	0.07	0.075	0.065	0.065	0.035	0.02	0.04	0.12
0.08	0.145	0.095	0.115	0.14	0.085	0.045	0.06	0.045	0.03	0.04	0.12
0.075	0.185	0.14	0.115	0.1	0.075	0.06	0.035	0.05	0.035	0.035	0.095
0.105	0.165	0.245	0.065	0.075	0.06	0.065	0.04	0.03	0.015	0.005	0.13
0.11	0.145	0.155	0.15	0.05	0.07	0.075	0.065	0.035	0.045	0.02	0.08
0.08	0.235	0.225	0.08	0.085	0.04	0.05	0.075	0.035	0.01	0.01	0.075
0.08	0.23	0.185	0.155	0.085	0.1	0.02	0.01	0.01	0.015	0.025	0.085
0.08	0.16	0.185	0.14	0.145	0.07	0.07	0.02	0.035	0.04	0.02	0.035
0.065	0.24	0.155	0.125	0.13	0.095	0.05	0.045	0	0.01	0.025	0.06
0.055	0.16	0.22	0.13	0.11	0.125	0.08	0.025	0.05	0	0.005	0.04
0.1	0.18	0.17	0.15	0.07	0.08	0.09	0.035	0.025	0.045	0	0.055
0.12	0.245	0.125	0.125	0.09	0.11	0.055	0.035	0.025	0.025	0.02	0.025
0.105	0.185	0.26	0.09	0.065	0.075	0.05	0.055	0.035	0.025	0.02	0.035
0.045	0.29	0.22	0.205	0.055	0.025	0.06	0.035	0.025	0.01	0.015	0.015
0.1	0.15	0.265	0.12	0.15	0.04	0.035	0.035	0.025	0.03	0.005	0.045
0.06	0.155	0.19	0.235	0.105	0.105	0.03	0.06	0.02	0	0.005	0.035
0.165	0.235	0.145	0.11	0.135	0.06	0.04	0.025	0.015	0.02	0.025	0.025
0.11	0.265	0.23	0.115	0.065	0.075	0.04	0.045	0.015	0.005	0.005	0.03
0.11	0.265	0.205	0.135	0.065	0.075	0.045	0.03	0.04	0.01	0.005	0.015
0.12	0.255	0.235	0.145	0.08	0.07	0.02	0.035	0.01	0.02	0	0.01
0.105	0.265	0.3	0.1	0.09	0.065	0.025	0.02	0.025	0.005	0	0
0.105	0.18	0.24	0.24	0.075	0.025	0.065	0.035	0.02	0.01	0.005	0
0.14	0.23	0.245	0.16	0.1	0.035	0.035	0.03	0.015	0	0	0.01
0.095	0.24	0.195	0.155	0.125	0.055	0.07	0.025	0.025	0.005	0.005	0.005
0.12	0.21	0.265	0.125	0.13	0.05	0.04	0.015	0.005	0.01	0.005	0.025
#######LANDINGS DATA#######
1
30
160.533685247498	459.101125378785	735.970079077261	965.146061516361	746.567924116631	1269.4849267926	1202.43423645168	2275.21626930503	1201.52526191511	1380.28819426809	1484.08332247312	1523.88814187838	1083.18311874866	1554.03967464942	1542.23147398599	1290.61739675802	2262.52504631579	1650.71390395245	1526.80563302206	1433.57997756309	1829.68404768677	1216.81174259299	1824.65094908861	1334.3530671639	1250.14929979687	1113.83639850928	1070.38588486747	1395.70773801156	986.268013486582	1407.23508156044
0.01	0.01	0.01	0.01	0.01	0.01	0.01	0.01	0.01	0.01	0.01	0.01	0.01	0.01	0.01	0.01	0.01	0.01	0.01	0.01	0.01	0.01	0.01	0.01	0.01	0.01	0.01	0.01	0.01	0.01
30
1	2	3	4	5	6	7	8	9	10	11	12	13	14	15	16	17	18	19	20	21	22	23	24	25	26	27	28	29	30
200	200	200	200	200	200	200	200	200	200	200	200	200	200	200	200	200	200	200	200	200	200	200	200	200	200	200	200	200	200
200	200	200	200	200	200	200	200	200	200	200	200	200	200	200	200	200	200	200	200	200	200	200	200	200	200	200	200	200	200
0.065	0.1	0.115	0.135	0.125	0.08	0.09	0.035	0.035	0.045	0.02	0.155
0.055	0.115	0.13	0.125	0.13	0.1	0.065	0.055	0.025	0.02	0.05	0.13
0.11	0.11	0.11	0.095	0.1	0.1	0.085	0.075	0.025	0.04	0.015	0.135
0.075	0.15	0.13	0.08	0.11	0.08	0.06	0.05	0.065	0.045	0.045	0.11
0.04	0.15	0.11	0.095	0.115	0.085	0.05	0.05	0.035	0.055	0.045	0.17
0.065	0.115	0.135	0.135	0.07	0.065	0.075	0.065	0.03	0.045	0.03	0.17
0.095	0.075	0.115	0.11	0.175	0.05	0.065	0.07	0.035	0.03	0.045	0.135
0.055	0.19	0.08	0.12	0.14	0.085	0.07	0.05	0.05	0.02	0.035	0.105
0.11	0.12	0.205	0.095	0.08	0.06	0.055	0.07	0.025	0.015	0.025	0.14
0.14	0.135	0.12	0.17	0.07	0.08	0.05	0.055	0.05	0.04	0.02	0.07
0.13	0.14	0.18	0.11	0.145	0.045	0.04	0.035	0.05	0.04	0.015	0.07
0.1	0.16	0.19	0.145	0.06	0.135	0.035	0.035	0.055	0.04	0	0.045
0.095	0.115	0.165	0.21	0.14	0.05	0.08	0.035	0.02	0.02	0.025	0.045
0.065	0.165	0.145	0.195	0.13	0.095	0.055	0.045	0.03	0.015	0	0.06
0.045	0.17	0.15	0.11	0.165	0.125	0.06	0.025	0.05	0.01	0.015	0.075
0.17	0.13	0.105	0.185	0.08	0.115	0.06	0.055	0.045	0.015	0.005	0.035
0.13	0.185	0.11	0.12	0.13	0.08	0.08	0.035	0.02	0.01	0.04	0.06
0.135	0.2	0.18	0.095	0.065	0.075	0.05	0.07	0.045	0.04	0.01	0.035
0.09	0.24	0.175	0.215	0.065	0.07	0.055	0.02	0	0.015	0.03	0.025
0.105	0.15	0.21	0.17	0.12	0.045	0.065	0.02	0.02	0.03	0.015	0.05
0.11	0.2	0.18	0.19	0.09	0.09	0.025	0.03	0.03	0.025	0.01	0.02
0.13	0.165	0.175	0.155	0.165	0.055	0.055	0.03	0.02	0.005	0.01	0.035
0.1	0.21	0.195	0.14	0.13	0.085	0.05	0.04	0	0.01	0.015	0.025
0.125	0.2	0.205	0.185	0.075	0.04	0.06	0.025	0.035	0.01	0.01	0.03
0.16	0.215	0.17	0.21	0.06	0.065	0.06	0.035	0.015	0.005	0	0.005
0.155	0.155	0.25	0.13	0.13	0.08	0.025	0.025	0.005	0.01	0.01	0.025
0.155	0.16	0.26	0.21	0.095	0.05	0.03	0.015	0.01	0.01	0	0.005
0.18	0.195	0.235	0.115	0.095	0.075	0.04	0.025	0.01	0.015	0.015	0
0.2	0.22	0.16	0.155	0.13	0.07	0.025	0.02	0.01	0	0.01	0
0.14	0.14	0.295	0.2	0.105	0.04	0.04	0.01	0.01	0.01	0.01	0
#######PARAMETER SECTION#######
800	400	1200	-4	800	-0.25	1
0.18	0.01	1	-4	0.18	-0.25	1
-1.36	-5	-0.001	-4	-1.36	-0.25	1
0.1	0.05	0.3	-4	0.1	-0.25	1
0.2	0.01	0.5	-4	0.2	-0.25	1
0.75	0.20001	1	-3	0.75	-0.25	1
13.815511	-1	200	1	13.815511	-0.25	1
0	-1	1	-4	0	-0.25	1
0.2	1e-04	1.2	-3	0.2	-0.25	1
0	-10	10	-6	0	-1	1
0	-10	10	-6	0	-1	1
2	0	12	2	2	-0.5	1
1	0	12	2	1	-0.5	1
2	0	12	-2	2	-0.5	1
1	0	12	-2	1	-0.5	1
1.5	0	12	2	1.5	-0.5	1
2	0	12	2	2	-0.5	1
-14.888306152506	-30	5	1	-14.888306152506	-1	1
1	0.1	2	-1	1	-1	1
-1.54399197800355	-10	1.39	1	-1.54399197800355	-1	1
#######DEV CONSTRAINTS and DEVS#######
-15	15	2
-15	15	2
-15	15	2
0	0	0	0	0	0	0	0	0	0	0	0	0	0	0	0	0	0	0	0	0	0	0	0	0	0	0	0	0	0
0	0	0	0	0	0	0	0	0	0	0	0	0	0	0	0	0	0	0	0	0	0	0	0	0	0	0	0	0	0
0	0	0	0	0	0	0	0	0	0	0
#######LIKELIHOOD WEIGHTS#######
1
1
1
1
0
1
0
0
0
#######MISCELLANEOUS STUFF SECTION#######
2.5e-08
3
0.5	0.5	0.5	0.5	0.5	0.5	0.5	0.5	0.5	0.5	0.5	0.5
0.0229773699100256	0.320821300824607	0.904650535100891	0.994779874306442	0.999738809680904	0.999986992871533	0.999999352405202	0.999999967758134	0.999999998394772	0.99999999992008	0.999999999996021	0.999999999999802
0.2	0.2	0.2	0.2	0.2	0.2	0.2	0.2	0.2	0.2	0.2	0.2
0
1
10
0.2
1
1	0	0	0	0	0	0	0	0	0	0	0
0	1	0	0	0	0	0	0	0	0	0	0
0	0	1	0	0	0	0	0	0	0	0	0
0	0	0	1	0	0	0	0	0	0	0	0
0	0	0	0	1	0	0	0	0	0	0	0
0	0	0	0	0	1	0	0	0	0	0	0
0	0	0	0	0	0	1	0	0	0	0	0
0	0	0	0	0	0	0	1	0	0	0	0
0	0	0	0	0	0	0	0	1	0	0	0
0	0	0	0	0	0	0	0	0	1	0	0
0	0	0	0	0	0	0	0	0	0	1	0
0	0	0	0	0	0	0	0	0	0	0	1
40
31
2
1
#######END OF DATA FILE#######
999
