#styr												
1
#endyr												
30
#rec_age										
1															
#n_ages										
12
# numbers of length intervals
81
#Length	bin
10	11	12	13	14	15	16	17	18	19	20	21	22	23	24	25	26	27	28	29	30	31	32	33	34	35	36	37	38	39	40	41	42	43	44	45	46	47	48	49	50	51	52	53	54	55	56	57	58	59	60	61	62	63	64	65	66	67	68	69	70	71	72	73	74	75	76	77	78	79	80	81	82	83	84	85	86	87	88	89	90
#nfsh
1
#names_fsh
FLEET1												
#catch												
161.726183469619	455.432626972339	740.199959895588	948.587351645615	734.639338812663	1273.42364750883	1230.94390436067	2350.80489339181	1265.93366852656	1432.15188113782	1490.65036200256	1477.02745705763	1004.31807293055	1406.59153512168	1411.41378644776	1181.70240926335	2032.81680226426	1441.79944245231	1283.83622770155	1203.69214094867	1560.80211225998	1100.39172481922	1664.4624110922	1228.4921233272	1143.60243961523	1029.40657968186	1020.39756222715	1380.67475384464	1014.89610976697	1464.28089059215
#catch_cv											
0.01	0.01	0.01	0.01	0.01	0.01	0.01	0.01	0.01	0.01	0.01	0.01	0.01	0.01	0.01	0.01	0.01	0.01	0.01	0.01	0.01	0.01	0.01	0.01	0.01	0.01	0.01	0.01	0.01	0.01
#n_ages_fsh								
30		
#n_lengths_fsh								
0															
#yrs_ages_fsh								
1	2	3	4	5	6	7	8	9	10	11	12	13	14	15	16	17	18	19	20	21	22	23	24	25	26	27	28	29	30	
#sample_ages_fsh							
200	200	200	200	200	200	200	200	200	200	200	200	200	200	200	200	200	200	200	200	200	200	200	200	200	200	200	200	200	200
#page_fsh	2	3	4	5	6	7	8	9	10	11						
0.06	0.105	0.135	0.105	0.085	0.095	0.055	0.07	0.035	0.045	0.04	0.17
0.075	0.115	0.12	0.14	0.115	0.095	0.07	0.05	0.055	0.035	0.015	0.115
0.045	0.095	0.16	0.115	0.09	0.1	0.075	0.05	0.08	0.04	0.045	0.105
0.06	0.12	0.105	0.14	0.085	0.075	0.09	0.035	0.045	0.045	0.025	0.175
0.095	0.085	0.19	0.12	0.12	0.045	0.065	0.06	0.04	0.03	0.025	0.125
0.07	0.135	0.145	0.095	0.1	0.11	0.07	0.07	0.035	0.02	0.035	0.115
0.045	0.12	0.155	0.12	0.09	0.055	0.1	0.055	0.05	0.05	0.07	0.09
0.055	0.12	0.15	0.215	0.07	0.085	0.065	0.045	0.03	0.03	0.015	0.12
0.055	0.155	0.11	0.115	0.15	0.1	0.08	0.025	0.065	0.01	0.02	0.115
0.06	0.15	0.11	0.13	0.105	0.135	0.04	0.075	0.05	0.025	0.045	0.075
0.105	0.135	0.18	0.155	0.085	0.075	0.06	0.06	0.035	0.02	0.025	0.065
0.105	0.1	0.145	0.11	0.1	0.09	0.07	0.09	0.02	0.035	0.015	0.12
0.1	0.12	0.135	0.135	0.1	0.115	0.055	0.035	0.035	0.02	0.03	0.12
0.095	0.125	0.21	0.095	0.095	0.065	0.105	0.02	0.045	0.055	0.025	0.065
0.115	0.1	0.16	0.16	0.115	0.11	0.035	0.06	0.035	0.015	0.03	0.065
0.07	0.195	0.155	0.16	0.11	0.075	0.055	0.035	0.04	0.025	0.02	0.06
0.155	0.145	0.18	0.135	0.1	0.135	0.055	0.045	0.005	0.01	0.01	0.025
0.11	0.245	0.11	0.135	0.115	0.09	0.05	0.025	0.04	0.025	0.015	0.04
0.13	0.16	0.24	0.085	0.115	0.05	0.05	0.03	0.05	0.035	0.005	0.05
0.18	0.16	0.14	0.195	0.065	0.035	0.05	0.04	0.04	0.035	0.03	0.03
0.11	0.23	0.145	0.165	0.17	0.035	0.045	0.035	0.015	0.015	0.02	0.015
0.155	0.155	0.29	0.12	0.095	0.04	0.03	0.03	0.025	0.01	0.005	0.045
0.11	0.225	0.125	0.26	0.09	0.085	0.025	0.015	0.015	0.015	0.025	0.01
0.195	0.14	0.18	0.16	0.19	0.025	0.025	0.035	0	0.015	0.01	0.025
0.145	0.295	0.12	0.195	0.06	0.08	0.035	0.035	0.02	0.005	0	0.01
0.115	0.23	0.225	0.105	0.12	0.065	0.1	0.01	0.005	0.015	0	0.01
0.17	0.17	0.245	0.205	0.065	0.045	0.02	0.05	0.015	0.01	0	0.005
0.125	0.205	0.24	0.165	0.105	0.075	0.045	0	0.02	0.005	0.005	0.01
0.17	0.2	0.255	0.145	0.13	0.06	0.01	0.02	0	0.005	0.005	0
0.18	0.255	0.23	0.135	0.095	0.035	0.035	0.01	0.02	0	0.005	0
#wt_age_fsh	1 2	3	4	5	6	7	8	9	10	11						
0.000530656	0.001196328	0.002058265	0.003034987	0.004055212	0.005064698	0.006026226	0.006916921	0.007724891	0.008446113	0.009081853	0.009636695
0.000530656	0.001196328	0.002058265	0.003034987	0.004055212	0.005064698	0.006026226	0.006916921	0.007724891	0.008446113	0.009081853	0.009636695
0.000530656	0.001196328	0.002058265	0.003034987	0.004055212	0.005064698	0.006026226	0.006916921	0.007724891	0.008446113	0.009081853	0.009636695
0.000530656	0.001196328	0.002058265	0.003034987	0.004055212	0.005064698	0.006026226	0.006916921	0.007724891	0.008446113	0.009081853	0.009636695
0.000530656	0.001196328	0.002058265	0.003034987	0.004055212	0.005064698	0.006026226	0.006916921	0.007724891	0.008446113	0.009081853	0.009636695
0.000530656	0.001196328	0.002058265	0.003034987	0.004055212	0.005064698	0.006026226	0.006916921	0.007724891	0.008446113	0.009081853	0.009636695
0.000530656	0.001196328	0.002058265	0.003034987	0.004055212	0.005064698	0.006026226	0.006916921	0.007724891	0.008446113	0.009081853	0.009636695
0.000530656	0.001196328	0.002058265	0.003034987	0.004055212	0.005064698	0.006026226	0.006916921	0.007724891	0.008446113	0.009081853	0.009636695
0.000530656	0.001196328	0.002058265	0.003034987	0.004055212	0.005064698	0.006026226	0.006916921	0.007724891	0.008446113	0.009081853	0.009636695
0.000530656	0.001196328	0.002058265	0.003034987	0.004055212	0.005064698	0.006026226	0.006916921	0.007724891	0.008446113	0.009081853	0.009636695
0.000530656	0.001196328	0.002058265	0.003034987	0.004055212	0.005064698	0.006026226	0.006916921	0.007724891	0.008446113	0.009081853	0.009636695
0.000530656	0.001196328	0.002058265	0.003034987	0.004055212	0.005064698	0.006026226	0.006916921	0.007724891	0.008446113	0.009081853	0.009636695
0.000530656	0.001196328	0.002058265	0.003034987	0.004055212	0.005064698	0.006026226	0.006916921	0.007724891	0.008446113	0.009081853	0.009636695
0.000530656	0.001196328	0.002058265	0.003034987	0.004055212	0.005064698	0.006026226	0.006916921	0.007724891	0.008446113	0.009081853	0.009636695
0.000530656	0.001196328	0.002058265	0.003034987	0.004055212	0.005064698	0.006026226	0.006916921	0.007724891	0.008446113	0.009081853	0.009636695
0.000530656	0.001196328	0.002058265	0.003034987	0.004055212	0.005064698	0.006026226	0.006916921	0.007724891	0.008446113	0.009081853	0.009636695
0.000530656	0.001196328	0.002058265	0.003034987	0.004055212	0.005064698	0.006026226	0.006916921	0.007724891	0.008446113	0.009081853	0.009636695
0.000530656	0.001196328	0.002058265	0.003034987	0.004055212	0.005064698	0.006026226	0.006916921	0.007724891	0.008446113	0.009081853	0.009636695
0.000530656	0.001196328	0.002058265	0.003034987	0.004055212	0.005064698	0.006026226	0.006916921	0.007724891	0.008446113	0.009081853	0.009636695
0.000530656	0.001196328	0.002058265	0.003034987	0.004055212	0.005064698	0.006026226	0.006916921	0.007724891	0.008446113	0.009081853	0.009636695
0.000530656	0.001196328	0.002058265	0.003034987	0.004055212	0.005064698	0.006026226	0.006916921	0.007724891	0.008446113	0.009081853	0.009636695
0.000530656	0.001196328	0.002058265	0.003034987	0.004055212	0.005064698	0.006026226	0.006916921	0.007724891	0.008446113	0.009081853	0.009636695
0.000530656	0.001196328	0.002058265	0.003034987	0.004055212	0.005064698	0.006026226	0.006916921	0.007724891	0.008446113	0.009081853	0.009636695
0.000530656	0.001196328	0.002058265	0.003034987	0.004055212	0.005064698	0.006026226	0.006916921	0.007724891	0.008446113	0.009081853	0.009636695
0.000530656	0.001196328	0.002058265	0.003034987	0.004055212	0.005064698	0.006026226	0.006916921	0.007724891	0.008446113	0.009081853	0.009636695
0.000530656	0.001196328	0.002058265	0.003034987	0.004055212	0.005064698	0.006026226	0.006916921	0.007724891	0.008446113	0.009081853	0.009636695
0.000530656	0.001196328	0.002058265	0.003034987	0.004055212	0.005064698	0.006026226	0.006916921	0.007724891	0.008446113	0.009081853	0.009636695
0.000530656	0.001196328	0.002058265	0.003034987	0.004055212	0.005064698	0.006026226	0.006916921	0.007724891	0.008446113	0.009081853	0.009636695
0.000530656	0.001196328	0.002058265	0.003034987	0.004055212	0.005064698	0.006026226	0.006916921	0.007724891	0.008446113	0.009081853	0.009636695
0.000530656	0.001196328	0.002058265	0.003034987	0.004055212	0.005064698	0.006026226	0.006916921	0.007724891	0.008446113	0.009081853	0.009636695
#nind
1
#ind_names									
SURVEY1									
#nobs_ind
30
#yrs_ind											
1	2	3	4	5	6	7	8	9	10	11	12	13	14	15	16	17	18	19	20	21	22	23	24	25	26	27	28	29	30	
#month_ind										
1															
#biom_ind											
1.72056990600807	1.52197504354576	1.52216802774569	1.48849256735134	1.40448846975245	1.52223782406608	1.68101688670914	1.34269636188399	1.07241912836781	1.34359013319518	1.56853141175525	1.17109319353015	1.06320004167435	1.21186752091815	0.916807119525692	0.837459768181476	0.981703107463385	0.794971464601061	0.777313060558122	0.790839080973049	0.902152255785459	0.757416143936742	0.663612535559667	0.636691582287896	0.506543663130588	0.589401191587897	0.678787994631446	0.703880275915134	0.539024417947701	0.650921179958301
#biom_cv																
0.344113981201614	0.304395008709153	0.304433605549138	0.297698513470268	0.280897693950489	0.304447564813217	0.336203377341827	0.268539272376798	0.214483825673562	0.268718026639036	0.313706282351051	0.234218638706031	0.21264000833487	0.242373504183631	0.183361423905138	0.167491953636295	0.196340621492677	0.158994292920212	0.155462612111624	0.15816781619461	0.180430451157092	0.151483228787348	0.132722507111934	0.127338316457579	0.101308732626118	0.11788023831758	0.135757598926289	0.140776055183027	0.10780488358954	0.13018423599166
#n_ages_ind															
30			
#n_lengths_ind															
0															
#yrs_ages_ind															
1	2	3	4	5	6	7	8	9	10	11	12	13	14	15	16	17	18	19	20	21	22	23	24	25	26	27	28	29	30	
#sample_ages_ind					
200	200	200	200	200	200	200	200	200	200	200	200	200	200	200	200	200	200	200	200	200	200	200	200	200	200	200	200	200	200
#page_ind						
0.065	0.18	0.115	0.12	0.045	0.09	0.055	0.075	0.035	0.055	0.03	0.135
0.075	0.105	0.205	0.085	0.12	0.07	0.09	0.03	0.03	0.03	0.02	0.14
0.03	0.075	0.16	0.145	0.075	0.145	0.065	0.045	0.05	0.035	0.055	0.12
0.05	0.18	0.105	0.105	0.095	0.065	0.08	0.07	0.025	0.03	0.03	0.165
0.13	0.145	0.15	0.095	0.1	0.09	0.06	0.045	0.035	0.05	0.005	0.095
0.045	0.245	0.125	0.125	0.06	0.085	0.055	0.065	0.03	0.03	0.025	0.11
0.06	0.125	0.265	0.11	0.115	0.06	0.055	0.045	0.04	0.015	0.03	0.08
0.075	0.155	0.145	0.175	0.065	0.04	0.09	0.05	0.04	0.035	0.02	0.11
0.075	0.16	0.125	0.095	0.125	0.07	0.08	0.065	0.04	0.025	0.015	0.125
0.065	0.165	0.21	0.1	0.085	0.14	0.035	0.035	0.025	0.02	0.02	0.1
0.055	0.205	0.18	0.115	0.105	0.065	0.08	0.025	0.035	0.025	0.025	0.085
0.13	0.19	0.17	0.135	0.08	0.07	0.04	0.04	0.015	0.025	0.02	0.085
0.08	0.215	0.165	0.145	0.075	0.08	0.055	0.02	0.05	0.02	0.015	0.08
0.08	0.205	0.205	0.095	0.09	0.075	0.08	0.025	0.02	0.03	0.01	0.085
0.1	0.14	0.22	0.135	0.1	0.075	0.065	0.04	0.02	0.035	0.025	0.045
0.075	0.225	0.135	0.155	0.105	0.06	0.055	0.055	0.03	0.02	0.02	0.065
0.18	0.125	0.175	0.12	0.13	0.085	0.05	0.05	0.02	0.03	0.01	0.025
0.12	0.29	0.125	0.12	0.11	0.075	0.04	0.04	0.01	0.005	0.02	0.045
0.09	0.17	0.28	0.07	0.1	0.065	0.065	0.035	0.025	0.015	0.03	0.055
0.19	0.165	0.215	0.125	0.06	0.095	0.05	0.02	0.015	0.01	0.01	0.045
0.055	0.355	0.175	0.15	0.085	0.055	0.04	0.01	0.01	0.02	0.01	0.035
0.125	0.17	0.33	0.095	0.09	0.085	0.035	0.035	0.01	0.01	0.005	0.01
0.1	0.255	0.15	0.225	0.09	0.06	0.045	0.025	0.01	0.005	0.02	0.015
0.155	0.17	0.33	0.095	0.145	0.03	0.02	0.035	0	0.005	0	0.015
0.185	0.265	0.11	0.195	0.06	0.08	0.05	0.02	0.01	0	0.005	0.02
0.125	0.275	0.23	0.12	0.095	0.055	0.07	0.005	0.02	0	0	0.005
0.095	0.23	0.23	0.185	0.09	0.065	0.025	0.04	0.015	0.005	0.01	0.01
0.04	0.3	0.24	0.15	0.14	0.025	0.04	0.04	0.015	0	0	0.01
0.125	0.195	0.315	0.155	0.095	0.035	0.04	0.015	0.005	0.01	0	0.01
0.135	0.34	0.145	0.16	0.105	0.065	0.02	0.005	0.005	0.01	0.01	0
#wt_age_ind						
1 1 1 1 1 1 1 1 1 1 1 1 
1 1 1 1 1 1 1 1 1 1 1 1 
1 1 1 1 1 1 1 1 1 1 1 1 
1 1 1 1 1 1 1 1 1 1 1 1 
1 1 1 1 1 1 1 1 1 1 1 1 
1 1 1 1 1 1 1 1 1 1 1 1 
1 1 1 1 1 1 1 1 1 1 1 1 
1 1 1 1 1 1 1 1 1 1 1 1 
1 1 1 1 1 1 1 1 1 1 1 1 
1 1 1 1 1 1 1 1 1 1 1 1 
1 1 1 1 1 1 1 1 1 1 1 1 
1 1 1 1 1 1 1 1 1 1 1 1 
1 1 1 1 1 1 1 1 1 1 1 1 
1 1 1 1 1 1 1 1 1 1 1 1 
1 1 1 1 1 1 1 1 1 1 1 1 
1 1 1 1 1 1 1 1 1 1 1 1 
1 1 1 1 1 1 1 1 1 1 1 1 
1 1 1 1 1 1 1 1 1 1 1 1 
1 1 1 1 1 1 1 1 1 1 1 1 
1 1 1 1 1 1 1 1 1 1 1 1 
1 1 1 1 1 1 1 1 1 1 1 1 
1 1 1 1 1 1 1 1 1 1 1 1 
1 1 1 1 1 1 1 1 1 1 1 1 
1 1 1 1 1 1 1 1 1 1 1 1 
1 1 1 1 1 1 1 1 1 1 1 1 
1 1 1 1 1 1 1 1 1 1 1 1 
1 1 1 1 1 1 1 1 1 1 1 1 
1 1 1 1 1 1 1 1 1 1 1 1 
1 1 1 1 1 1 1 1 1 1 1 1 
1 1 1 1 1 1 1 1 1 1 1 1 
# wt_pop
0.000530656	0.001196328	0.002058265	0.003034987	0.004055212	0.005064698	0.006026226	0.006916921	0.007724891	0.008446113	0.009081853	0.009636695
#maturity
0.02297737 0.32082130 0.90465054 0.99477987 0.99973881 0.99998699 0.99999935 0.99999997 1 1 1 1
#spmonth						
1		
#age_err						
1	0	0	0	0	0	0	0	0	0	0	0
0	1	0	0	0	0	0	0	0	0	0	0
0	0	1	0	0	0	0	0	0	0	0	0
0	0	0	1	0	0	0	0	0	0	0	0
0	0	0	0	1	0	0	0	0	0	0	0
0	0	0	0	0	1	0	0	0	0	0	0
0	0	0	0	0	0	1	0	0	0	0	0
0	0	0	0	0	0	0	1	0	0	0	0
0	0	0	0	0	0	0	0	1	0	0	0
0	0	0	0	0	0	0	0	0	1	0	0
0	0	0	0	0	0	0	0	0	0	1	0
0	0	0	0	0	0	0	0	0	0	0	1																														
