#######GENERAL HEADER INPUT#######
1
30
1
30
1
30
30
12
1	2	3	4	5	6	7	8	9	10	11	12
12
1	2	3	4	5	6	7	8	9	10	11	12
1
1001
1
1
#######SURVEY DATA#######
30
1	2	3	4	5	6	7	8	9	10	11	12	13	14	15	16	17	18	19	20	21	22	23	24	25	26	27	28	29	30
1.28563432996409	1.6005821281276	1.44836897875712	1.49701105600688	1.55268449128175	1.85605324134881	1.27848405962103	1.48322749420718	1.20160555864427	1.18146080204401	1.17579824527348	0.873447050651917	1.04888541142644	1.17707147597866	1.07741974217937	0.97586341488406	0.981831684194529	0.807936520695104	0.658118744801398	0.905920127961937	0.710313146621108	0.711009837646294	0.685821751998142	0.701208083254144	0.644554178504762	0.71037739779622	0.748381867130412	0.598908368915977	0.606444112725526	0.529310501907823
0.2	0.2	0.2	0.2	0.2	0.2	0.2	0.2	0.2	0.2	0.2	0.2	0.2	0.2	0.2	0.2	0.2	0.2	0.2	0.2	0.2	0.2	0.2	0.2	0.2	0.2	0.2	0.2	0.2	0.2
30
1	2	3	4	5	6	7	8	9	10	11	12	13	14	15	16	17	18	19	20	21	22	23	24	25	26	27	28	29	30
200	200	200	200	200	200	200	200	200	200	200	200	200	200	200	200	200	200	200	200	200	200	200	200	200	200	200	200	200	200
200	200	200	200	200	200	200	200	200	200	200	200	200	200	200	200	200	200	200	200	200	200	200	200	200	200	200	200	200	200
0.085	0.125	0.135	0.12	0.11	0.07	0.085	0.04	0.025	0.03	0.025	0.15
0.045	0.155	0.195	0.135	0.09	0.03	0.065	0.04	0.05	0.02	0.035	0.14
0.085	0.165	0.11	0.12	0.07	0.1	0.065	0.04	0.08	0.04	0.045	0.08
0.045	0.19	0.15	0.095	0.06	0.055	0.09	0.065	0.075	0.04	0.01	0.125
0.125	0.145	0.16	0.095	0.095	0.07	0.085	0.035	0.02	0.045	0.03	0.095
0.09	0.225	0.145	0.105	0.075	0.065	0.07	0.03	0.035	0.015	0.025	0.12
0.055	0.125	0.205	0.18	0.11	0.08	0.03	0.05	0.03	0.03	0.02	0.085
0.07	0.18	0.145	0.15	0.13	0.075	0.055	0.035	0.045	0.025	0.005	0.085
0.08	0.15	0.15	0.155	0.13	0.06	0.045	0.03	0.03	0.025	0.04	0.105
0.075	0.17	0.16	0.135	0.115	0.12	0.055	0.035	0.025	0.015	0.015	0.08
0.075	0.14	0.175	0.115	0.09	0.065	0.1	0.06	0.025	0.025	0.025	0.105
0.035	0.215	0.18	0.165	0.08	0.05	0.09	0.055	0.03	0.025	0	0.075
0.125	0.17	0.16	0.14	0.09	0.04	0.065	0.04	0.05	0.015	0.02	0.085
0.06	0.215	0.13	0.17	0.08	0.075	0.07	0.035	0.04	0.035	0.015	0.075
0.105	0.145	0.265	0.105	0.095	0.08	0.03	0.04	0.02	0.02	0.02	0.075
0.08	0.175	0.135	0.215	0.065	0.085	0.055	0.075	0.03	0.01	0.005	0.07
0.085	0.165	0.22	0.11	0.135	0.055	0.04	0.06	0.04	0.015	0.005	0.07
0.105	0.275	0.125	0.125	0.105	0.115	0.03	0.045	0.025	0.015	0	0.035
0.085	0.245	0.22	0.135	0.09	0.05	0.08	0.005	0.025	0.01	0.01	0.045
0.135	0.18	0.175	0.175	0.075	0.07	0.045	0.055	0.015	0.015	0.02	0.04
0.11	0.3	0.15	0.14	0.13	0.025	0.03	0.015	0.035	0.02	0.02	0.025
0.11	0.235	0.285	0.115	0.075	0.06	0.035	0.035	0.015	0.015	0.005	0.015
0.09	0.27	0.16	0.17	0.085	0.07	0.07	0.02	0.005	0.005	0.02	0.035
0.105	0.185	0.26	0.14	0.13	0.07	0.05	0.025	0.01	0.01	0	0.015
0.185	0.21	0.165	0.175	0.09	0.11	0.025	0.015	0.02	0	0	0.005
0.085	0.335	0.28	0.11	0.07	0.06	0.02	0.01	0	0.005	0.005	0.02
0.115	0.22	0.31	0.095	0.07	0.05	0.06	0.015	0.045	0	0.005	0.015
0.105	0.245	0.16	0.245	0.085	0.05	0.05	0.03	0.02	0.005	0.005	0
0.14	0.175	0.3	0.125	0.17	0.04	0.005	0.02	0.01	0.005	0.005	0.005
0.105	0.32	0.23	0.095	0.07	0.11	0.005	0.03	0.005	0.01	0.01	0.01
#######LANDINGS DATA#######
1
30
162.212349225389	459.066036156375	747.224854856685	971.236943378117	757.223644692023	1319.50590344196	1285.49328560956	2467.37525312585	1316.96646115513	1501.9698761331	1549.47826452955	1548.23194267336	1059.36834758307	1478.1895511576	1476.32597164793	1246.35183979312	2135.92393925894	1517.10324120712	1350.31988479125	1249.33317417166	1625.43077561378	1130.72765449443	1740.11132033419	1284.64288226996	1217.63971876	1090.81991290771	1079.28994659636	1414.40006754975	1002.58100244369	1400.40496328993
0.01	0.01	0.01	0.01	0.01	0.01	0.01	0.01	0.01	0.01	0.01	0.01	0.01	0.01	0.01	0.01	0.01	0.01	0.01	0.01	0.01	0.01	0.01	0.01	0.01	0.01	0.01	0.01	0.01	0.01
30
1	2	3	4	5	6	7	8	9	10	11	12	13	14	15	16	17	18	19	20	21	22	23	24	25	26	27	28	29	30
200	200	200	200	200	200	200	200	200	200	200	200	200	200	200	200	200	200	200	200	200	200	200	200	200	200	200	200	200	200
200	200	200	200	200	200	200	200	200	200	200	200	200	200	200	200	200	200	200	200	200	200	200	200	200	200	200	200	200	200
0.045	0.155	0.12	0.125	0.095	0.07	0.075	0.04	0.04	0.03	0.045	0.16
0.055	0.105	0.19	0.135	0.13	0.07	0.05	0.045	0.045	0.015	0.03	0.13
0.115	0.095	0.13	0.085	0.115	0.09	0.09	0.055	0.045	0.015	0.035	0.13
0.065	0.115	0.13	0.12	0.11	0.1	0.08	0.045	0.01	0.04	0.05	0.135
0.12	0.11	0.09	0.11	0.13	0.065	0.065	0.08	0.02	0.055	0.03	0.125
0.085	0.14	0.12	0.155	0.095	0.08	0.07	0.06	0.04	0.015	0.045	0.095
0.07	0.075	0.205	0.11	0.095	0.07	0.085	0.045	0.035	0.02	0.025	0.165
0.05	0.105	0.14	0.145	0.11	0.08	0.06	0.055	0.06	0.02	0.03	0.145
0.075	0.155	0.13	0.155	0.09	0.08	0.06	0.045	0.04	0.035	0.015	0.12
0.065	0.155	0.12	0.135	0.115	0.095	0.065	0.07	0.02	0.01	0.02	0.13
0.08	0.13	0.135	0.115	0.115	0.09	0.075	0.06	0.025	0.045	0.01	0.12
0.085	0.155	0.16	0.15	0.095	0.06	0.075	0.095	0.02	0.025	0.015	0.065
0.145	0.15	0.17	0.12	0.1	0.075	0.05	0.055	0.04	0.03	0.015	0.05
0.07	0.205	0.14	0.175	0.11	0.095	0.04	0.035	0.035	0.03	0.025	0.04
0.07	0.135	0.26	0.135	0.09	0.07	0.07	0.03	0.03	0.02	0.02	0.07
0.04	0.11	0.155	0.225	0.1	0.115	0.055	0.06	0.035	0.015	0.015	0.075
0.175	0.11	0.175	0.08	0.17	0.075	0.05	0.06	0.015	0.015	0.005	0.07
0.11	0.22	0.13	0.135	0.07	0.13	0.025	0.035	0.035	0.03	0.02	0.06
0.115	0.155	0.245	0.095	0.09	0.065	0.1	0.04	0.025	0.015	0.01	0.045
0.16	0.18	0.16	0.22	0.09	0.07	0.035	0.035	0.02	0.015	0.015	0
0.135	0.21	0.19	0.11	0.105	0.045	0.07	0.05	0.035	0.01	0.015	0.025
0.15	0.16	0.245	0.18	0.085	0.075	0.04	0.015	0.005	0.02	0.005	0.02
0.15	0.15	0.26	0.165	0.11	0.06	0.02	0.035	0.015	0.01	0	0.025
0.18	0.165	0.18	0.135	0.165	0.055	0.045	0.03	0.01	0.01	0	0.025
0.225	0.21	0.15	0.155	0.085	0.06	0.04	0.02	0.005	0.015	0.01	0.025
0.095	0.26	0.215	0.125	0.115	0.04	0.07	0.045	0.01	0.01	0	0.015
0.115	0.115	0.355	0.135	0.095	0.055	0.055	0.025	0.03	0.005	0	0.015
0.14	0.165	0.195	0.195	0.125	0.055	0.05	0.02	0.04	0.01	0	0.005
0.195	0.18	0.22	0.16	0.13	0.035	0.025	0.025	0.01	0.015	0	0.005
0.17	0.235	0.2	0.165	0.055	0.07	0.065	0.005	0.01	0.015	0.01	0
#######PARAMETER SECTION#######
800	400	1200	-4	800	-0.25	1
0.18	0.01	1	-4	0.18	-0.25	1
-1.36	-5	-0.001	-4	-1.36	-0.25	1
0.1	0.05	0.3	-4	0.1	-0.25	1
0.2	0.01	0.5	-4	0.2	-0.25	1
0.75	0.20001	1	-3	0.75	-0.25	1
13.815511	-1	200	1	13.815511	-0.25	1
0	-1	1	-4	0	-0.25	1
0.2	1e-04	1.2	-3	0.2	-0.25	1
0	-10	10	-6	0	-1	1
0	-10	10	-6	0	-1	1
2	0	12	2	2	-0.5	1
1	0	12	2	1	-0.5	1
2	0	12	-2	2	-0.5	1
1	0	12	-2	1	-0.5	1
1.5	0	12	2	1.5	-0.5	1
2	0	12	2	2	-0.5	1
-14.8839192355535	-30	5	1	-14.8839192355535	-1	1
1	0.1	2	-1	1	-1	1
-1.54399197800355	-10	1.39	1	-1.54399197800355	-1	1
#######DEV CONSTRAINTS and DEVS#######
-15	15	2
-15	15	2
-15	15	2
0	0	0	0	0	0	0	0	0	0	0	0	0	0	0	0	0	0	0	0	0	0	0	0	0	0	0	0	0	0
0	0	0	0	0	0	0	0	0	0	0	0	0	0	0	0	0	0	0	0	0	0	0	0	0	0	0	0	0	0
0	0	0	0	0	0	0	0	0	0	0
#######LIKELIHOOD WEIGHTS#######
1
1
1
1
0
1
0
0
0
#######MISCELLANEOUS STUFF SECTION#######
2.5e-08
3
0.5	0.5	0.5	0.5	0.5	0.5	0.5	0.5	0.5	0.5	0.5	0.5
0.0229773699100256	0.320821300824607	0.904650535100891	0.994779874306442	0.999738809680904	0.999986992871533	0.999999352405202	0.999999967758134	0.999999998394772	0.99999999992008	0.999999999996021	0.999999999999802
0.2	0.2	0.2	0.2	0.2	0.2	0.2	0.2	0.2	0.2	0.2	0.2
0
1
10
0.2
1
1	0	0	0	0	0	0	0	0	0	0	0
0	1	0	0	0	0	0	0	0	0	0	0
0	0	1	0	0	0	0	0	0	0	0	0
0	0	0	1	0	0	0	0	0	0	0	0
0	0	0	0	1	0	0	0	0	0	0	0
0	0	0	0	0	1	0	0	0	0	0	0
0	0	0	0	0	0	1	0	0	0	0	0
0	0	0	0	0	0	0	1	0	0	0	0
0	0	0	0	0	0	0	0	1	0	0	0
0	0	0	0	0	0	0	0	0	1	0	0
0	0	0	0	0	0	0	0	0	0	1	0
0	0	0	0	0	0	0	0	0	0	0	1
40
31
2
1
#######END OF DATA FILE#######
999
