#######GENERAL HEADER INPUT#######
1
30
1
30
1
30
30
12
1	2	3	4	5	6	7	8	9	10	11	12
12
1	2	3	4	5	6	7	8	9	10	11	12
1
1001
1
1
#######SURVEY DATA#######
30
1	2	3	4	5	6	7	8	9	10	11	12	13	14	15	16	17	18	19	20	21	22	23	24	25	26	27	28	29	30
1.74692386881572	1.65861474461389	1.59765153007704	1.47652981334667	1.45520490699787	1.47448392894438	1.4209297450162	1.30742904907746	1.22059918171327	1.28738042676186	1.19621773867096	1.44709961571916	1.00231796157408	1.1438923202618	1.03137648716611	1.12199111742796	0.902348485807046	0.895650478619389	0.799038374811495	0.738641273083799	0.811791972001217	0.665427814019268	0.661187683577783	0.778896531803076	0.630879958149007	0.438715171474047	0.507436465898891	0.551549296620472	0.585607249803005	0.571430624277074
0.2	0.2	0.2	0.2	0.2	0.2	0.2	0.2	0.2	0.2	0.2	0.2	0.2	0.2	0.2	0.2	0.2	0.2	0.2	0.2	0.2	0.2	0.2	0.2	0.2	0.2	0.2	0.2	0.2	0.2
30
1	2	3	4	5	6	7	8	9	10	11	12	13	14	15	16	17	18	19	20	21	22	23	24	25	26	27	28	29	30
200	200	200	200	200	200	200	200	200	200	200	200	200	200	200	200	200	200	200	200	200	200	200	200	200	200	200	200	200	200
200	200	200	200	200	200	200	200	200	200	200	200	200	200	200	200	200	200	200	200	200	200	200	200	200	200	200	200	200	200
0.045	0.145	0.14	0.14	0.1	0.08	0.07	0.03	0.04	0.025	0.03	0.155
0.09	0.135	0.22	0.14	0.08	0.075	0.035	0.035	0.045	0.01	0.03	0.105
0.055	0.225	0.12	0.065	0.1	0.095	0.07	0.065	0.04	0.045	0.025	0.095
0.07	0.1	0.18	0.105	0.125	0.1	0.065	0.035	0.04	0.03	0.045	0.105
0.04	0.16	0.1	0.15	0.09	0.115	0.095	0.05	0.05	0.035	0.015	0.1
0.075	0.1	0.185	0.095	0.115	0.095	0.08	0.035	0.065	0.01	0.025	0.12
0.075	0.19	0.18	0.135	0.065	0.1	0.045	0.02	0.035	0.035	0.005	0.115
0.115	0.18	0.215	0.1	0.115	0.02	0.05	0.025	0.02	0.035	0.01	0.115
0.085	0.155	0.195	0.175	0.1	0.07	0.03	0.025	0.04	0.015	0.02	0.09
0.125	0.13	0.22	0.15	0.11	0.055	0.05	0.015	0.03	0.02	0.005	0.09
0.095	0.135	0.155	0.15	0.12	0.07	0.065	0.07	0.04	0.02	0.01	0.07
0.045	0.21	0.185	0.12	0.08	0.105	0.09	0.02	0.045	0.005	0.01	0.085
0.075	0.18	0.2	0.195	0.075	0.055	0.05	0.045	0.015	0.05	0.005	0.055
0.105	0.225	0.175	0.13	0.085	0.055	0.06	0.03	0.045	0.02	0.025	0.045
0.115	0.135	0.185	0.18	0.14	0.08	0.045	0.02	0.045	0.015	0.01	0.03
0.115	0.115	0.175	0.19	0.115	0.11	0.05	0.02	0.03	0.015	0.01	0.055
0.055	0.245	0.185	0.12	0.155	0.04	0.055	0.025	0.025	0.04	0.015	0.04
0.07	0.16	0.245	0.15	0.095	0.105	0.055	0.055	0.015	0	0.01	0.04
0.095	0.28	0.13	0.165	0.12	0.07	0.06	0.005	0.01	0.025	0.005	0.035
0.15	0.205	0.185	0.14	0.13	0.035	0.02	0.05	0.015	0.03	0.01	0.03
0.105	0.27	0.195	0.16	0.09	0.06	0.005	0.06	0.01	0.015	0.005	0.025
0.125	0.23	0.25	0.105	0.08	0.04	0.065	0.05	0.02	0	0.01	0.025
0.1	0.23	0.165	0.2	0.065	0.08	0.01	0.04	0.045	0.02	0.01	0.035
0.085	0.285	0.235	0.085	0.125	0.045	0.07	0.01	0.015	0.025	0.005	0.015
0.12	0.205	0.26	0.13	0.11	0.08	0.02	0.01	0.015	0.03	0.01	0.01
0.035	0.275	0.28	0.18	0.055	0.07	0.025	0.015	0.02	0.01	0.025	0.01
0.085	0.2	0.225	0.185	0.09	0.07	0.045	0.02	0.03	0.02	0.005	0.025
0.16	0.305	0.105	0.145	0.12	0.07	0.045	0.015	0.005	0.015	0.01	0.005
0.125	0.34	0.2	0.1	0.09	0.085	0.02	0.01	0.005	0.015	0	0.01
0.12	0.325	0.275	0.105	0.06	0.055	0.025	0.01	0.015	0	0.01	0
#######LANDINGS DATA#######
1
30
159.577367527281	459.747703378916	744.712734211908	959.49564011668	730.340756517127	1270.13733913078	1212.60681301036	2328.18258954163	1249.16270716876	1439.48508987952	1530.43120817789	1511.20049835338	1052.59123246363	1473.36656854029	1454.20604488752	1242.88801464204	2206.19331491085	1584.65286870787	1423.91838970139	1318.93420448953	1683.45067139473	1119.19492739454	1704.55345560433	1253.83806092771	1192.79460260281	1022.48364892971	963.807889546379	1245.17422380565	899.475091630203	1331.60580611864
0.01	0.01	0.01	0.01	0.01	0.01	0.01	0.01	0.01	0.01	0.01	0.01	0.01	0.01	0.01	0.01	0.01	0.01	0.01	0.01	0.01	0.01	0.01	0.01	0.01	0.01	0.01	0.01	0.01	0.01
30
1	2	3	4	5	6	7	8	9	10	11	12	13	14	15	16	17	18	19	20	21	22	23	24	25	26	27	28	29	30
200	200	200	200	200	200	200	200	200	200	200	200	200	200	200	200	200	200	200	200	200	200	200	200	200	200	200	200	200	200
200	200	200	200	200	200	200	200	200	200	200	200	200	200	200	200	200	200	200	200	200	200	200	200	200	200	200	200	200	200
0.07	0.11	0.105	0.09	0.115	0.115	0.125	0.045	0.025	0.025	0.045	0.13
0.085	0.05	0.125	0.11	0.13	0.06	0.065	0.07	0.05	0.045	0.045	0.165
0.035	0.12	0.165	0.105	0.125	0.09	0.055	0.05	0.055	0.035	0.035	0.13
0.07	0.05	0.135	0.1	0.115	0.09	0.105	0.055	0.06	0.025	0.025	0.17
0.045	0.135	0.1	0.155	0.075	0.11	0.045	0.085	0.035	0.055	0.035	0.125
0.08	0.05	0.155	0.14	0.09	0.08	0.08	0.07	0.06	0.045	0.04	0.11
0.115	0.13	0.105	0.09	0.11	0.075	0.08	0.035	0.045	0.06	0.02	0.135
0.075	0.165	0.165	0.125	0.11	0.05	0.065	0.04	0.05	0.03	0.02	0.105
0.075	0.14	0.195	0.115	0.105	0.075	0.07	0.05	0.03	0.03	0.03	0.085
0.115	0.115	0.195	0.11	0.09	0.07	0.075	0.07	0.025	0.02	0.01	0.105
0.12	0.15	0.145	0.14	0.11	0.065	0.06	0.025	0.015	0.035	0.04	0.095
0.08	0.135	0.18	0.13	0.125	0.07	0.055	0.03	0.03	0.04	0.015	0.11
0.13	0.07	0.2	0.135	0.125	0.075	0.065	0.08	0.04	0.02	0.015	0.045
0.065	0.175	0.155	0.185	0.09	0.1	0.05	0.045	0.015	0.015	0.04	0.065
0.11	0.08	0.13	0.11	0.165	0.09	0.06	0.04	0.05	0.035	0.025	0.105
0.15	0.175	0.125	0.14	0.125	0.095	0.045	0.01	0.03	0.04	0.025	0.04
0.065	0.225	0.15	0.105	0.115	0.065	0.07	0.06	0.005	0.03	0.04	0.07
0.11	0.115	0.165	0.18	0.125	0.085	0.04	0.055	0.025	0.015	0.02	0.065
0.1	0.185	0.2	0.145	0.065	0.06	0.12	0.03	0.045	0.015	0.005	0.03
0.14	0.17	0.21	0.12	0.125	0.04	0.05	0.035	0.025	0.02	0.015	0.05
0.145	0.22	0.125	0.17	0.08	0.105	0.035	0.04	0.02	0.01	0.01	0.04
0.12	0.2	0.22	0.155	0.1	0.03	0.07	0.035	0.01	0.02	0.01	0.03
0.175	0.15	0.125	0.27	0.125	0.045	0.025	0.02	0.015	0.015	0.01	0.025
0.14	0.195	0.22	0.13	0.11	0.045	0.04	0.04	0.035	0.005	0.01	0.03
0.125	0.2	0.25	0.125	0.1	0.085	0.04	0.02	0.01	0.02	0.015	0.01
0.13	0.22	0.19	0.18	0.09	0.06	0.06	0.02	0.03	0	0.005	0.015
0.14	0.14	0.21	0.185	0.11	0.09	0.045	0.05	0.015	0.01	0	0.005
0.23	0.205	0.11	0.12	0.115	0.11	0.04	0.03	0.025	0.01	0	0.005
0.225	0.255	0.135	0.135	0.12	0.05	0.045	0.005	0.025	0	0.005	0
0.1	0.245	0.325	0.11	0.07	0.045	0.035	0.03	0.015	0.015	0.01	0
#######PARAMETER SECTION#######
800	400	1200	-4	800	-0.25	1
0.18	0.01	1	-4	0.18	-0.25	1
-1.36	-5	-0.001	-4	-1.36	-0.25	1
0.1	0.05	0.3	-4	0.1	-0.25	1
0.2	0.01	0.5	-4	0.2	-0.25	1
0.75	0.20001	1	-3	0.75	-0.25	1
13.815511	-1	200	1	13.815511	-0.25	1
0	-1	1	-4	0	-0.25	1
0.2	1e-04	1.2	-3	0.2	-0.25	1
0	-10	10	-6	0	-1	1
0	-10	10	-6	0	-1	1
2	0	12	2	2	-0.5	1
1	0	12	2	1	-0.5	1
2	0	12	-2	2	-0.5	1
1	0	12	-2	1	-0.5	1
1.5	0	12	2	1.5	-0.5	1
2	0	12	2	2	-0.5	1
-14.8614305227485	-30	5	1	-14.8614305227485	-1	1
1	0.1	2	-1	1	-1	1
-1.54399197800355	-10	1.39	1	-1.54399197800355	-1	1
#######DEV CONSTRAINTS and DEVS#######
-15	15	2
-15	15	2
-15	15	2
0	0	0	0	0	0	0	0	0	0	0	0	0	0	0	0	0	0	0	0	0	0	0	0	0	0	0	0	0	0
0	0	0	0	0	0	0	0	0	0	0	0	0	0	0	0	0	0	0	0	0	0	0	0	0	0	0	0	0	0
0	0	0	0	0	0	0	0	0	0	0
#######LIKELIHOOD WEIGHTS#######
1
1
1
1
0
1
0
0
0
#######MISCELLANEOUS STUFF SECTION#######
2.5e-08
3
0.5	0.5	0.5	0.5	0.5	0.5	0.5	0.5	0.5	0.5	0.5	0.5
0.0229773699100256	0.320821300824607	0.904650535100891	0.994779874306442	0.999738809680904	0.999986992871533	0.999999352405202	0.999999967758134	0.999999998394772	0.99999999992008	0.999999999996021	0.999999999999802
0.2	0.2	0.2	0.2	0.2	0.2	0.2	0.2	0.2	0.2	0.2	0.2
0
1
10
0.2
1
1	0	0	0	0	0	0	0	0	0	0	0
0	1	0	0	0	0	0	0	0	0	0	0
0	0	1	0	0	0	0	0	0	0	0	0
0	0	0	1	0	0	0	0	0	0	0	0
0	0	0	0	1	0	0	0	0	0	0	0
0	0	0	0	0	1	0	0	0	0	0	0
0	0	0	0	0	0	1	0	0	0	0	0
0	0	0	0	0	0	0	1	0	0	0	0
0	0	0	0	0	0	0	0	1	0	0	0
0	0	0	0	0	0	0	0	0	1	0	0
0	0	0	0	0	0	0	0	0	0	1	0
0	0	0	0	0	0	0	0	0	0	0	1
40
31
2
1
#######END OF DATA FILE#######
999
