#######GENERAL HEADER INPUT#######
1
30
1
30
1
30
30
12
1	2	3	4	5	6	7	8	9	10	11	12
12
1	2	3	4	5	6	7	8	9	10	11	12
1
1001
1
1
#######SURVEY DATA#######
30
1	2	3	4	5	6	7	8	9	10	11	12	13	14	15	16	17	18	19	20	21	22	23	24	25	26	27	28	29	30
1.5285008287653	1.62909039640983	1.6128126445806	1.49070780762611	1.21963779228226	1.21987626530134	1.2636289098071	1.32508261172509	1.07738441210249	1.11490289121092	1.1774310009516	0.992407578595947	1.06189389929697	1.05979918044298	0.747479978516568	0.87520772603012	0.815162958453622	0.806060965221088	0.806932483298215	0.754615781188262	0.851127135859905	0.751537043175962	0.75747469150709	0.782173602895779	0.688535221655723	0.871049933665319	0.697347298965088	0.517913258349907	0.620266443477975	0.53307557097965
0.2	0.2	0.2	0.2	0.2	0.2	0.2	0.2	0.2	0.2	0.2	0.2	0.2	0.2	0.2	0.2	0.2	0.2	0.2	0.2	0.2	0.2	0.2	0.2	0.2	0.2	0.2	0.2	0.2	0.2
30
1	2	3	4	5	6	7	8	9	10	11	12	13	14	15	16	17	18	19	20	21	22	23	24	25	26	27	28	29	30
200	200	200	200	200	200	200	200	200	200	200	200	200	200	200	200	200	200	200	200	200	200	200	200	200	200	200	200	200	200
200	200	200	200	200	200	200	200	200	200	200	200	200	200	200	200	200	200	200	200	200	200	200	200	200	200	200	200	200	200
0.045	0.15	0.15	0.145	0.1	0.06	0.055	0.06	0.07	0.035	0.025	0.105
0.095	0.12	0.165	0.1	0.095	0.05	0.075	0.07	0.045	0.035	0.03	0.12
0.04	0.18	0.125	0.12	0.095	0.08	0.075	0.045	0.035	0.03	0.025	0.15
0.1	0.115	0.145	0.095	0.095	0.065	0.06	0.05	0.065	0.05	0.03	0.13
0.06	0.16	0.11	0.14	0.065	0.1	0.055	0.06	0.065	0.03	0.03	0.125
0.03	0.13	0.245	0.1	0.1	0.09	0.05	0.035	0.045	0.04	0.035	0.1
0.07	0.14	0.115	0.185	0.055	0.13	0.055	0.04	0.02	0.035	0.015	0.14
0.09	0.2	0.1	0.095	0.14	0.045	0.08	0.035	0.03	0.03	0.045	0.11
0.07	0.15	0.225	0.06	0.055	0.135	0.045	0.06	0.02	0.03	0.02	0.13
0.08	0.15	0.165	0.16	0.05	0.11	0.08	0.02	0.045	0.045	0.03	0.065
0.065	0.175	0.16	0.145	0.14	0.06	0.055	0.065	0.035	0.01	0.025	0.065
0.1	0.165	0.17	0.15	0.11	0.08	0.06	0.005	0.055	0.015	0.02	0.07
0.115	0.19	0.145	0.13	0.1	0.105	0.08	0.015	0.02	0.03	0	0.07
0.115	0.13	0.23	0.15	0.08	0.08	0.08	0.03	0.01	0.03	0.005	0.06
0.08	0.145	0.17	0.17	0.12	0.07	0.085	0.045	0.04	0.01	0.01	0.055
0.095	0.1	0.25	0.11	0.12	0.095	0.055	0.075	0.045	0.015	0.01	0.03
0.095	0.145	0.2	0.145	0.115	0.095	0.045	0.03	0.04	0.035	0.005	0.05
0.155	0.17	0.14	0.155	0.1	0.08	0.1	0.025	0.025	0.015	0.005	0.03
0.07	0.265	0.235	0.12	0.085	0.055	0.055	0.035	0.035	0.015	0.01	0.02
0.16	0.14	0.215	0.115	0.09	0.085	0.1	0.02	0.03	0.01	0.005	0.03
0.14	0.195	0.155	0.205	0.12	0.04	0.04	0.025	0.03	0.005	0.015	0.03
0.09	0.29	0.245	0.125	0.1	0.055	0.025	0.01	0.005	0.015	0.02	0.02
0.12	0.215	0.26	0.16	0.085	0.06	0.01	0.04	0.015	0.01	0.005	0.02
0.185	0.23	0.19	0.165	0.085	0.025	0.03	0.045	0.02	0.005	0.005	0.015
0.13	0.275	0.185	0.095	0.13	0.055	0.03	0.045	0.015	0.015	0.01	0.015
0.085	0.315	0.265	0.085	0.095	0.055	0.05	0.015	0.02	0.01	0	0.005
0.055	0.225	0.29	0.24	0.07	0.035	0.035	0.01	0.015	0.005	0	0.02
0.14	0.185	0.21	0.19	0.11	0.08	0.025	0.015	0.005	0.005	0.02	0.015
0.075	0.31	0.235	0.13	0.105	0.075	0.02	0.01	0.015	0.005	0.01	0.01
0.13	0.2	0.225	0.195	0.09	0.075	0.05	0.02	0.015	0	0	0
#######LANDINGS DATA#######
1
30
159.430818870952	463.211331196795	749.596397351925	978.24450091979	754.705197604209	1290.45521297824	1216.40303580229	2306.25556407677	1224.5068391249	1410.00163343504	1502.25562166205	1469.92685543237	1015.50326992824	1396.01802271251	1407.33153014542	1194.38860405301	2082.51000344071	1510.92051629406	1391.13488601567	1317.47052186552	1707.17356864057	1189.68802600478	1825.06381417269	1345.58197646702	1299.58366777749	1208.2590661824	1205.73178696015	1578.28313984344	1119.82392278198	1522.0474672756
0.01	0.01	0.01	0.01	0.01	0.01	0.01	0.01	0.01	0.01	0.01	0.01	0.01	0.01	0.01	0.01	0.01	0.01	0.01	0.01	0.01	0.01	0.01	0.01	0.01	0.01	0.01	0.01	0.01	0.01
30
1	2	3	4	5	6	7	8	9	10	11	12	13	14	15	16	17	18	19	20	21	22	23	24	25	26	27	28	29	30
200	200	200	200	200	200	200	200	200	200	200	200	200	200	200	200	200	200	200	200	200	200	200	200	200	200	200	200	200	200
200	200	200	200	200	200	200	200	200	200	200	200	200	200	200	200	200	200	200	200	200	200	200	200	200	200	200	200	200	200
0.055	0.11	0.18	0.12	0.055	0.055	0.065	0.09	0.07	0.045	0.025	0.13
0.085	0.09	0.09	0.155	0.105	0.11	0.065	0.04	0.055	0.03	0.03	0.145
0.06	0.17	0.145	0.105	0.075	0.065	0.055	0.05	0.03	0.07	0.07	0.105
0.09	0.065	0.15	0.1	0.115	0.125	0.075	0.06	0.05	0.04	0.015	0.115
0.04	0.18	0.12	0.135	0.115	0.065	0.07	0.065	0.045	0.035	0.015	0.115
0.07	0.09	0.21	0.1	0.085	0.045	0.065	0.075	0.04	0.035	0.04	0.145
0.095	0.09	0.14	0.115	0.07	0.11	0.07	0.05	0.06	0.065	0.025	0.11
0.105	0.155	0.08	0.125	0.175	0.05	0.075	0.02	0.03	0.025	0.04	0.12
0.1	0.105	0.19	0.08	0.08	0.095	0.045	0.055	0.06	0.05	0.03	0.11
0.055	0.205	0.155	0.15	0.04	0.03	0.115	0.045	0.03	0.06	0.04	0.075
0.1	0.085	0.17	0.13	0.13	0.065	0.07	0.08	0.02	0.03	0.025	0.095
0.15	0.13	0.105	0.125	0.12	0.115	0.05	0.045	0.03	0.015	0.015	0.1
0.07	0.205	0.16	0.12	0.1	0.105	0.1	0.025	0.01	0.04	0.005	0.06
0.135	0.08	0.22	0.165	0.055	0.075	0.055	0.07	0.015	0.015	0.02	0.095
0.085	0.165	0.11	0.13	0.12	0.08	0.09	0.065	0.06	0.02	0.015	0.06
0.105	0.125	0.19	0.145	0.13	0.05	0.025	0.075	0.045	0.035	0	0.075
0.115	0.115	0.14	0.18	0.135	0.09	0.04	0.035	0.015	0.03	0.045	0.06
0.125	0.16	0.155	0.105	0.175	0.055	0.065	0.04	0.03	0.03	0.01	0.05
0.105	0.265	0.18	0.095	0.08	0.105	0.05	0.035	0.025	0.005	0.02	0.035
0.15	0.145	0.225	0.16	0.08	0.05	0.06	0.025	0.05	0.005	0.02	0.03
0.14	0.17	0.095	0.225	0.115	0.1	0.025	0.045	0.015	0.03	0.005	0.035
0.13	0.2	0.19	0.105	0.13	0.095	0.05	0.025	0.02	0.005	0.02	0.03
0.1	0.16	0.245	0.13	0.09	0.13	0.065	0.03	0.015	0.015	0.005	0.015
0.195	0.225	0.135	0.24	0.08	0.04	0.03	0.02	0.015	0	0	0.02
0.155	0.265	0.155	0.155	0.1	0.065	0.01	0.045	0.02	0	0	0.03
0.125	0.26	0.275	0.105	0.1	0.035	0.04	0.005	0.015	0.015	0.005	0.02
0.13	0.185	0.245	0.18	0.115	0.035	0.07	0.015	0	0.005	0.005	0.015
0.21	0.2	0.135	0.175	0.125	0.045	0.025	0.04	0.01	0	0.025	0.01
0.13	0.255	0.18	0.15	0.15	0.075	0.03	0.015	0.01	0	0	0.005
0.19	0.155	0.22	0.16	0.08	0.11	0.035	0.03	0.015	0	0.005	0
#######PARAMETER SECTION#######
800	400	1200	-4	800	-0.25	1
0.18	0.01	1	-4	0.18	-0.25	1
-1.36	-5	-0.001	-4	-1.36	-0.25	1
0.1	0.05	0.3	-4	0.1	-0.25	1
0.2	0.01	0.5	-4	0.2	-0.25	1
0.75	0.20001	1	-3	0.75	-0.25	1
13.815511	-1	200	1	13.815511	-0.25	1
0	-1	1	-4	0	-0.25	1
0.2	1e-04	1.2	-3	0.2	-0.25	1
0	-10	10	-6	0	-1	1
0	-10	10	-6	0	-1	1
2	0	12	2	2	-0.5	1
1	0	12	2	1	-0.5	1
2	0	12	-2	2	-0.5	1
1	0	12	-2	1	-0.5	1
1.5	0	12	2	1.5	-0.5	1
2	0	12	2	2	-0.5	1
-14.8814090967435	-30	5	1	-14.8814090967435	-1	1
1	0.1	2	-1	1	-1	1
-1.54399197800355	-10	1.39	1	-1.54399197800355	-1	1
#######DEV CONSTRAINTS and DEVS#######
-15	15	2
-15	15	2
-15	15	2
0	0	0	0	0	0	0	0	0	0	0	0	0	0	0	0	0	0	0	0	0	0	0	0	0	0	0	0	0	0
0	0	0	0	0	0	0	0	0	0	0	0	0	0	0	0	0	0	0	0	0	0	0	0	0	0	0	0	0	0
0	0	0	0	0	0	0	0	0	0	0
#######LIKELIHOOD WEIGHTS#######
1
1
1
1
0
1
0
0
0
#######MISCELLANEOUS STUFF SECTION#######
2.5e-08
3
0.5	0.5	0.5	0.5	0.5	0.5	0.5	0.5	0.5	0.5	0.5	0.5
0.0229773699100256	0.320821300824607	0.904650535100891	0.994779874306442	0.999738809680904	0.999986992871533	0.999999352405202	0.999999967758134	0.999999998394772	0.99999999992008	0.999999999996021	0.999999999999802
0.2	0.2	0.2	0.2	0.2	0.2	0.2	0.2	0.2	0.2	0.2	0.2
0
1
10
0.2
1
1	0	0	0	0	0	0	0	0	0	0	0
0	1	0	0	0	0	0	0	0	0	0	0
0	0	1	0	0	0	0	0	0	0	0	0
0	0	0	1	0	0	0	0	0	0	0	0
0	0	0	0	1	0	0	0	0	0	0	0
0	0	0	0	0	1	0	0	0	0	0	0
0	0	0	0	0	0	1	0	0	0	0	0
0	0	0	0	0	0	0	1	0	0	0	0
0	0	0	0	0	0	0	0	1	0	0	0
0	0	0	0	0	0	0	0	0	1	0	0
0	0	0	0	0	0	0	0	0	0	1	0
0	0	0	0	0	0	0	0	0	0	0	1
40
31
2
1
#######END OF DATA FILE#######
999
