#######GENERAL HEADER INPUT#######
1
30
1
30
1
30
30
12
1	2	3	4	5	6	7	8	9	10	11	12
12
1	2	3	4	5	6	7	8	9	10	11	12
1
1001
1
1
#######SURVEY DATA#######
30
1	2	3	4	5	6	7	8	9	10	11	12	13	14	15	16	17	18	19	20	21	22	23	24	25	26	27	28	29	30
1.2305681684961	1.33557717317736	1.35780241023817	1.37677258863259	1.15704229363369	0.982744701224156	1.13896863096546	1.20252939637222	1.2797027679941	1.01395179187588	1.13014112609563	0.995684193385336	1.14560890077825	1.0336144904297	1.0006627835532	1.1764455814795	0.912047369858843	0.81940730762842	0.85103592314693	0.958021864261593	0.78963423395155	0.79949163549265	0.728747921312083	0.652941879489254	0.835272990427457	0.82537747718735	0.948535252808758	0.878579150945935	0.730808096893285	0.695798212170422
0.2	0.2	0.2	0.2	0.2	0.2	0.2	0.2	0.2	0.2	0.2	0.2	0.2	0.2	0.2	0.2	0.2	0.2	0.2	0.2	0.2	0.2	0.2	0.2	0.2	0.2	0.2	0.2	0.2	0.2
30
1	2	3	4	5	6	7	8	9	10	11	12	13	14	15	16	17	18	19	20	21	22	23	24	25	26	27	28	29	30
200	200	200	200	200	200	200	200	200	200	200	200	200	200	200	200	200	200	200	200	200	200	200	200	200	200	200	200	200	200
200	200	200	200	200	200	200	200	200	200	200	200	200	200	200	200	200	200	200	200	200	200	200	200	200	200	200	200	200	200
0.06	0.15	0.145	0.135	0.14	0.08	0.08	0.04	0.035	0.025	0.015	0.095
0.08	0.11	0.155	0.13	0.18	0.085	0.08	0.045	0.045	0	0.015	0.075
0.03	0.11	0.185	0.165	0.125	0.075	0.06	0.08	0.025	0.03	0.02	0.095
0.05	0.07	0.115	0.14	0.145	0.145	0.075	0.04	0.065	0.03	0.03	0.095
0.075	0.105	0.16	0.15	0.165	0.07	0.06	0.05	0.035	0.035	0.035	0.06
0.095	0.145	0.15	0.095	0.15	0.06	0.105	0.035	0.055	0.015	0.015	0.08
0.08	0.14	0.21	0.14	0.085	0.09	0.055	0.03	0.035	0.025	0.02	0.09
0.065	0.17	0.185	0.155	0.115	0.045	0.035	0.065	0.035	0.025	0.02	0.085
0.045	0.145	0.175	0.195	0.17	0.07	0.035	0.04	0.03	0.02	0.02	0.055
0.08	0.125	0.14	0.15	0.185	0.1	0.055	0.04	0.04	0.025	0.01	0.05
0.065	0.145	0.19	0.155	0.115	0.105	0.07	0.05	0.01	0.02	0.01	0.065
0.07	0.135	0.15	0.145	0.16	0.105	0.065	0.065	0.015	0.01	0.01	0.07
0.045	0.145	0.175	0.195	0.145	0.06	0.075	0.04	0.045	0.01	0.015	0.05
0.07	0.15	0.19	0.15	0.165	0.06	0.035	0.04	0.035	0.015	0.01	0.08
0.065	0.12	0.18	0.12	0.1	0.12	0.09	0.06	0.045	0.015	0.01	0.075
0.035	0.12	0.21	0.195	0.14	0.085	0.09	0.025	0.02	0.035	0.005	0.04
0.05	0.195	0.165	0.175	0.105	0.1	0.06	0.035	0.05	0.01	0	0.055
0.075	0.08	0.205	0.15	0.16	0.085	0.04	0.04	0.055	0.015	0.02	0.075
0.085	0.125	0.17	0.175	0.195	0.085	0.07	0.04	0.015	0	0.01	0.03
0.075	0.215	0.195	0.125	0.145	0.085	0.065	0.04	0.005	0	0.01	0.04
0.055	0.145	0.31	0.135	0.12	0.105	0.04	0.03	0.015	0.005	0.005	0.035
0.02	0.15	0.285	0.23	0.125	0.055	0.045	0.03	0.025	0.005	0	0.03
0.07	0.15	0.23	0.235	0.12	0.09	0.02	0.005	0.015	0.02	0.015	0.03
0.035	0.2	0.135	0.235	0.19	0.095	0.035	0.01	0.03	0.005	0.005	0.025
0.13	0.11	0.31	0.195	0.08	0.075	0.05	0.015	0.005	0.005	0.01	0.015
0.07	0.26	0.195	0.225	0.11	0.05	0.04	0.03	0.005	0.005	0.01	0
0.08	0.2	0.29	0.2	0.07	0.065	0.045	0.015	0.005	0.015	0.005	0.01
0.05	0.22	0.205	0.185	0.15	0.095	0.04	0.01	0.03	0	0	0.015
0.095	0.175	0.175	0.225	0.16	0.075	0.045	0.015	0.01	0.005	0.01	0.01
0.13	0.12	0.285	0.175	0.135	0.075	0.04	0.02	0.005	0.01	0	0.005
#######LANDINGS DATA#######
1
30
110.33391506291	318.567863262364	513.611270943188	669.888068764222	518.986424179996	890.620875338063	854.650324555524	1709.05378903754	970.61286774015	1177.20746107563	1306.81215098119	1334.11560585703	944.430350630349	1338.57162884955	1361.98244291108	1137.83701496694	2052.84476483156	1531.60536624098	1428.07782719269	1348.76299916122	1756.63507545007	1228.26353796817	1930.83947837632	1459.11274807656	1365.13768883853	1248.95117580614	1241.630170639	1728.0623752792	1251.51700654166	1789.22172902095
0.01	0.01	0.01	0.01	0.01	0.01	0.01	0.01	0.01	0.01	0.01	0.01	0.01	0.01	0.01	0.01	0.01	0.01	0.01	0.01	0.01	0.01	0.01	0.01	0.01	0.01	0.01	0.01	0.01	0.01
30
1	2	3	4	5	6	7	8	9	10	11	12	13	14	15	16	17	18	19	20	21	22	23	24	25	26	27	28	29	30
200	200	200	200	200	200	200	200	200	200	200	200	200	200	200	200	200	200	200	200	200	200	200	200	200	200	200	200	200	200
200	200	200	200	200	200	200	200	200	200	200	200	200	200	200	200	200	200	200	200	200	200	200	200	200	200	200	200	200	200
0.025	0.05	0.065	0.13	0.12	0.14	0.125	0.1	0.075	0.065	0.04	0.065
0.03	0.06	0.07	0.15	0.155	0.13	0.12	0.08	0.06	0.025	0.035	0.085
0.015	0.075	0.09	0.12	0.135	0.105	0.125	0.07	0.105	0.04	0.04	0.08
0.025	0.055	0.085	0.135	0.14	0.15	0.135	0.07	0.075	0.01	0.025	0.095
0.04	0.03	0.085	0.105	0.12	0.16	0.12	0.085	0.075	0.07	0.02	0.09
0.005	0.07	0.09	0.135	0.155	0.115	0.095	0.13	0.095	0.015	0.005	0.09
0.03	0.03	0.125	0.09	0.14	0.125	0.12	0.125	0.08	0.05	0.02	0.065
0.035	0.09	0.1	0.19	0.14	0.105	0.1	0.065	0.05	0.025	0.03	0.07
0.025	0.075	0.1	0.155	0.22	0.125	0.065	0.09	0.04	0.005	0.01	0.09
0.025	0.07	0.105	0.2	0.135	0.165	0.08	0.075	0.03	0.035	0.03	0.05
0.035	0.08	0.085	0.1	0.19	0.17	0.13	0.045	0.04	0.025	0.01	0.09
0.035	0.035	0.125	0.16	0.135	0.14	0.09	0.115	0.055	0.025	0.015	0.07
0.015	0.065	0.095	0.145	0.255	0.135	0.075	0.07	0.025	0.025	0.015	0.08
0.02	0.025	0.07	0.175	0.205	0.165	0.11	0.065	0.06	0.04	0.005	0.06
0.035	0.03	0.11	0.145	0.175	0.21	0.095	0.085	0.045	0.045	0.01	0.015
0.03	0.075	0.105	0.125	0.18	0.155	0.115	0.09	0.05	0.02	0.005	0.05
0.02	0.075	0.075	0.145	0.135	0.135	0.125	0.085	0.075	0.04	0.045	0.045
0.045	0.055	0.15	0.16	0.175	0.14	0.095	0.04	0.04	0.025	0.02	0.055
0.04	0.055	0.075	0.22	0.145	0.115	0.115	0.095	0.03	0.055	0.005	0.05
0.045	0.075	0.135	0.095	0.215	0.15	0.1	0.075	0.025	0.025	0.01	0.05
0.04	0.085	0.16	0.145	0.105	0.175	0.095	0.075	0.04	0.025	0.02	0.035
0.05	0.08	0.135	0.225	0.21	0.06	0.095	0.075	0.02	0.01	0.01	0.03
0.035	0.06	0.125	0.19	0.17	0.155	0.055	0.07	0.015	0.035	0.02	0.07
0.03	0.11	0.11	0.15	0.195	0.185	0.075	0.04	0.04	0.03	0.01	0.025
0.065	0.07	0.22	0.16	0.125	0.145	0.09	0.05	0.02	0.03	0.005	0.02
0.025	0.095	0.16	0.235	0.165	0.075	0.09	0.06	0.03	0.01	0.015	0.04
0.05	0.055	0.2	0.17	0.225	0.09	0.065	0.065	0.04	0.015	0.015	0.01
0.035	0.075	0.195	0.21	0.165	0.135	0.06	0.055	0.05	0.005	0	0.015
0.035	0.075	0.18	0.19	0.225	0.11	0.09	0.025	0.02	0.015	0.015	0.02
0.06	0.09	0.175	0.175	0.165	0.15	0.075	0.065	0.02	0.015	0.005	0.005
#######PARAMETER SECTION#######
800	400	1200	-4	800	-0.25	1
0.18	0.01	1	-4	0.18	-0.25	1
-1.36	-5	-0.001	-4	-1.36	-0.25	1
0.1	0.05	0.3	-4	0.1	-0.25	1
0.2	0.01	0.5	-4	0.2	-0.25	1
0.75	0.20001	1	-3	0.75	-0.25	1
13.815511	-1	200	1	13.815511	-0.25	1
0	-1	1	-4	0	-0.25	1
0.2	1e-04	1.2	-3	0.2	-0.25	1
0	-10	10	-6	0	-1	1
0	-10	10	-6	0	-1	1
2	0	12	2	2	-0.5	1
1	0	12	2	1	-0.5	1
2	0	12	-2	2	-0.5	1
1	0	12	-2	1	-0.5	1
1.5	0	12	2	1.5	-0.5	1
2	0	12	2	2	-0.5	1
-14.8818973134995	-30	5	1	-14.8818973134995	-1	1
1	0.1	2	-1	1	-1	1
-1.54399197800355	-10	1.39	1	-1.54399197800355	-1	1
#######DEV CONSTRAINTS and DEVS#######
-15	15	2
-15	15	2
-15	15	2
0	0	0	0	0	0	0	0	0	0	0	0	0	0	0	0	0	0	0	0	0	0	0	0	0	0	0	0	0	0
0	0	0	0	0	0	0	0	0	0	0	0	0	0	0	0	0	0	0	0	0	0	0	0	0	0	0	0	0	0
0	0	0	0	0	0	0	0	0	0	0
#######LIKELIHOOD WEIGHTS#######
1
1
1
1
0
1
0
0
0
#######MISCELLANEOUS STUFF SECTION#######
2.5e-08
3
0.5	0.5	0.5	0.5	0.5	0.5	0.5	0.5	0.5	0.5	0.5	0.5
0.0229773699100256	0.320821300824607	0.904650535100891	0.994779874306442	0.999738809680904	0.999986992871533	0.999999352405202	0.999999967758134	0.999999998394772	0.99999999992008	0.999999999996021	0.999999999999802
0.2	0.2	0.2	0.2	0.2	0.2	0.2	0.2	0.2	0.2	0.2	0.2
0
1
10
0.2
1
1	0	0	0	0	0	0	0	0	0	0	0
0	1	0	0	0	0	0	0	0	0	0	0
0	0	1	0	0	0	0	0	0	0	0	0
0	0	0	1	0	0	0	0	0	0	0	0
0	0	0	0	1	0	0	0	0	0	0	0
0	0	0	0	0	1	0	0	0	0	0	0
0	0	0	0	0	0	1	0	0	0	0	0
0	0	0	0	0	0	0	1	0	0	0	0
0	0	0	0	0	0	0	0	1	0	0	0
0	0	0	0	0	0	0	0	0	1	0	0
0	0	0	0	0	0	0	0	0	0	1	0
0	0	0	0	0	0	0	0	0	0	0	1
40
31
2
1
#######END OF DATA FILE#######
999
