#######GENERAL HEADER INPUT#######
1
30
1
30
1
30
30
12
1	2	3	4	5	6	7	8	9	10	11	12
12
1	2	3	4	5	6	7	8	9	10	11	12
1
1001
1
1
#######SURVEY DATA#######
30
1	2	3	4	5	6	7	8	9	10	11	12	13	14	15	16	17	18	19	20	21	22	23	24	25	26	27	28	29	30
1.45572774008511	1.51589262958339	1.52004366313194	1.37482076153486	1.68540210411517	1.52182571629086	1.51253353739647	1.52756338485838	1.38504555874772	1.20479185233883	1.14727900390407	1.27492938119079	1.00382770819035	1.18147611321251	1.12195845435772	0.986020584931486	1.18036066056389	0.770362562360968	0.901815256488086	0.726275985717857	0.760603911706182	0.756822374954087	0.55665115691304	0.788570550016824	0.614330098555303	0.578389675070445	0.5874990541559	0.577605999080919	0.619584889549893	0.578506407810554
0.2	0.2	0.2	0.2	0.2	0.2	0.2	0.2	0.2	0.2	0.2	0.2	0.2	0.2	0.2	0.2	0.2	0.2	0.2	0.2	0.2	0.2	0.2	0.2	0.2	0.2	0.2	0.2	0.2	0.2
30
1	2	3	4	5	6	7	8	9	10	11	12	13	14	15	16	17	18	19	20	21	22	23	24	25	26	27	28	29	30
200	200	200	200	200	200	200	200	200	200	200	200	200	200	200	200	200	200	200	200	200	200	200	200	200	200	200	200	200	200
200	200	200	200	200	200	200	200	200	200	200	200	200	200	200	200	200	200	200	200	200	200	200	200	200	200	200	200	200	200
0.06	0.13	0.135	0.115	0.115	0.115	0.07	0.065	0.03	0.035	0.045	0.085
0.065	0.095	0.165	0.15	0.1	0.085	0.085	0.065	0.03	0.045	0.02	0.095
0.045	0.23	0.12	0.1	0.07	0.115	0.065	0.06	0.035	0.03	0.02	0.11
0.07	0.135	0.15	0.13	0.105	0.065	0.06	0.05	0.02	0.03	0.04	0.145
0.045	0.08	0.155	0.225	0.095	0.075	0.075	0.065	0.04	0.03	0	0.115
0.095	0.135	0.13	0.105	0.115	0.11	0.065	0.05	0.045	0.005	0.02	0.125
0.075	0.21	0.18	0.07	0.09	0.075	0.065	0.05	0.045	0.02	0.03	0.09
0.115	0.155	0.2	0.135	0.09	0.055	0.05	0.055	0.025	0.015	0.03	0.075
0.085	0.13	0.225	0.145	0.12	0.045	0.055	0.045	0.025	0.025	0.02	0.08
0.085	0.165	0.18	0.165	0.1	0.07	0.03	0.03	0.035	0.005	0.015	0.12
0.125	0.14	0.17	0.145	0.115	0.08	0.05	0.025	0.015	0.03	0.02	0.085
0.105	0.18	0.155	0.165	0.085	0.085	0.07	0.03	0.025	0.025	0.035	0.04
0.095	0.185	0.205	0.105	0.1	0.085	0.085	0.045	0.015	0.015	0.02	0.045
0.055	0.185	0.18	0.225	0.085	0.065	0.055	0.04	0.005	0.03	0.025	0.05
0.095	0.2	0.18	0.15	0.085	0.075	0.065	0.055	0.025	0.02	0.015	0.035
0.105	0.175	0.19	0.11	0.1	0.105	0.05	0.03	0.05	0.02	0.025	0.04
0.1	0.225	0.155	0.135	0.125	0.07	0.085	0.02	0.015	0.02	0.025	0.025
0.12	0.19	0.225	0.105	0.13	0.045	0.05	0.05	0.015	0.015	0.01	0.045
0.11	0.275	0.155	0.155	0.07	0.065	0.02	0.045	0.045	0.02	0.01	0.03
0.155	0.22	0.19	0.095	0.095	0.05	0.055	0.03	0.04	0.02	0.01	0.04
0.055	0.29	0.215	0.165	0.06	0.095	0.03	0.025	0.015	0.01	0.02	0.02
0.09	0.125	0.28	0.18	0.09	0.105	0.055	0.015	0.025	0.015	0.005	0.015
0.13	0.205	0.135	0.2	0.11	0.075	0.06	0.045	0.02	0	0.005	0.015
0.265	0.265	0.13	0.11	0.105	0.055	0.025	0.015	0.01	0.005	0.005	0.01
0.11	0.325	0.255	0.145	0.07	0.035	0.025	0	0.01	0.005	0	0.02
0.145	0.18	0.35	0.145	0.05	0.005	0.05	0.015	0.02	0.005	0.015	0.02
0.11	0.23	0.22	0.21	0.085	0.035	0.04	0.025	0.015	0	0.01	0.02
0.11	0.215	0.19	0.14	0.21	0.065	0.02	0.03	0.01	0.005	0.005	0
0.12	0.25	0.215	0.155	0.09	0.105	0.025	0.005	0.01	0.01	0.005	0.01
0.125	0.235	0.195	0.155	0.085	0.075	0.055	0.015	0.01	0.025	0.015	0.01
#######LANDINGS DATA#######
1
30
161.095521907302	459.828601790045	742.686867373762	992.509990700431	764.925457217538	1323.84544965508	1279.90632788742	2516.34762558348	1367.7449624491	1582.30941002827	1682.0260364385	1701.65700584848	1174.67773282485	1645.66495115978	1643.77817771524	1382.63140845187	2411.62074035063	1731.40580547751	1549.72514401178	1411.4851887322	1782.99385719024	1187.52335656865	1742.44163731203	1265.94958645703	1229.36317635201	1130.5962269539	1103.43424867672	1480.85258650335	1062.61918318415	1521.34504466626
0.01	0.01	0.01	0.01	0.01	0.01	0.01	0.01	0.01	0.01	0.01	0.01	0.01	0.01	0.01	0.01	0.01	0.01	0.01	0.01	0.01	0.01	0.01	0.01	0.01	0.01	0.01	0.01	0.01	0.01
30
1	2	3	4	5	6	7	8	9	10	11	12	13	14	15	16	17	18	19	20	21	22	23	24	25	26	27	28	29	30
200	200	200	200	200	200	200	200	200	200	200	200	200	200	200	200	200	200	200	200	200	200	200	200	200	200	200	200	200	200
200	200	200	200	200	200	200	200	200	200	200	200	200	200	200	200	200	200	200	200	200	200	200	200	200	200	200	200	200	200
0.09	0.105	0.085	0.135	0.13	0.065	0.08	0.09	0.04	0.035	0.045	0.1
0.09	0.09	0.1	0.14	0.125	0.115	0.075	0.05	0.025	0.035	0.04	0.115
0.085	0.115	0.145	0.08	0.1	0.1	0.05	0.07	0.04	0.025	0.025	0.165
0.04	0.12	0.165	0.145	0.095	0.08	0.08	0.04	0.035	0.025	0.025	0.15
0.1	0.11	0.115	0.15	0.1	0.095	0.11	0.03	0.05	0.015	0.01	0.115
0.095	0.125	0.13	0.14	0.095	0.07	0.07	0.045	0.025	0.04	0.045	0.12
0.1	0.19	0.125	0.085	0.11	0.08	0.085	0.065	0.04	0.035	0.005	0.08
0.105	0.165	0.155	0.17	0.07	0.075	0.065	0.03	0.035	0.025	0.025	0.08
0.045	0.135	0.18	0.125	0.11	0.095	0.06	0.075	0.02	0.035	0.045	0.075
0.065	0.115	0.16	0.165	0.11	0.105	0.055	0.035	0.05	0.03	0.025	0.085
0.13	0.11	0.15	0.125	0.12	0.075	0.05	0.05	0.03	0.025	0.04	0.095
0.075	0.135	0.12	0.18	0.135	0.135	0.065	0.035	0.015	0.01	0.025	0.07
0.05	0.17	0.18	0.115	0.105	0.07	0.095	0.06	0.035	0.035	0.015	0.07
0.11	0.13	0.165	0.16	0.11	0.11	0.045	0.04	0.025	0.035	0.01	0.06
0.09	0.15	0.18	0.13	0.16	0.04	0.015	0.06	0.04	0.035	0.025	0.075
0.095	0.125	0.15	0.16	0.09	0.11	0.05	0.06	0.03	0.035	0.03	0.065
0.115	0.2	0.095	0.155	0.085	0.075	0.085	0.055	0.03	0.035	0.015	0.055
0.105	0.165	0.225	0.095	0.11	0.055	0.06	0.085	0.015	0.015	0.02	0.05
0.1	0.19	0.16	0.165	0.105	0.065	0.06	0.02	0.06	0.015	0.015	0.045
0.15	0.17	0.135	0.11	0.175	0.065	0.075	0.025	0.005	0.04	0.025	0.025
0.13	0.185	0.195	0.125	0.105	0.11	0.03	0.045	0.02	0.02	0.015	0.02
0.095	0.17	0.225	0.115	0.155	0.05	0.08	0.03	0.03	0.015	0	0.035
0.13	0.185	0.195	0.19	0.085	0.075	0.035	0.04	0.01	0.015	0.015	0.025
0.235	0.215	0.11	0.125	0.13	0.045	0.05	0.03	0.035	0.01	0.015	0
0.11	0.265	0.195	0.11	0.105	0.09	0.045	0.01	0.025	0.015	0	0.03
0.13	0.205	0.3	0.16	0.095	0.035	0.035	0.005	0.01	0	0.005	0.02
0.135	0.14	0.2	0.275	0.125	0.07	0.015	0.025	0.005	0.005	0	0.005
0.185	0.18	0.15	0.15	0.185	0.08	0.015	0.015	0.03	0.005	0	0.005
0.145	0.245	0.18	0.17	0.115	0.045	0.045	0.03	0.005	0.015	0	0.005
0.2	0.205	0.195	0.165	0.09	0.055	0.055	0.01	0.005	0	0	0.02
#######PARAMETER SECTION#######
800	400	1200	-4	800	-0.25	1
0.18	0.01	1	-4	0.18	-0.25	1
-1.36	-5	-0.001	-4	-1.36	-0.25	1
0.1	0.05	0.3	-4	0.1	-0.25	1
0.2	0.01	0.5	-4	0.2	-0.25	1
0.75	0.20001	1	-3	0.75	-0.25	1
13.815511	-1	200	1	13.815511	-0.25	1
0	-1	1	-4	0	-0.25	1
0.2	1e-04	1.2	-3	0.2	-0.25	1
0	-10	10	-6	0	-1	1
0	-10	10	-6	0	-1	1
2	0	12	2	2	-0.5	1
1	0	12	2	1	-0.5	1
2	0	12	-2	2	-0.5	1
1	0	12	-2	1	-0.5	1
1.5	0	12	2	1.5	-0.5	1
2	0	12	2	2	-0.5	1
-14.9434971173529	-30	5	1	-14.9434971173529	-1	1
1	0.1	2	-1	1	-1	1
-1.54399197800355	-10	1.39	1	-1.54399197800355	-1	1
#######DEV CONSTRAINTS and DEVS#######
-15	15	2
-15	15	2
-15	15	2
0	0	0	0	0	0	0	0	0	0	0	0	0	0	0	0	0	0	0	0	0	0	0	0	0	0	0	0	0	0
0	0	0	0	0	0	0	0	0	0	0	0	0	0	0	0	0	0	0	0	0	0	0	0	0	0	0	0	0	0
0	0	0	0	0	0	0	0	0	0	0
#######LIKELIHOOD WEIGHTS#######
1
1
1
1
0
1
0
0
0
#######MISCELLANEOUS STUFF SECTION#######
2.5e-08
3
0.5	0.5	0.5	0.5	0.5	0.5	0.5	0.5	0.5	0.5	0.5	0.5
0.0229773699100256	0.320821300824607	0.904650535100891	0.994779874306442	0.999738809680904	0.999986992871533	0.999999352405202	0.999999967758134	0.999999998394772	0.99999999992008	0.999999999996021	0.999999999999802
0.2	0.2	0.2	0.2	0.2	0.2	0.2	0.2	0.2	0.2	0.2	0.2
0
1
10
0.2
1
1	0	0	0	0	0	0	0	0	0	0	0
0	1	0	0	0	0	0	0	0	0	0	0
0	0	1	0	0	0	0	0	0	0	0	0
0	0	0	1	0	0	0	0	0	0	0	0
0	0	0	0	1	0	0	0	0	0	0	0
0	0	0	0	0	1	0	0	0	0	0	0
0	0	0	0	0	0	1	0	0	0	0	0
0	0	0	0	0	0	0	1	0	0	0	0
0	0	0	0	0	0	0	0	1	0	0	0
0	0	0	0	0	0	0	0	0	1	0	0
0	0	0	0	0	0	0	0	0	0	1	0
0	0	0	0	0	0	0	0	0	0	0	1
40
31
2
1
#######END OF DATA FILE#######
999
