#######GENERAL HEADER INPUT#######
1
30
1
30
1
30
30
12
1	2	3	4	5	6	7	8	9	10	11	12
12
1	2	3	4	5	6	7	8	9	10	11	12
1
1001
1
1
#######SURVEY DATA#######
30
1	2	3	4	5	6	7	8	9	10	11	12	13	14	15	16	17	18	19	20	21	22	23	24	25	26	27	28	29	30
1.58414027400945	1.72039005797516	1.5727833778465	1.32038456717396	1.12845451914548	1.40792892383223	1.49686637366042	1.30516314135519	1.24991900960199	1.50867185837796	1.31203584747729	1.0101094274216	1.14678666457438	0.859222917808099	1.14092573901337	0.931667197958776	0.925822188064036	0.881828457548414	0.920150938363012	0.909533910201926	0.813592909093046	0.678038005324514	0.567671411164472	0.532781537305536	0.519959347874464	0.438230436316104	0.563311313247898	0.434302075219132	0.442866052307566	0.488430999359438
0.2	0.2	0.2	0.2	0.2	0.2	0.2	0.2	0.2	0.2	0.2	0.2	0.2	0.2	0.2	0.2	0.2	0.2	0.2	0.2	0.2	0.2	0.2	0.2	0.2	0.2	0.2	0.2	0.2	0.2
30
1	2	3	4	5	6	7	8	9	10	11	12	13	14	15	16	17	18	19	20	21	22	23	24	25	26	27	28	29	30
200	200	200	200	200	200	200	200	200	200	200	200	200	200	200	200	200	200	200	200	200	200	200	200	200	200	200	200	200	200
200	200	200	200	200	200	200	200	200	200	200	200	200	200	200	200	200	200	200	200	200	200	200	200	200	200	200	200	200	200
0.07	0.165	0.12	0.095	0.11	0.065	0.065	0.045	0.04	0.025	0.05	0.15
0.05	0.1	0.145	0.13	0.13	0.07	0.055	0.075	0.07	0.01	0.02	0.145
0.04	0.115	0.155	0.105	0.095	0.07	0.06	0.085	0.05	0.055	0.02	0.15
0.08	0.13	0.135	0.1	0.095	0.07	0.05	0.07	0.04	0.04	0.03	0.16
0.06	0.195	0.115	0.095	0.09	0.08	0.09	0.04	0.055	0.04	0.035	0.105
0.045	0.13	0.18	0.105	0.065	0.095	0.06	0.065	0.035	0.04	0.055	0.125
0.11	0.125	0.155	0.135	0.045	0.075	0.1	0.01	0.035	0.045	0.045	0.12
0.04	0.275	0.18	0.095	0.09	0.035	0.06	0.03	0.03	0.045	0.025	0.095
0.05	0.135	0.26	0.105	0.125	0.085	0.07	0.01	0.035	0.02	0.01	0.095
0.065	0.18	0.17	0.165	0.12	0.045	0.075	0.055	0.03	0.025	0.01	0.06
0.065	0.29	0.115	0.14	0.17	0.035	0.03	0.025	0.02	0.015	0.01	0.085
0.09	0.135	0.2	0.125	0.07	0.125	0.075	0.05	0.03	0.015	0.03	0.055
0.03	0.165	0.15	0.175	0.145	0.055	0.08	0.035	0.035	0.05	0.015	0.065
0.11	0.145	0.175	0.145	0.135	0.075	0.06	0.045	0.03	0.02	0.01	0.05
0.065	0.195	0.125	0.175	0.095	0.135	0.06	0.03	0.045	0.01	0.02	0.045
0.085	0.205	0.225	0.065	0.095	0.055	0.045	0.055	0.05	0.05	0.02	0.05
0.135	0.155	0.225	0.18	0.06	0.065	0.035	0.045	0.04	0.005	0.025	0.03
0.125	0.28	0.16	0.15	0.1	0.05	0.02	0.03	0.025	0.015	0.015	0.03
0.09	0.215	0.275	0.12	0.04	0.05	0.055	0.035	0.035	0.03	0.015	0.04
0.11	0.155	0.22	0.19	0.07	0.065	0.055	0.03	0.03	0.02	0.015	0.04
0.085	0.235	0.215	0.16	0.125	0.02	0.045	0.035	0.005	0.025	0.005	0.045
0.09	0.16	0.245	0.15	0.165	0.065	0.04	0.035	0.01	0.01	0.01	0.02
0.05	0.17	0.23	0.16	0.14	0.095	0.055	0.035	0.02	0.015	0	0.03
0.165	0.13	0.2	0.145	0.115	0.06	0.08	0.06	0.015	0.005	0.005	0.02
0.13	0.29	0.14	0.115	0.09	0.08	0.06	0.035	0.035	0.005	0.005	0.015
0.075	0.21	0.3	0.135	0.06	0.095	0.045	0.035	0.025	0.015	0	0.005
0.165	0.18	0.235	0.2	0.07	0.065	0.025	0.02	0	0.025	0.005	0.01
0.06	0.315	0.195	0.22	0.1	0.04	0.015	0.02	0.02	0.005	0	0.01
0.2	0.225	0.29	0.07	0.105	0.055	0.035	0.005	0.005	0	0.005	0.005
0.105	0.35	0.215	0.14	0.055	0.07	0.02	0.01	0.01	0.005	0.01	0.01
#######LANDINGS DATA#######
1
30
160.423761270246	456.639560555657	745.794021534529	963.221223445684	731.375264243627	1250.77750627865	1215.15008684737	2337.36818026883	1261.74303792049	1472.45083585294	1591.9808325438	1604.18132923238	1106.99613068578	1513.75051320425	1473.57249925235	1240.99209684459	2198.17105327702	1596.36517893358	1493.96953920449	1396.66858568626	1802.4630494356	1178.80925764536	1687.43983312084	1166.04779874152	1062.13925819152	923.883284333737	896.273845410609	1173.17074689261	836.176771103605	1195.21964679783
0.01	0.01	0.01	0.01	0.01	0.01	0.01	0.01	0.01	0.01	0.01	0.01	0.01	0.01	0.01	0.01	0.01	0.01	0.01	0.01	0.01	0.01	0.01	0.01	0.01	0.01	0.01	0.01	0.01	0.01
30
1	2	3	4	5	6	7	8	9	10	11	12	13	14	15	16	17	18	19	20	21	22	23	24	25	26	27	28	29	30
200	200	200	200	200	200	200	200	200	200	200	200	200	200	200	200	200	200	200	200	200	200	200	200	200	200	200	200	200	200
200	200	200	200	200	200	200	200	200	200	200	200	200	200	200	200	200	200	200	200	200	200	200	200	200	200	200	200	200	200
0.085	0.075	0.14	0.105	0.07	0.095	0.065	0.06	0.07	0.035	0.045	0.155
0.06	0.125	0.1	0.13	0.12	0.1	0.085	0.02	0.04	0.035	0.02	0.165
0.045	0.13	0.095	0.155	0.075	0.095	0.05	0.07	0.045	0.06	0.03	0.15
0.07	0.135	0.105	0.08	0.125	0.105	0.055	0.075	0.04	0.055	0.04	0.115
0.07	0.115	0.1	0.135	0.115	0.095	0.05	0.055	0.06	0.035	0.03	0.14
0.065	0.14	0.15	0.13	0.065	0.09	0.085	0.055	0.035	0.02	0.04	0.125
0.145	0.13	0.085	0.205	0.065	0.06	0.07	0.065	0.035	0.035	0.025	0.08
0.115	0.205	0.16	0.105	0.12	0.05	0.02	0.04	0.05	0.015	0.02	0.1
0.06	0.115	0.19	0.16	0.09	0.09	0.03	0.08	0.04	0.03	0.035	0.08
0.085	0.115	0.125	0.225	0.085	0.06	0.08	0.05	0.025	0.035	0.03	0.085
0.07	0.21	0.13	0.12	0.155	0.07	0.045	0.05	0.025	0.035	0.035	0.055
0.095	0.135	0.2	0.115	0.125	0.14	0.05	0.025	0.04	0.005	0.005	0.065
0.06	0.115	0.15	0.17	0.145	0.085	0.09	0.05	0.02	0.03	0.01	0.075
0.135	0.09	0.155	0.1	0.17	0.085	0.07	0.055	0.05	0.03	0.02	0.04
0.135	0.155	0.095	0.155	0.07	0.115	0.075	0.04	0.06	0.03	0.02	0.05
0.1	0.185	0.185	0.055	0.12	0.06	0.08	0.065	0.025	0.025	0.02	0.08
0.195	0.135	0.175	0.14	0.075	0.08	0.04	0.05	0.025	0.015	0.025	0.045
0.115	0.255	0.205	0.125	0.085	0.04	0.015	0.025	0.05	0.025	0.025	0.035
0.135	0.15	0.28	0.125	0.065	0.1	0.035	0.04	0.005	0.025	0.005	0.035
0.165	0.16	0.17	0.2	0.105	0.04	0.06	0	0.015	0.02	0.015	0.05
0.07	0.17	0.22	0.125	0.155	0.055	0.03	0.05	0.035	0.02	0.02	0.05
0.13	0.145	0.2	0.165	0.115	0.095	0.07	0.03	0.03	0	0.01	0.01
0.075	0.17	0.185	0.18	0.075	0.14	0.065	0.035	0.02	0.015	0	0.04
0.2	0.105	0.17	0.14	0.17	0.055	0.06	0.05	0.015	0.005	0.02	0.01
0.16	0.29	0.13	0.105	0.085	0.09	0.035	0.025	0.035	0.02	0.005	0.02
0.115	0.265	0.255	0.1	0.09	0.055	0.04	0.015	0.02	0.02	0	0.025
0.15	0.175	0.255	0.175	0.095	0.065	0.035	0.015	0.01	0.005	0	0.02
0.095	0.26	0.15	0.18	0.15	0.055	0.035	0.015	0.025	0.015	0	0.02
0.245	0.17	0.225	0.1	0.1	0.065	0.025	0.025	0.02	0.015	0.01	0
0.18	0.235	0.17	0.215	0.035	0.055	0.045	0.03	0.03	0.005	0	0
#######PARAMETER SECTION#######
800	400	1200	-4	800	-0.25	1
0.18	0.01	1	-4	0.18	-0.25	1
-1.36	-5	-0.001	-4	-1.36	-0.25	1
0.1	0.05	0.3	-4	0.1	-0.25	1
0.2	0.01	0.5	-4	0.2	-0.25	1
0.75	0.20001	1	-3	0.75	-0.25	1
13.815511	-1	200	1	13.815511	-0.25	1
0	-1	1	-4	0	-0.25	1
0.2	1e-04	1.2	-3	0.2	-0.25	1
0	-10	10	-6	0	-1	1
0	-10	10	-6	0	-1	1
2	0	12	2	2	-0.5	1
1	0	12	2	1	-0.5	1
2	0	12	-2	2	-0.5	1
1	0	12	-2	1	-0.5	1
1.5	0	12	2	1.5	-0.5	1
2	0	12	2	2	-0.5	1
-14.8610530544794	-30	5	1	-14.8610530544794	-1	1
1	0.1	2	-1	1	-1	1
-1.54399197800355	-10	1.39	1	-1.54399197800355	-1	1
#######DEV CONSTRAINTS and DEVS#######
-15	15	2
-15	15	2
-15	15	2
0	0	0	0	0	0	0	0	0	0	0	0	0	0	0	0	0	0	0	0	0	0	0	0	0	0	0	0	0	0
0	0	0	0	0	0	0	0	0	0	0	0	0	0	0	0	0	0	0	0	0	0	0	0	0	0	0	0	0	0
0	0	0	0	0	0	0	0	0	0	0
#######LIKELIHOOD WEIGHTS#######
1
1
1
1
0
1
0
0
0
#######MISCELLANEOUS STUFF SECTION#######
2.5e-08
3
0.5	0.5	0.5	0.5	0.5	0.5	0.5	0.5	0.5	0.5	0.5	0.5
0.0229773699100256	0.320821300824607	0.904650535100891	0.994779874306442	0.999738809680904	0.999986992871533	0.999999352405202	0.999999967758134	0.999999998394772	0.99999999992008	0.999999999996021	0.999999999999802
0.2	0.2	0.2	0.2	0.2	0.2	0.2	0.2	0.2	0.2	0.2	0.2
0
1
10
0.2
1
1	0	0	0	0	0	0	0	0	0	0	0
0	1	0	0	0	0	0	0	0	0	0	0
0	0	1	0	0	0	0	0	0	0	0	0
0	0	0	1	0	0	0	0	0	0	0	0
0	0	0	0	1	0	0	0	0	0	0	0
0	0	0	0	0	1	0	0	0	0	0	0
0	0	0	0	0	0	1	0	0	0	0	0
0	0	0	0	0	0	0	1	0	0	0	0
0	0	0	0	0	0	0	0	1	0	0	0
0	0	0	0	0	0	0	0	0	1	0	0
0	0	0	0	0	0	0	0	0	0	1	0
0	0	0	0	0	0	0	0	0	0	0	1
40
31
2
1
#######END OF DATA FILE#######
999
