# Number of parameters = 77  Objective function value = 26334.0  Maximum gradient component = 0.00160499
# sel_params[1]:
1.96641833612
# sel_params[2]:
1.00987996536
# log_Fmult_year1:
 -4.66988783142
# log_Fmult_devs:
 1.06984261870 0.494341435189 0.298379042490 -0.228640909030 0.581945945046 0.0213163995378 0.737011962512 -0.543501907562 0.212760223329 0.120291209904 0.0864024301846 -0.326482254833 0.361877540558 0.0608091374459 -0.118201985245 0.655563179704 -0.207076625591 -0.00257716923205 0.00568530241996 0.318451427675 -0.308317668671 0.501505863183 -0.192892228670 0.00356071342110 -0.101001257212 -0.0230059628198 0.329762463255 -0.298968560988 0.403857403854
# log_recruit_devs:
 -0.0191968049973 0.191592221416 -0.0908219382508 0.0121463479764 0.0892124988663 0.0923377849011 -0.264766726757 0.133415305150 0.00216968912027 0.171176235224 -0.330509369200 0.139540387444 -0.0771655152499 0.382876812115 -0.198714087348 0.252072804546 0.195214528538 -0.0919196799376 0.0299121331137 0.0207814712871 -0.211672463475 -0.0943516188701 0.0357701641833 -0.156215100703 -0.385882153122 0.124531967789 -0.142303384213 0.0586894379078 0.186231728430 -0.0541526758837
# log_N_year1_devs:
 -0.0206156120403 0.00376346060314 0.0457825097144 -0.0137120002632 -0.154187890180 -0.0356861724412 0.0763925388273 -0.0712244107990 0.0337359300598 -0.105546411286 -0.172866940979
# log_q_year1:
 -7.99538426945
# log_q_devs:
 0.00000000000 0.00000000000 0.00000000000 0.00000000000 0.00000000000 0.00000000000 0.00000000000 0.00000000000 0.00000000000 0.00000000000 0.00000000000 0.00000000000 0.00000000000 0.00000000000 0.00000000000 0.00000000000 0.00000000000 0.00000000000 0.00000000000 0.00000000000 0.00000000000 0.00000000000 0.00000000000 0.00000000000 0.00000000000 0.00000000000 0.00000000000 0.00000000000 0.00000000000
# index_sel_params[1]:
1.46706547874
# index_sel_params[2]:
0.465255752720
# log_SR_scaler:
6.93811181114
# SR_steepness:
0.750000000000
