# Number of parameters = 77  Objective function value = 26069.9  Maximum gradient component = 0.00107029
# sel_params[1]:
2.09074963944
# sel_params[2]:
1.04780843505
# log_Fmult_year1:
 -4.59349016714
# log_Fmult_devs:
 1.06283325299 0.491242161158 0.318069886215 -0.238468941858 0.596953173671 0.0137105138892 0.747169551359 -0.530531437342 0.202703679034 0.128183028590 0.0567173431507 -0.325181852405 0.369455321995 0.0550505763139 -0.122690264520 0.678049659037 -0.212888349008 -0.0214503561141 -0.0202036953491 0.325036878332 -0.303623385983 0.494264663112 -0.178600468664 -0.00500351389553 -0.0861034593306 -0.0229824149314 0.342032782321 -0.263177263470 0.443848820382
# log_recruit_devs:
 -0.132953258034 0.410911038900 -0.167350300959 -0.390113988117 0.587710066774 0.466757963906 -0.139101233092 0.292706161399 -0.0955632734132 0.305517358241 0.142042602593 -0.269627999419 -0.0821299017509 0.223528384083 -0.149483663079 0.311103879467 0.260523461382 -0.465235720463 -0.261605518250 -0.463655808215 0.291786187406 0.164173324569 -0.295795148636 -0.458297129268 0.206856151864 -0.497186501748 -0.328088882071 0.230419289872 0.239942438216 0.0622100178394
# log_N_year1_devs:
 -0.0109940591047 -0.0109632532509 -0.0360785930996 -0.0967104736459 -0.0397658076269 -0.136193995895 -0.206256951976 -0.444393038576 -0.169028613201 -0.166003442880 -0.120453710802
# log_q_year1:
 -7.96017377003
# log_q_devs:
 0.00000000000 0.00000000000 0.00000000000 0.00000000000 0.00000000000 0.00000000000 0.00000000000 0.00000000000 0.00000000000 0.00000000000 0.00000000000 0.00000000000 0.00000000000 0.00000000000 0.00000000000 0.00000000000 0.00000000000 0.00000000000 0.00000000000 0.00000000000 0.00000000000 0.00000000000 0.00000000000 0.00000000000 0.00000000000 0.00000000000 0.00000000000 0.00000000000 0.00000000000
# index_sel_params[1]:
1.53685861522
# index_sel_params[2]:
0.503369581065
# log_SR_scaler:
6.90534219196
# SR_steepness:
0.750000000000
