#######GENERAL HEADER INPUT#######
1
30
1
30
1
30
30
12
1	2	3	4	5	6	7	8	9	10	11	12
12
1	2	3	4	5	6	7	8	9	10	11	12
1
1001
1
1
#######SURVEY DATA#######
30
1	2	3	4	5	6	7	8	9	10	11	12	13	14	15	16	17	18	19	20	21	22	23	24	25	26	27	28	29	30
1.12777322301471	1.81131798815803	1.53679214691266	1.67165298476553	1.85644777943668	1.27230524414064	1.31335702488123	1.53378400153498	1.2454422817769	1.06326015299535	1.03459562306107	0.876494122305358	0.908207306851742	1.21546710122896	0.94412670968837	1.14047459347453	0.836442464849975	0.8981379212792	1.0011997422455	0.841572591049484	0.770960008706875	0.65424043070421	0.757817424583531	0.644396698897762	0.641144585221778	0.635405730692865	0.598966063898627	0.514564368243813	0.616805720625975	0.551609600477349
0.2	0.2	0.2	0.2	0.2	0.2	0.2	0.2	0.2	0.2	0.2	0.2	0.2	0.2	0.2	0.2	0.2	0.2	0.2	0.2	0.2	0.2	0.2	0.2	0.2	0.2	0.2	0.2	0.2	0.2
30
1	2	3	4	5	6	7	8	9	10	11	12	13	14	15	16	17	18	19	20	21	22	23	24	25	26	27	28	29	30
200	200	200	200	200	200	200	200	200	200	200	200	200	200	200	200	200	200	200	200	200	200	200	200	200	200	200	200	200	200
200	200	200	200	200	200	200	200	200	200	200	200	200	200	200	200	200	200	200	200	200	200	200	200	200	200	200	200	200	200
0.03	0.14	0.18	0.13	0.1	0.1	0.025	0.04	0.05	0.03	0.01	0.165
0.095	0.13	0.145	0.08	0.09	0.09	0.085	0.04	0.045	0.045	0.055	0.1
0.08	0.12	0.125	0.125	0.075	0.095	0.05	0.075	0.05	0.03	0.03	0.145
0.07	0.18	0.125	0.14	0.095	0.065	0.08	0.05	0.03	0.02	0.035	0.11
0.035	0.175	0.145	0.145	0.095	0.075	0.055	0.065	0.03	0.035	0.035	0.11
0.065	0.115	0.18	0.14	0.095	0.06	0.055	0.06	0.025	0.035	0.02	0.15
0.035	0.145	0.075	0.195	0.135	0.05	0.08	0.075	0.02	0.035	0.03	0.125
0.105	0.145	0.16	0.115	0.125	0.065	0.04	0.07	0.04	0.015	0.02	0.1
0.08	0.225	0.11	0.11	0.08	0.08	0.095	0.055	0.015	0.015	0.03	0.105
0.045	0.155	0.24	0.1	0.09	0.07	0.085	0.065	0.04	0.03	0.025	0.055
0.05	0.185	0.17	0.16	0.085	0.05	0.03	0.08	0.02	0.02	0.015	0.135
0.145	0.14	0.16	0.105	0.125	0.065	0.055	0.03	0.055	0.025	0.02	0.075
0.09	0.24	0.115	0.12	0.065	0.12	0.07	0.025	0.015	0.05	0.02	0.07
0.07	0.19	0.24	0.11	0.085	0.065	0.08	0.06	0.03	0.005	0.015	0.05
0.1	0.18	0.255	0.15	0.085	0.025	0.04	0.045	0.03	0.035	0.01	0.045
0.115	0.14	0.135	0.175	0.16	0.035	0.06	0.03	0.04	0.03	0.01	0.07
0.09	0.29	0.17	0.12	0.125	0.06	0.03	0.015	0.03	0.015	0.005	0.05
0.135	0.205	0.225	0.15	0.065	0.075	0.06	0.01	0.025	0.01	0.025	0.015
0.08	0.175	0.255	0.195	0.06	0.085	0.055	0.025	0.015	0.01	0	0.045
0.105	0.2	0.2	0.165	0.12	0.065	0.035	0.05	0.01	0	0.03	0.02
0.08	0.25	0.185	0.12	0.12	0.095	0.05	0.01	0.02	0.02	0.01	0.04
0.095	0.255	0.195	0.15	0.09	0.07	0.055	0.025	0.025	0.015	0	0.025
0.1	0.2	0.205	0.18	0.065	0.075	0.02	0.055	0.035	0.015	0.01	0.04
0.105	0.3	0.115	0.16	0.12	0.075	0.025	0.04	0.03	0.015	0.01	0.005
0.11	0.2	0.305	0.125	0.11	0.045	0.04	0.02	0.02	0.015	0	0.01
0.135	0.18	0.185	0.195	0.105	0.07	0.03	0.045	0.015	0.005	0.005	0.03
0.125	0.26	0.22	0.115	0.115	0.045	0.065	0.03	0.01	0.005	0	0.01
0.155	0.26	0.2	0.14	0.085	0.07	0.035	0.03	0.01	0	0.005	0.01
0.12	0.35	0.2	0.12	0.085	0.035	0.03	0.03	0.015	0	0	0.015
0.065	0.23	0.31	0.15	0.085	0.055	0.03	0.03	0.005	0.02	0.01	0.01
#######LANDINGS DATA#######
1
30
182.270521823598	342.926753343757	497.60553546346	673.877394197183	1334.27804340731	1381.27271429711	1324.05214634568	1393.17666239029	1342.8019776796	1689.45755195398	1378.1783592481	1317.78439872572	1297.9268783922	1553.08083209529	1423.23686294711	1717.54987095365	1058.18747186154	1523.86310262596	1879.53142275115	1530.09692036771	1163.08428406905	1155.06106046606	1633.90728813327	1197.87488829008	1572.00227683591	1096.47918138517	1077.21401145187	1108.56187720924	857.03819806897	1358.86932463345
0.01	0.01	0.01	0.01	0.01	0.01	0.01	0.01	0.01	0.01	0.01	0.01	0.01	0.01	0.01	0.01	0.01	0.01	0.01	0.01	0.01	0.01	0.01	0.01	0.01	0.01	0.01	0.01	0.01	0.01
30
1	2	3	4	5	6	7	8	9	10	11	12	13	14	15	16	17	18	19	20	21	22	23	24	25	26	27	28	29	30
200	200	200	200	200	200	200	200	200	200	200	200	200	200	200	200	200	200	200	200	200	200	200	200	200	200	200	200	200	200
200	200	200	200	200	200	200	200	200	200	200	200	200	200	200	200	200	200	200	200	200	200	200	200	200	200	200	200	200	200
0.06	0.14	0.12	0.085	0.11	0.095	0.06	0.065	0.065	0.045	0.02	0.135
0.065	0.1	0.075	0.17	0.11	0.095	0.085	0.05	0.055	0.03	0.03	0.135
0.075	0.075	0.155	0.075	0.115	0.105	0.065	0.075	0.03	0.04	0.04	0.15
0.085	0.09	0.14	0.145	0.05	0.07	0.075	0.075	0.06	0.04	0.03	0.14
0.02	0.18	0.105	0.085	0.105	0.095	0.07	0.07	0.03	0.045	0.055	0.14
0.08	0.07	0.17	0.115	0.14	0.07	0.075	0.07	0.05	0.04	0.015	0.105
0.065	0.11	0.145	0.16	0.095	0.085	0.06	0.035	0.075	0.035	0.02	0.115
0.115	0.105	0.115	0.11	0.125	0.08	0.06	0.055	0.02	0.015	0.05	0.15
0.08	0.2	0.085	0.1	0.07	0.115	0.065	0.05	0.05	0.045	0.035	0.105
0.075	0.105	0.13	0.12	0.13	0.05	0.145	0.035	0.03	0.015	0.03	0.135
0.105	0.08	0.135	0.215	0.105	0.075	0.085	0.055	0.03	0.025	0.005	0.085
0.1	0.085	0.16	0.145	0.105	0.065	0.07	0.05	0.05	0.03	0.035	0.105
0.085	0.16	0.135	0.105	0.105	0.125	0.085	0.04	0.04	0.015	0.02	0.085
0.1	0.185	0.19	0.095	0.085	0.075	0.085	0.04	0.03	0.02	0.025	0.07
0.115	0.16	0.18	0.12	0.075	0.09	0.055	0.09	0.015	0.02	0.025	0.055
0.15	0.175	0.145	0.15	0.15	0.05	0.055	0.035	0.025	0.025	0	0.04
0.13	0.19	0.195	0.1	0.12	0.08	0.025	0.05	0.025	0.03	0.005	0.05
0.11	0.215	0.235	0.11	0.06	0.095	0.06	0.01	0.03	0.015	0.005	0.055
0.115	0.135	0.21	0.185	0.09	0.05	0.08	0.035	0.015	0.025	0.015	0.045
0.15	0.2	0.14	0.195	0.105	0.075	0.055	0.025	0.025	0.01	0.015	0.005
0.13	0.13	0.18	0.14	0.105	0.105	0.075	0.035	0.03	0.03	0.01	0.03
0.135	0.14	0.215	0.14	0.05	0.08	0.08	0.045	0.025	0.025	0.02	0.045
0.18	0.145	0.205	0.13	0.12	0.07	0.07	0.035	0.02	0.005	0	0.02
0.12	0.215	0.175	0.2	0.115	0.06	0.03	0.03	0.005	0.025	0	0.025
0.115	0.19	0.26	0.14	0.13	0.04	0.04	0.025	0.02	0.015	0.005	0.02
0.12	0.23	0.19	0.165	0.105	0.055	0.035	0.03	0	0.015	0.015	0.04
0.16	0.15	0.245	0.115	0.125	0.07	0.055	0.045	0.005	0.01	0.005	0.015
0.185	0.19	0.21	0.15	0.095	0.075	0.03	0.02	0.025	0.015	0	0.005
0.15	0.275	0.2	0.15	0.07	0.045	0.05	0.01	0.02	0.005	0.01	0.015
0.14	0.19	0.235	0.21	0.12	0.03	0.03	0.025	0.005	0.01	0	0.005
#######PARAMETER SECTION#######
800	400	1200	-4	800	-0.25	1
0.18	0.01	1	-4	0.18	-0.25	1
-1.36	-5	-0.001	-4	-1.36	-0.25	1
0.1	0.05	0.3	-4	0.1	-0.25	1
0.2	0.01	0.5	-4	0.2	-0.25	1
0.75	0.20001	1	-3	0.75	-0.25	1
13.815511	-1	200	1	13.815511	-0.25	1
0	-1	1	-4	0	-0.25	1
0.2	1e-04	1.2	-3	0.2	-0.25	1
0	-10	10	-6	0	-1	1
0	-10	10	-6	0	-1	1
2	0	12	2	2	-0.5	1
1	0	12	2	1	-0.5	1
2	0	12	-2	2	-0.5	1
1	0	12	-2	1	-0.5	1
1.5	0	12	2	1.5	-0.5	1
2	0	12	2	2	-0.5	1
-14.8586526874191	-30	5	1	-14.8586526874191	-1	1
1	0.1	2	-1	1	-1	1
-1.57145126406296	-10	1.39	1	-1.57145126406296	-1	1
#######DEV CONSTRAINTS and DEVS#######
-15	15	2
-15	15	2
-15	15	2
0	0	0	0	0	0	0	0	0	0	0	0	0	0	0	0	0	0	0	0	0	0	0	0	0	0	0	0	0	0
0	0	0	0	0	0	0	0	0	0	0	0	0	0	0	0	0	0	0	0	0	0	0	0	0	0	0	0	0	0
0	0	0	0	0	0	0	0	0	0	0
#######LIKELIHOOD WEIGHTS#######
1
1
1
1
0
1
0
0
0
#######MISCELLANEOUS STUFF SECTION#######
2.5e-08
3
0.5	0.5	0.5	0.5	0.5	0.5	0.5	0.5	0.5	0.5	0.5	0.5
0.0229773699100256	0.320821300824607	0.904650535100891	0.994779874306442	0.999738809680904	0.999986992871533	0.999999352405202	0.999999967758134	0.999999998394772	0.99999999992008	0.999999999996021	0.999999999999802
0.2	0.2	0.2	0.2	0.2	0.2	0.2	0.2	0.2	0.2	0.2	0.2
0
1
10
0.2
1
1	0	0	0	0	0	0	0	0	0	0	0
0	1	0	0	0	0	0	0	0	0	0	0
0	0	1	0	0	0	0	0	0	0	0	0
0	0	0	1	0	0	0	0	0	0	0	0
0	0	0	0	1	0	0	0	0	0	0	0
0	0	0	0	0	1	0	0	0	0	0	0
0	0	0	0	0	0	1	0	0	0	0	0
0	0	0	0	0	0	0	1	0	0	0	0
0	0	0	0	0	0	0	0	1	0	0	0
0	0	0	0	0	0	0	0	0	1	0	0
0	0	0	0	0	0	0	0	0	0	1	0
0	0	0	0	0	0	0	0	0	0	0	1
40
31
2
1
#######END OF DATA FILE#######
999
