#styr												
1
#endyr												
30
#rec_age										
1															
#n_ages										
12
# numbers of length intervals
81
#Length	bin
10	11	12	13	14	15	16	17	18	19	20	21	22	23	24	25	26	27	28	29	30	31	32	33	34	35	36	37	38	39	40	41	42	43	44	45	46	47	48	49	50	51	52	53	54	55	56	57	58	59	60	61	62	63	64	65	66	67	68	69	70	71	72	73	74	75	76	77	78	79	80	81	82	83	84	85	86	87	88	89	90
#nfsh
1
#names_fsh
FLEET1												
#catch												
160.89376590944	458.688572502915	737.475123840168	948.287497928536	732.125593250875	1230.79745408121	1169.35224594574	2226.31641266898	1164.35203882757	1318.5731087902	1401.78159911201	1412.42187332756	1000.757366769	1437.36836644444	1465.37632539119	1275.12697993309	2252.45794894864	1632.47710416261	1474.81261426255	1371.11438900325	1712.9719492059	1127.31615340547	1669.28675574262	1232.3279507066	1157.77159715355	1035.4612571155	1014.79048078123	1347.38465527723	985.022229630554	1424.25291411645
#catch_cv											
0.01	0.01	0.01	0.01	0.01	0.01	0.01	0.01	0.01	0.01	0.01	0.01	0.01	0.01	0.01	0.01	0.01	0.01	0.01	0.01	0.01	0.01	0.01	0.01	0.01	0.01	0.01	0.01	0.01	0.01
#n_ages_fsh								
30		
#n_lengths_fsh								
0															
#yrs_ages_fsh								
1	2	3	4	5	6	7	8	9	10	11	12	13	14	15	16	17	18	19	20	21	22	23	24	25	26	27	28	29	30	
#sample_ages_fsh							
200	200	200	200	200	200	200	200	200	200	200	200	200	200	200	200	200	200	200	200	200	200	200	200	200	200	200	200	200	200
#page_fsh	2	3	4	5	6	7	8	9	10	11						
0.07	0.11	0.105	0.135	0.11	0.08	0.07	0.06	0.06	0.04	0.045	0.115
0.04	0.07	0.14	0.18	0.105	0.105	0.06	0.08	0.05	0.05	0.02	0.1
0.11	0.1	0.105	0.14	0.105	0.055	0.06	0.045	0.06	0.05	0.015	0.155
0.045	0.145	0.095	0.125	0.115	0.055	0.045	0.06	0.035	0.06	0.04	0.18
0.06	0.145	0.145	0.075	0.075	0.125	0.095	0.065	0.03	0.03	0.035	0.12
0.06	0.115	0.105	0.155	0.09	0.08	0.05	0.075	0.02	0.045	0.06	0.145
0.055	0.125	0.08	0.09	0.18	0.08	0.105	0.045	0.045	0.05	0.025	0.12
0.065	0.085	0.16	0.185	0.065	0.095	0.06	0.07	0.04	0.05	0.02	0.105
0.095	0.135	0.095	0.145	0.115	0.06	0.08	0.045	0.01	0.055	0.035	0.13
0.08	0.11	0.155	0.09	0.15	0.11	0.045	0.05	0.035	0.01	0.02	0.145
0.145	0.205	0.115	0.12	0.11	0.065	0.045	0.01	0.03	0.02	0.04	0.095
0.11	0.17	0.18	0.105	0.085	0.05	0.08	0.035	0.03	0.045	0.035	0.075
0.11	0.155	0.175	0.105	0.1	0.08	0.05	0.06	0.04	0.015	0.025	0.085
0.115	0.185	0.16	0.145	0.135	0.06	0.04	0.035	0.03	0.01	0.025	0.06
0.105	0.175	0.215	0.145	0.115	0.065	0.05	0.03	0.015	0.02	0.03	0.035
0.065	0.18	0.15	0.19	0.13	0.08	0.04	0.03	0.05	0.02	0.005	0.06
0.135	0.15	0.11	0.15	0.145	0.08	0.09	0.04	0.03	0.02	0.005	0.045
0.105	0.17	0.18	0.13	0.1	0.085	0.05	0.045	0.065	0.02	0.01	0.04
0.11	0.205	0.195	0.135	0.075	0.045	0.08	0.035	0.02	0.03	0.03	0.04
0.155	0.125	0.14	0.195	0.065	0.1	0.04	0.095	0.025	0.01	0.005	0.045
0.145	0.15	0.145	0.135	0.145	0.055	0.085	0.04	0.045	0.015	0	0.04
0.09	0.18	0.185	0.185	0.12	0.095	0.045	0.035	0.02	0.02	0.01	0.015
0.205	0.145	0.215	0.15	0.085	0.075	0.05	0.015	0.015	0.02	0.01	0.015
0.115	0.25	0.17	0.175	0.12	0.07	0.04	0.02	0.01	0.005	0.005	0.02
0.185	0.235	0.2	0.165	0.075	0.05	0.025	0.02	0.015	0.015	0.01	0.005
0.165	0.2	0.19	0.185	0.095	0.055	0.02	0.015	0.02	0.025	0.02	0.01
0.25	0.11	0.22	0.15	0.095	0.07	0.04	0.02	0.03	0.005	0	0.01
0.135	0.255	0.12	0.16	0.135	0.105	0.03	0.015	0.005	0.015	0.01	0.015
0.15	0.195	0.23	0.085	0.14	0.09	0.04	0.035	0.01	0.005	0.01	0.01
0.175	0.215	0.2	0.165	0.075	0.075	0.03	0.015	0.025	0.01	0.005	0.01
#wt_age_fsh	1 2	3	4	5	6	7	8	9	10	11						
0.000530656	0.001196328	0.002058265	0.003034987	0.004055212	0.005064698	0.006026226	0.006916921	0.007724891	0.008446113	0.009081853	0.009636695
0.000530656	0.001196328	0.002058265	0.003034987	0.004055212	0.005064698	0.006026226	0.006916921	0.007724891	0.008446113	0.009081853	0.009636695
0.000530656	0.001196328	0.002058265	0.003034987	0.004055212	0.005064698	0.006026226	0.006916921	0.007724891	0.008446113	0.009081853	0.009636695
0.000530656	0.001196328	0.002058265	0.003034987	0.004055212	0.005064698	0.006026226	0.006916921	0.007724891	0.008446113	0.009081853	0.009636695
0.000530656	0.001196328	0.002058265	0.003034987	0.004055212	0.005064698	0.006026226	0.006916921	0.007724891	0.008446113	0.009081853	0.009636695
0.000530656	0.001196328	0.002058265	0.003034987	0.004055212	0.005064698	0.006026226	0.006916921	0.007724891	0.008446113	0.009081853	0.009636695
0.000530656	0.001196328	0.002058265	0.003034987	0.004055212	0.005064698	0.006026226	0.006916921	0.007724891	0.008446113	0.009081853	0.009636695
0.000530656	0.001196328	0.002058265	0.003034987	0.004055212	0.005064698	0.006026226	0.006916921	0.007724891	0.008446113	0.009081853	0.009636695
0.000530656	0.001196328	0.002058265	0.003034987	0.004055212	0.005064698	0.006026226	0.006916921	0.007724891	0.008446113	0.009081853	0.009636695
0.000530656	0.001196328	0.002058265	0.003034987	0.004055212	0.005064698	0.006026226	0.006916921	0.007724891	0.008446113	0.009081853	0.009636695
0.000530656	0.001196328	0.002058265	0.003034987	0.004055212	0.005064698	0.006026226	0.006916921	0.007724891	0.008446113	0.009081853	0.009636695
0.000530656	0.001196328	0.002058265	0.003034987	0.004055212	0.005064698	0.006026226	0.006916921	0.007724891	0.008446113	0.009081853	0.009636695
0.000530656	0.001196328	0.002058265	0.003034987	0.004055212	0.005064698	0.006026226	0.006916921	0.007724891	0.008446113	0.009081853	0.009636695
0.000530656	0.001196328	0.002058265	0.003034987	0.004055212	0.005064698	0.006026226	0.006916921	0.007724891	0.008446113	0.009081853	0.009636695
0.000530656	0.001196328	0.002058265	0.003034987	0.004055212	0.005064698	0.006026226	0.006916921	0.007724891	0.008446113	0.009081853	0.009636695
0.000530656	0.001196328	0.002058265	0.003034987	0.004055212	0.005064698	0.006026226	0.006916921	0.007724891	0.008446113	0.009081853	0.009636695
0.000530656	0.001196328	0.002058265	0.003034987	0.004055212	0.005064698	0.006026226	0.006916921	0.007724891	0.008446113	0.009081853	0.009636695
0.000530656	0.001196328	0.002058265	0.003034987	0.004055212	0.005064698	0.006026226	0.006916921	0.007724891	0.008446113	0.009081853	0.009636695
0.000530656	0.001196328	0.002058265	0.003034987	0.004055212	0.005064698	0.006026226	0.006916921	0.007724891	0.008446113	0.009081853	0.009636695
0.000530656	0.001196328	0.002058265	0.003034987	0.004055212	0.005064698	0.006026226	0.006916921	0.007724891	0.008446113	0.009081853	0.009636695
0.000530656	0.001196328	0.002058265	0.003034987	0.004055212	0.005064698	0.006026226	0.006916921	0.007724891	0.008446113	0.009081853	0.009636695
0.000530656	0.001196328	0.002058265	0.003034987	0.004055212	0.005064698	0.006026226	0.006916921	0.007724891	0.008446113	0.009081853	0.009636695
0.000530656	0.001196328	0.002058265	0.003034987	0.004055212	0.005064698	0.006026226	0.006916921	0.007724891	0.008446113	0.009081853	0.009636695
0.000530656	0.001196328	0.002058265	0.003034987	0.004055212	0.005064698	0.006026226	0.006916921	0.007724891	0.008446113	0.009081853	0.009636695
0.000530656	0.001196328	0.002058265	0.003034987	0.004055212	0.005064698	0.006026226	0.006916921	0.007724891	0.008446113	0.009081853	0.009636695
0.000530656	0.001196328	0.002058265	0.003034987	0.004055212	0.005064698	0.006026226	0.006916921	0.007724891	0.008446113	0.009081853	0.009636695
0.000530656	0.001196328	0.002058265	0.003034987	0.004055212	0.005064698	0.006026226	0.006916921	0.007724891	0.008446113	0.009081853	0.009636695
0.000530656	0.001196328	0.002058265	0.003034987	0.004055212	0.005064698	0.006026226	0.006916921	0.007724891	0.008446113	0.009081853	0.009636695
0.000530656	0.001196328	0.002058265	0.003034987	0.004055212	0.005064698	0.006026226	0.006916921	0.007724891	0.008446113	0.009081853	0.009636695
0.000530656	0.001196328	0.002058265	0.003034987	0.004055212	0.005064698	0.006026226	0.006916921	0.007724891	0.008446113	0.009081853	0.009636695
#nind
1
#ind_names									
SURVEY1									
#nobs_ind
30
#yrs_ind											
1	2	3	4	5	6	7	8	9	10	11	12	13	14	15	16	17	18	19	20	21	22	23	24	25	26	27	28	29	30	
#month_ind										
1															
#biom_ind											
1.46207882285814	1.57663072770639	1.38925318530437	1.30549765160481	1.55564521400005	1.48700340955359	1.21759929602358	1.22364387417188	1.05599452047986	1.10055870894115	0.948621541733502	1.32103436924195	0.96875606077515	1.25488704525527	1.16309439549721	0.902142297477086	0.916184725471652	0.921557049612431	0.852308080955453	0.936733546824959	0.778130857047939	0.787139561511396	0.757413563537332	0.626378470539472	0.647851807239074	0.674388432176061	0.607955490232914	0.638060981842343	0.666800410234577	0.593371458251063
#biom_cv																
0.292415764571628	0.315326145541278	0.277850637060874	0.261099530320961	0.311129042800009	0.297400681910717	0.243519859204715	0.244728774834376	0.211198904095972	0.22011174178823	0.1897243083467	0.264206873848389	0.19375121215503	0.250977409051053	0.232618879099443	0.180428459495417	0.18323694509433	0.184311409922486	0.170461616191091	0.187346709364992	0.155626171409588	0.157427912302279	0.151482712707466	0.125275694107894	0.129570361447815	0.134877686435212	0.121591098046583	0.127612196368469	0.133360082046915	0.118674291650213
#n_ages_ind															
30			
#n_lengths_ind															
0															
#yrs_ages_ind															
1	2	3	4	5	6	7	8	9	10	11	12	13	14	15	16	17	18	19	20	21	22	23	24	25	26	27	28	29	30	
#sample_ages_ind					
200	200	200	200	200	200	200	200	200	200	200	200	200	200	200	200	200	200	200	200	200	200	200	200	200	200	200	200	200	200
#page_ind						
0.07	0.17	0.135	0.13	0.105	0.06	0.07	0.065	0.025	0.015	0.01	0.145
0.06	0.15	0.125	0.145	0.14	0.07	0.06	0.025	0.035	0.025	0.035	0.13
0.075	0.1	0.13	0.195	0.1	0.08	0.06	0.06	0.055	0.04	0.015	0.09
0.04	0.125	0.135	0.145	0.12	0.09	0.06	0.08	0.04	0.02	0.005	0.14
0.055	0.07	0.195	0.105	0.1	0.105	0.07	0.065	0.04	0.03	0.035	0.13
0.04	0.145	0.14	0.14	0.095	0.05	0.08	0.04	0.05	0.04	0.03	0.15
0.065	0.175	0.13	0.085	0.13	0.075	0.065	0.05	0.05	0.035	0.035	0.105
0.09	0.13	0.17	0.115	0.1	0.085	0.055	0.045	0.04	0.025	0.03	0.115
0.075	0.225	0.095	0.13	0.115	0.055	0.035	0.04	0.06	0.005	0.02	0.145
0.065	0.145	0.15	0.125	0.135	0.115	0.055	0.025	0.025	0.03	0.02	0.11
0.08	0.19	0.16	0.13	0.07	0.085	0.045	0.02	0.04	0.02	0.035	0.125
0.145	0.205	0.18	0.105	0.12	0.045	0.06	0.04	0.025	0.01	0.015	0.05
0.13	0.185	0.235	0.14	0.09	0.05	0.04	0.01	0.02	0.035	0.005	0.06
0.07	0.28	0.165	0.12	0.11	0.075	0.02	0.035	0.035	0.02	0	0.07
0.065	0.175	0.295	0.115	0.1	0.085	0.045	0.035	0.005	0.02	0	0.06
0.055	0.245	0.18	0.2	0.1	0.06	0.06	0.03	0.025	0.02	0.01	0.015
0.135	0.12	0.2	0.125	0.165	0.07	0.06	0.04	0.02	0.02	0.005	0.04
0.085	0.245	0.165	0.135	0.08	0.12	0.04	0.04	0.03	0.015	0.005	0.04
0.07	0.245	0.205	0.19	0.09	0.055	0.055	0.01	0.025	0.02	0.005	0.03
0.095	0.185	0.18	0.21	0.075	0.06	0.06	0.06	0.01	0.03	0.015	0.02
0.125	0.2	0.255	0.15	0.095	0.045	0.025	0.03	0.025	0.01	0.01	0.03
0.105	0.27	0.24	0.105	0.075	0.065	0.03	0.04	0.035	0.015	0	0.02
0.125	0.26	0.175	0.15	0.08	0.04	0.065	0.035	0.025	0.005	0.005	0.035
0.155	0.265	0.2	0.16	0.075	0.055	0.045	0.025	0.01	0.005	0	0.005
0.175	0.225	0.225	0.11	0.095	0.05	0.04	0.025	0.015	0.01	0.015	0.015
0.11	0.22	0.24	0.145	0.115	0.06	0.05	0.02	0.01	0.015	0.01	0.005
0.11	0.2	0.21	0.22	0.15	0.025	0.03	0.01	0.03	0.005	0.005	0.005
0.075	0.315	0.165	0.17	0.125	0.075	0.015	0.015	0.025	0.01	0	0.01
0.13	0.225	0.225	0.1	0.08	0.1	0.05	0.02	0.02	0.02	0.01	0.02
0.205	0.31	0.155	0.135	0.065	0.035	0.02	0.04	0.005	0.015	0.01	0.005
#wt_age_ind						
1 1 1 1 1 1 1 1 1 1 1 1 
1 1 1 1 1 1 1 1 1 1 1 1 
1 1 1 1 1 1 1 1 1 1 1 1 
1 1 1 1 1 1 1 1 1 1 1 1 
1 1 1 1 1 1 1 1 1 1 1 1 
1 1 1 1 1 1 1 1 1 1 1 1 
1 1 1 1 1 1 1 1 1 1 1 1 
1 1 1 1 1 1 1 1 1 1 1 1 
1 1 1 1 1 1 1 1 1 1 1 1 
1 1 1 1 1 1 1 1 1 1 1 1 
1 1 1 1 1 1 1 1 1 1 1 1 
1 1 1 1 1 1 1 1 1 1 1 1 
1 1 1 1 1 1 1 1 1 1 1 1 
1 1 1 1 1 1 1 1 1 1 1 1 
1 1 1 1 1 1 1 1 1 1 1 1 
1 1 1 1 1 1 1 1 1 1 1 1 
1 1 1 1 1 1 1 1 1 1 1 1 
1 1 1 1 1 1 1 1 1 1 1 1 
1 1 1 1 1 1 1 1 1 1 1 1 
1 1 1 1 1 1 1 1 1 1 1 1 
1 1 1 1 1 1 1 1 1 1 1 1 
1 1 1 1 1 1 1 1 1 1 1 1 
1 1 1 1 1 1 1 1 1 1 1 1 
1 1 1 1 1 1 1 1 1 1 1 1 
1 1 1 1 1 1 1 1 1 1 1 1 
1 1 1 1 1 1 1 1 1 1 1 1 
1 1 1 1 1 1 1 1 1 1 1 1 
1 1 1 1 1 1 1 1 1 1 1 1 
1 1 1 1 1 1 1 1 1 1 1 1 
1 1 1 1 1 1 1 1 1 1 1 1 
# wt_pop
0.000530656	0.001196328	0.002058265	0.003034987	0.004055212	0.005064698	0.006026226	0.006916921	0.007724891	0.008446113	0.009081853	0.009636695
#maturity
0.02297737 0.32082130 0.90465054 0.99477987 0.99973881 0.99998699 0.99999935 0.99999997 1 1 1 1
#spmonth						
1		
#age_err						
1	0	0	0	0	0	0	0	0	0	0	0
0	1	0	0	0	0	0	0	0	0	0	0
0	0	1	0	0	0	0	0	0	0	0	0
0	0	0	1	0	0	0	0	0	0	0	0
0	0	0	0	1	0	0	0	0	0	0	0
0	0	0	0	0	1	0	0	0	0	0	0
0	0	0	0	0	0	1	0	0	0	0	0
0	0	0	0	0	0	0	1	0	0	0	0
0	0	0	0	0	0	0	0	1	0	0	0
0	0	0	0	0	0	0	0	0	1	0	0
0	0	0	0	0	0	0	0	0	0	1	0
0	0	0	0	0	0	0	0	0	0	0	1																														
