#######GENERAL HEADER INPUT#######
1
30
1
30
1
30
30
12
1	2	3	4	5	6	7	8	9	10	11	12
12
1	2	3	4	5	6	7	8	9	10	11	12
1
1001
1
1
#######SURVEY DATA#######
30
1	2	3	4	5	6	7	8	9	10	11	12	13	14	15	16	17	18	19	20	21	22	23	24	25	26	27	28	29	30
1.49215047417206	1.54281791547969	1.44257707835962	1.41145265180528	1.45816694415359	1.41672225913932	1.42246051241198	1.22329861528146	1.4418057330898	1.1465612748512	1.05420834667918	1.03696970870511	0.970265435019165	1.12389017676804	1.10529773813337	1.09230518653584	0.991969713421449	0.908182137538265	0.908079564301872	0.972275432561721	0.67314057925355	0.908245909377607	0.648677610710845	0.54418121662999	0.592873192688388	0.480317640641819	0.61968141451587	0.562581922501987	0.576089561009754	0.53891364472617
0.2	0.2	0.2	0.2	0.2	0.2	0.2	0.2	0.2	0.2	0.2	0.2	0.2	0.2	0.2	0.2	0.2	0.2	0.2	0.2	0.2	0.2	0.2	0.2	0.2	0.2	0.2	0.2	0.2	0.2
30
1	2	3	4	5	6	7	8	9	10	11	12	13	14	15	16	17	18	19	20	21	22	23	24	25	26	27	28	29	30
200	200	200	200	200	200	200	200	200	200	200	200	200	200	200	200	200	200	200	200	200	200	200	200	200	200	200	200	200	200
200	200	200	200	200	200	200	200	200	200	200	200	200	200	200	200	200	200	200	200	200	200	200	200	200	200	200	200	200	200
0.05	0.15	0.13	0.15	0.075	0.105	0.085	0.035	0.065	0.025	0.02	0.11
0.065	0.175	0.11	0.125	0.11	0.08	0.055	0.06	0.05	0.02	0.035	0.115
0.05	0.16	0.115	0.125	0.09	0.075	0.055	0.055	0.055	0.05	0.025	0.145
0.045	0.135	0.195	0.155	0.08	0.08	0.055	0.04	0.015	0.025	0.035	0.14
0.07	0.16	0.15	0.14	0.06	0.045	0.065	0.075	0.04	0.025	0.03	0.14
0.08	0.16	0.12	0.1	0.12	0.105	0.08	0.05	0.03	0.045	0.015	0.095
0.07	0.18	0.14	0.145	0.105	0.1	0.07	0.03	0.02	0.025	0.01	0.105
0.085	0.165	0.16	0.17	0.105	0.04	0.06	0.04	0.03	0.035	0.025	0.085
0.065	0.15	0.125	0.18	0.125	0.085	0.05	0.06	0.035	0.02	0.025	0.08
0.105	0.15	0.21	0.08	0.095	0.075	0.07	0.04	0.03	0.035	0.02	0.09
0.06	0.195	0.205	0.12	0.07	0.125	0.06	0.05	0.025	0.01	0.02	0.06
0.095	0.125	0.205	0.155	0.115	0.065	0.055	0.05	0.025	0.025	0.025	0.06
0.08	0.19	0.13	0.175	0.09	0.095	0.035	0.05	0.055	0.015	0.015	0.07
0.1	0.16	0.235	0.065	0.15	0.065	0.04	0.01	0.04	0.03	0.01	0.095
0.07	0.29	0.165	0.14	0.06	0.085	0.06	0.045	0.01	0.005	0.02	0.05
0.09	0.15	0.255	0.115	0.105	0.06	0.075	0.055	0.025	0.015	0	0.055
0.095	0.22	0.165	0.175	0.09	0.1	0.015	0.055	0.02	0	0.005	0.06
0.065	0.255	0.205	0.095	0.13	0.075	0.065	0.02	0.025	0.02	0.01	0.035
0.1	0.205	0.24	0.16	0.075	0.09	0.025	0.025	0.02	0.01	0.025	0.025
0.1	0.24	0.15	0.19	0.115	0.055	0.03	0.05	0.035	0.005	0.005	0.025
0.09	0.165	0.235	0.105	0.135	0.085	0.045	0.075	0.015	0.015	0.02	0.015
0.09	0.16	0.215	0.175	0.135	0.075	0.05	0.035	0.03	0.005	0.015	0.015
0.12	0.205	0.175	0.175	0.12	0.08	0.035	0.045	0.01	0.015	0.005	0.015
0.175	0.275	0.19	0.095	0.08	0.05	0.03	0.035	0.015	0.015	0.01	0.03
0.085	0.25	0.255	0.16	0.09	0.075	0.03	0.02	0.005	0.005	0.01	0.015
0.165	0.2	0.175	0.195	0.09	0.07	0.04	0.02	0.01	0.015	0.005	0.015
0.115	0.35	0.135	0.14	0.105	0.045	0.015	0.03	0	0.01	0.02	0.035
0.14	0.215	0.255	0.14	0.075	0.085	0.04	0.01	0.015	0.015	0	0.01
0.09	0.305	0.215	0.16	0.065	0.055	0.045	0.03	0.015	0.01	0	0.01
0.105	0.315	0.23	0.15	0.07	0.035	0.055	0.015	0.015	0	0	0.01
#######LANDINGS DATA#######
1
30
160.766245075038	466.318844523012	749.662103729867	978.061462120617	753.912876684566	1297.2399587703	1255.01134109588	2388.89095873408	1257.79375388108	1467.98975942389	1548.33055722974	1571.78645910168	1077.63073357481	1490.65913961243	1505.42400521594	1295.36098606673	2313.06595012797	1690.66373837132	1574.72609230833	1484.34707470202	1844.07730542898	1225.59520081491	1802.98306401813	1294.37722607853	1188.23916729408	1007.90821863237	953.855876788265	1253.74982954249	895.107661762186	1296.78177658116
0.01	0.01	0.01	0.01	0.01	0.01	0.01	0.01	0.01	0.01	0.01	0.01	0.01	0.01	0.01	0.01	0.01	0.01	0.01	0.01	0.01	0.01	0.01	0.01	0.01	0.01	0.01	0.01	0.01	0.01
30
1	2	3	4	5	6	7	8	9	10	11	12	13	14	15	16	17	18	19	20	21	22	23	24	25	26	27	28	29	30
200	200	200	200	200	200	200	200	200	200	200	200	200	200	200	200	200	200	200	200	200	200	200	200	200	200	200	200	200	200
200	200	200	200	200	200	200	200	200	200	200	200	200	200	200	200	200	200	200	200	200	200	200	200	200	200	200	200	200	200
0.045	0.13	0.16	0.145	0.125	0.075	0.065	0.06	0.06	0.03	0.025	0.08
0.09	0.105	0.09	0.12	0.115	0.11	0.07	0.075	0.065	0.01	0.035	0.115
0.095	0.125	0.1	0.14	0.125	0.06	0.07	0.065	0.015	0.035	0.025	0.145
0.09	0.135	0.125	0.135	0.1	0.085	0.06	0.04	0.025	0.03	0.035	0.14
0.085	0.11	0.09	0.18	0.09	0.09	0.05	0.055	0.045	0.03	0.025	0.15
0.09	0.095	0.16	0.07	0.165	0.055	0.09	0.04	0.055	0.06	0.01	0.11
0.07	0.125	0.12	0.115	0.09	0.125	0.075	0.05	0.03	0.035	0.025	0.14
0.09	0.105	0.12	0.16	0.09	0.065	0.07	0.05	0.035	0.04	0.035	0.14
0.09	0.185	0.1	0.105	0.085	0.065	0.07	0.06	0.055	0.04	0.03	0.115
0.1	0.11	0.11	0.085	0.1	0.135	0.06	0.06	0.055	0.025	0.03	0.13
0.09	0.14	0.15	0.205	0.045	0.105	0.06	0.07	0.03	0.025	0.015	0.065
0.095	0.07	0.19	0.16	0.14	0.06	0.08	0.04	0.025	0.02	0.01	0.11
0.06	0.19	0.15	0.185	0.085	0.12	0.02	0.035	0.025	0.035	0.01	0.085
0.135	0.135	0.16	0.075	0.135	0.065	0.06	0.065	0.05	0.025	0.005	0.09
0.095	0.255	0.17	0.1	0.065	0.09	0.06	0.065	0.01	0.02	0.015	0.055
0.145	0.11	0.23	0.145	0.13	0.06	0.045	0.03	0.045	0.025	0.01	0.025
0.13	0.21	0.11	0.175	0.08	0.13	0.03	0.04	0.035	0.025	0.015	0.02
0.105	0.15	0.23	0.115	0.155	0.05	0.05	0.035	0.015	0.03	0.025	0.04
0.08	0.17	0.135	0.25	0.05	0.135	0.03	0.055	0.015	0.025	0.025	0.03
0.16	0.17	0.155	0.205	0.09	0.025	0.06	0.055	0.02	0.02	0.02	0.02
0.14	0.175	0.185	0.15	0.135	0.055	0.03	0.06	0.005	0.02	0.01	0.035
0.105	0.165	0.235	0.125	0.085	0.11	0.09	0.015	0.025	0.015	0.01	0.02
0.105	0.21	0.155	0.13	0.14	0.07	0.07	0.05	0.02	0.005	0.01	0.035
0.145	0.19	0.21	0.125	0.13	0.085	0.055	0.03	0.005	0.01	0	0.015
0.145	0.17	0.27	0.145	0.085	0.095	0.05	0.015	0.01	0.01	0	0.005
0.17	0.105	0.205	0.185	0.1	0.07	0.06	0.05	0.01	0.015	0.005	0.025
0.125	0.295	0.135	0.135	0.135	0.06	0.04	0.005	0.015	0	0	0.055
0.16	0.15	0.27	0.125	0.095	0.075	0.07	0.025	0.01	0.005	0	0.015
0.235	0.2	0.22	0.17	0.055	0.03	0.015	0.025	0.01	0.01	0	0.03
0.15	0.3	0.22	0.1	0.11	0.04	0.035	0.01	0.02	0	0.01	0.005
#######PARAMETER SECTION#######
800	400	1200	-4	800	-0.25	1
0.18	0.01	1	-4	0.18	-0.25	1
-1.36	-5	-0.001	-4	-1.36	-0.25	1
0.1	0.05	0.3	-4	0.1	-0.25	1
0.2	0.01	0.5	-4	0.2	-0.25	1
0.75	0.20001	1	-3	0.75	-0.25	1
13.815511	-1	200	1	13.815511	-0.25	1
0	-1	1	-4	0	-0.25	1
0.2	1e-04	1.2	-3	0.2	-0.25	1
0	-10	10	-6	0	-1	1
0	-10	10	-6	0	-1	1
2	0	12	2	2	-0.5	1
1	0	12	2	1	-0.5	1
2	0	12	-2	2	-0.5	1
1	0	12	-2	1	-0.5	1
1.5	0	12	2	1.5	-0.5	1
2	0	12	2	2	-0.5	1
-14.8946813696961	-30	5	1	-14.8946813696961	-1	1
1	0.1	2	-1	1	-1	1
-1.54399197800355	-10	1.39	1	-1.54399197800355	-1	1
#######DEV CONSTRAINTS and DEVS#######
-15	15	2
-15	15	2
-15	15	2
0	0	0	0	0	0	0	0	0	0	0	0	0	0	0	0	0	0	0	0	0	0	0	0	0	0	0	0	0	0
0	0	0	0	0	0	0	0	0	0	0	0	0	0	0	0	0	0	0	0	0	0	0	0	0	0	0	0	0	0
0	0	0	0	0	0	0	0	0	0	0
#######LIKELIHOOD WEIGHTS#######
1
1
1
1
0
1
0
0
0
#######MISCELLANEOUS STUFF SECTION#######
2.5e-08
3
0.5	0.5	0.5	0.5	0.5	0.5	0.5	0.5	0.5	0.5	0.5	0.5
0.0229773699100256	0.320821300824607	0.904650535100891	0.994779874306442	0.999738809680904	0.999986992871533	0.999999352405202	0.999999967758134	0.999999998394772	0.99999999992008	0.999999999996021	0.999999999999802
0.2	0.2	0.2	0.2	0.2	0.2	0.2	0.2	0.2	0.2	0.2	0.2
0
1
10
0.2
1
1	0	0	0	0	0	0	0	0	0	0	0
0	1	0	0	0	0	0	0	0	0	0	0
0	0	1	0	0	0	0	0	0	0	0	0
0	0	0	1	0	0	0	0	0	0	0	0
0	0	0	0	1	0	0	0	0	0	0	0
0	0	0	0	0	1	0	0	0	0	0	0
0	0	0	0	0	0	1	0	0	0	0	0
0	0	0	0	0	0	0	1	0	0	0	0
0	0	0	0	0	0	0	0	1	0	0	0
0	0	0	0	0	0	0	0	0	1	0	0
0	0	0	0	0	0	0	0	0	0	1	0
0	0	0	0	0	0	0	0	0	0	0	1
40
31
2
1
#######END OF DATA FILE#######
999
