# Number of parameters = 77  Objective function value = 26533.7  Maximum gradient component = 0.00495879
# sel_params[1]:
1.96574257583
# sel_params[2]:
1.01336581095
# log_Fmult_year1:
 -4.70802331158
# log_Fmult_devs:
 1.04809430585 0.504170700362 0.307311044573 -0.226321994839 0.571567518413 0.0266853759451 0.736438934396 -0.531263621350 0.203586210578 0.115648508243 0.0713969717157 -0.326184426124 0.373498634082 0.0650195038950 -0.115189817297 0.658036213189 -0.197007743197 -0.0133005640168 -0.0208708813843 0.339966193808 -0.324923556524 0.488730804103 -0.202631279023 -0.0200678077633 -0.116442501270 -0.0461833605931 0.299430700904 -0.312151784158 0.370753171465
# log_recruit_devs:
 -0.0116429923207 0.271222531302 0.0186533601411 0.263896476192 -0.0992264783498 0.196254924367 0.188189870833 0.0942972826303 -0.152364576677 -0.388143332864 0.0354245292951 0.0163700345719 -0.417630905933 0.131646102329 0.150074254262 0.00337023113018 0.0151360176339 -0.111793465991 0.0286520797630 -0.201958697355 0.00971235535149 0.0302112048053 -0.168841317235 0.0939627664846 -0.108574382403 0.208883391151 0.170222843311 -0.0904074835830 -0.0476084066382 -0.127988216205
# log_N_year1_devs:
 0.0226962119930 0.0431951292748 0.129808372032 0.0650047613140 0.142804938454 -0.0549014452184 -0.0822252928102 -0.0888462620244 0.251181285538 -0.0693141060616 -0.215959938497
# log_q_year1:
 -8.04159568444
# log_q_devs:
 0.00000000000 0.00000000000 0.00000000000 0.00000000000 0.00000000000 0.00000000000 0.00000000000 0.00000000000 0.00000000000 0.00000000000 0.00000000000 0.00000000000 0.00000000000 0.00000000000 0.00000000000 0.00000000000 0.00000000000 0.00000000000 0.00000000000 0.00000000000 0.00000000000 0.00000000000 0.00000000000 0.00000000000 0.00000000000 0.00000000000 0.00000000000 0.00000000000 0.00000000000
# index_sel_params[1]:
1.40941912793
# index_sel_params[2]:
0.483223981789
# log_SR_scaler:
6.94155611278
# SR_steepness:
0.750000000000
