#######GENERAL HEADER INPUT#######
1
30
1
30
1
30
30
12
1	2	3	4	5	6	7	8	9	10	11	12
12
1	2	3	4	5	6	7	8	9	10	11	12
1
1001
1
1
#######SURVEY DATA#######
30
1	2	3	4	5	6	7	8	9	10	11	12	13	14	15	16	17	18	19	20	21	22	23	24	25	26	27	28	29	30
1.69282767546807	1.5196658101985	1.38909016259724	1.3908343061328	1.41305521178557	1.46422576644746	1.06791699929951	1.15661942435241	1.14859792593339	1.36323591710335	1.18807616269459	1.11482814438213	1.11379262519048	1.13047621221145	1.05828896638637	1.06522212473947	0.859163124658825	0.833920746693072	0.884226550255733	0.707794459250178	0.714374434067007	0.734936183964033	0.594823474960378	0.578774444075932	0.81780093646823	0.607338095551071	0.601195691625232	0.560325730632822	0.670117307659828	0.585294284743337
0.2	0.2	0.2	0.2	0.2	0.2	0.2	0.2	0.2	0.2	0.2	0.2	0.2	0.2	0.2	0.2	0.2	0.2	0.2	0.2	0.2	0.2	0.2	0.2	0.2	0.2	0.2	0.2	0.2	0.2
30
1	2	3	4	5	6	7	8	9	10	11	12	13	14	15	16	17	18	19	20	21	22	23	24	25	26	27	28	29	30
200	200	200	200	200	200	200	200	200	200	200	200	200	200	200	200	200	200	200	200	200	200	200	200	200	200	200	200	200	200
200	200	200	200	200	200	200	200	200	200	200	200	200	200	200	200	200	200	200	200	200	200	200	200	200	200	200	200	200	200
0.065	0.15	0.15	0.125	0.105	0.065	0.055	0.06	0.035	0.035	0.04	0.115
0.045	0.125	0.14	0.115	0.105	0.105	0.085	0.055	0.04	0.035	0.015	0.135
0.105	0.1	0.115	0.17	0.1	0.08	0.07	0.07	0.03	0.035	0.025	0.1
0.085	0.165	0.12	0.135	0.13	0.07	0.05	0.045	0.035	0.04	0.025	0.1
0.065	0.16	0.15	0.115	0.095	0.08	0.07	0.045	0.03	0.055	0.025	0.11
0.095	0.135	0.14	0.155	0.085	0.09	0.05	0.08	0.04	0.015	0.02	0.095
0.09	0.215	0.195	0.095	0.09	0.05	0.05	0.065	0.02	0.035	0.025	0.07
0.045	0.18	0.195	0.12	0.075	0.115	0.05	0.035	0.025	0.02	0.055	0.085
0.05	0.135	0.13	0.16	0.11	0.115	0.03	0.07	0.03	0.015	0.035	0.12
0.075	0.11	0.13	0.15	0.115	0.07	0.095	0.075	0.04	0.025	0.025	0.09
0.14	0.185	0.095	0.13	0.07	0.105	0.05	0.055	0.025	0.02	0.015	0.11
0.095	0.255	0.25	0.075	0.095	0.075	0.04	0.025	0.02	0.015	0.015	0.04
0.115	0.19	0.24	0.11	0.09	0.05	0.085	0.005	0.01	0.015	0.015	0.075
0.065	0.275	0.12	0.19	0.1	0.06	0.04	0.015	0.025	0.03	0.02	0.06
0.085	0.11	0.305	0.11	0.145	0.11	0.02	0.015	0.03	0.015	0.015	0.04
0.09	0.125	0.165	0.26	0.115	0.09	0.03	0.015	0.035	0.01	0.015	0.05
0.08	0.215	0.11	0.1	0.21	0.085	0.06	0.035	0.045	0.025	0	0.035
0.06	0.185	0.2	0.135	0.065	0.11	0.07	0.05	0.045	0.01	0	0.07
0.135	0.17	0.155	0.195	0.08	0.08	0.075	0.035	0.025	0.02	0.01	0.02
0.055	0.19	0.155	0.2	0.14	0.05	0.03	0.07	0.035	0.03	0.01	0.035
0.11	0.225	0.215	0.095	0.105	0.08	0.035	0.03	0.035	0.025	0.025	0.02
0.13	0.205	0.265	0.125	0.075	0.055	0.055	0.025	0.005	0.03	0.015	0.015
0.175	0.22	0.26	0.095	0.085	0.045	0.04	0.04	0.025	0	0.01	0.005
0.105	0.275	0.245	0.135	0.065	0.025	0.045	0.035	0.04	0.015	0.005	0.01
0.09	0.235	0.27	0.18	0.1	0.02	0.025	0.02	0.01	0.025	0	0.025
0.13	0.11	0.305	0.21	0.11	0.065	0.015	0.02	0.01	0.01	0	0.015
0.105	0.225	0.14	0.17	0.17	0.055	0.025	0.05	0.015	0.015	0.005	0.025
0.105	0.245	0.21	0.12	0.14	0.08	0.03	0.02	0.02	0.005	0.01	0.015
0.195	0.185	0.185	0.165	0.065	0.06	0.075	0.01	0.035	0.01	0.01	0.005
0.11	0.31	0.27	0.115	0.075	0.03	0.05	0.02	0.01	0	0.005	0.005
#######LANDINGS DATA#######
1
30
160.49984999347	463.343078210566	741.773822651092	961.391437168742	742.327209504157	1265.35543364182	1209.51192206256	2334.12813669045	1232.57465301374	1393.88660612316	1473.21471687376	1471.26094722844	1060.30975604218	1543.20694526521	1601.09282141578	1410.02710916318	2508.39892355671	1803.75383580576	1620.63599577351	1477.56181571207	1802.70594760057	1191.21271450274	1819.57228289154	1403.06201188318	1380.98254873205	1206.9311283752	1129.17777746687	1435.51713579163	999.48232935746	1402.14841253506
0.01	0.01	0.01	0.01	0.01	0.01	0.01	0.01	0.01	0.01	0.01	0.01	0.01	0.01	0.01	0.01	0.01	0.01	0.01	0.01	0.01	0.01	0.01	0.01	0.01	0.01	0.01	0.01	0.01	0.01
30
1	2	3	4	5	6	7	8	9	10	11	12	13	14	15	16	17	18	19	20	21	22	23	24	25	26	27	28	29	30
200	200	200	200	200	200	200	200	200	200	200	200	200	200	200	200	200	200	200	200	200	200	200	200	200	200	200	200	200	200
200	200	200	200	200	200	200	200	200	200	200	200	200	200	200	200	200	200	200	200	200	200	200	200	200	200	200	200	200	200
0.075	0.11	0.155	0.1	0.07	0.095	0.1	0.035	0.045	0.04	0.03	0.145
0.045	0.12	0.125	0.12	0.09	0.09	0.065	0.04	0.07	0.05	0.035	0.15
0.08	0.08	0.105	0.15	0.09	0.085	0.095	0.07	0.03	0.035	0.045	0.135
0.075	0.115	0.08	0.105	0.12	0.12	0.11	0.04	0.06	0.025	0.025	0.125
0.075	0.065	0.16	0.08	0.115	0.145	0.08	0.02	0.05	0.05	0.045	0.115
0.085	0.12	0.075	0.17	0.09	0.11	0.065	0.055	0.05	0.025	0.045	0.11
0.055	0.16	0.09	0.11	0.105	0.05	0.09	0.055	0.055	0.035	0.04	0.155
0.09	0.125	0.145	0.095	0.085	0.115	0.05	0.04	0.02	0.05	0.02	0.165
0.1	0.115	0.12	0.195	0.08	0.07	0.055	0.05	0.05	0.035	0.02	0.11
0.115	0.07	0.175	0.105	0.165	0.085	0.045	0.04	0.04	0.045	0.03	0.085
0.17	0.185	0.105	0.115	0.1	0.08	0.035	0.025	0.03	0.03	0.025	0.1
0.075	0.21	0.155	0.12	0.08	0.07	0.105	0.03	0.03	0.02	0.02	0.085
0.125	0.175	0.215	0.08	0.05	0.08	0.065	0.065	0.04	0.015	0.03	0.06
0.085	0.18	0.145	0.23	0.13	0.05	0.055	0.025	0.03	0.03	0.005	0.035
0.07	0.095	0.245	0.095	0.195	0.09	0.055	0.05	0.04	0.015	0.015	0.035
0.11	0.105	0.21	0.2	0.065	0.125	0.05	0.05	0.02	0.02	0.005	0.04
0.09	0.17	0.13	0.125	0.165	0.06	0.105	0.06	0.01	0.025	0.02	0.04
0.08	0.145	0.2	0.19	0.08	0.115	0.035	0.06	0.025	0	0.005	0.065
0.105	0.115	0.195	0.2	0.09	0.04	0.11	0.035	0.06	0.01	0.01	0.03
0.11	0.125	0.18	0.17	0.155	0.065	0.05	0.04	0.015	0.05	0	0.04
0.175	0.16	0.135	0.115	0.12	0.1	0.035	0.02	0.05	0.025	0.01	0.055
0.17	0.185	0.2	0.135	0.065	0.09	0.05	0.02	0.02	0.03	0.005	0.03
0.23	0.23	0.165	0.07	0.085	0.06	0.045	0.04	0.03	0.01	0.025	0.01
0.165	0.29	0.165	0.15	0.09	0.055	0.01	0.01	0.025	0.015	0.005	0.02
0.1	0.195	0.31	0.155	0.075	0.055	0.045	0.01	0.015	0.02	0.01	0.01
0.105	0.16	0.165	0.28	0.16	0.045	0.02	0.015	0.015	0.015	0.015	0.005
0.115	0.19	0.135	0.165	0.19	0.09	0.045	0.02	0.03	0	0.015	0.005
0.16	0.24	0.18	0.085	0.14	0.11	0.04	0.01	0.01	0.01	0.01	0.005
0.2	0.2	0.175	0.105	0.055	0.16	0.045	0.02	0.02	0.02	0	0
0.165	0.26	0.2	0.115	0.13	0.035	0.04	0.025	0.01	0.005	0.01	0.005
#######PARAMETER SECTION#######
800	400	1200	-4	800	-0.25	1
0.18	0.01	1	-4	0.18	-0.25	1
-1.36	-5	-0.001	-4	-1.36	-0.25	1
0.1	0.05	0.3	-4	0.1	-0.25	1
0.2	0.01	0.5	-4	0.2	-0.25	1
0.75	0.20001	1	-3	0.75	-0.25	1
13.815511	-1	200	1	13.815511	-0.25	1
0	-1	1	-4	0	-0.25	1
0.2	1e-04	1.2	-3	0.2	-0.25	1
0	-10	10	-6	0	-1	1
0	-10	10	-6	0	-1	1
2	0	12	2	2	-0.5	1
1	0	12	2	1	-0.5	1
2	0	12	-2	2	-0.5	1
1	0	12	-2	1	-0.5	1
1.5	0	12	2	1.5	-0.5	1
2	0	12	2	2	-0.5	1
-14.9123044680702	-30	5	1	-14.9123044680702	-1	1
1	0.1	2	-1	1	-1	1
-1.54399197800355	-10	1.39	1	-1.54399197800355	-1	1
#######DEV CONSTRAINTS and DEVS#######
-15	15	2
-15	15	2
-15	15	2
0	0	0	0	0	0	0	0	0	0	0	0	0	0	0	0	0	0	0	0	0	0	0	0	0	0	0	0	0	0
0	0	0	0	0	0	0	0	0	0	0	0	0	0	0	0	0	0	0	0	0	0	0	0	0	0	0	0	0	0
0	0	0	0	0	0	0	0	0	0	0
#######LIKELIHOOD WEIGHTS#######
1
1
1
1
0
1
0
0
0
#######MISCELLANEOUS STUFF SECTION#######
2.5e-08
3
0.5	0.5	0.5	0.5	0.5	0.5	0.5	0.5	0.5	0.5	0.5	0.5
0.0229773699100256	0.320821300824607	0.904650535100891	0.994779874306442	0.999738809680904	0.999986992871533	0.999999352405202	0.999999967758134	0.999999998394772	0.99999999992008	0.999999999996021	0.999999999999802
0.2	0.2	0.2	0.2	0.2	0.2	0.2	0.2	0.2	0.2	0.2	0.2
0
1
10
0.2
1
1	0	0	0	0	0	0	0	0	0	0	0
0	1	0	0	0	0	0	0	0	0	0	0
0	0	1	0	0	0	0	0	0	0	0	0
0	0	0	1	0	0	0	0	0	0	0	0
0	0	0	0	1	0	0	0	0	0	0	0
0	0	0	0	0	1	0	0	0	0	0	0
0	0	0	0	0	0	1	0	0	0	0	0
0	0	0	0	0	0	0	1	0	0	0	0
0	0	0	0	0	0	0	0	1	0	0	0
0	0	0	0	0	0	0	0	0	1	0	0
0	0	0	0	0	0	0	0	0	0	1	0
0	0	0	0	0	0	0	0	0	0	0	1
40
31
2
1
#######END OF DATA FILE#######
999
