# Number of parameters = 77  Objective function value = 26412.0  Maximum gradient component = 0.00192385
# sel_params[1]:
1.94622417813
# sel_params[2]:
0.993888637351
# log_Fmult_year1:
 -4.71540784110
# log_Fmult_devs:
 1.06940092796 0.502302801812 0.308576972309 -0.225812689853 0.597471279223 0.0138583920302 0.742767789861 -0.518980782885 0.189070690226 0.119210312721 0.0828253592055 -0.339704621425 0.371419390882 0.0665487858319 -0.120523801324 0.664547734115 -0.193923504668 -0.0199902531475 -0.0100324791457 0.342864214277 -0.326476809253 0.485338925346 -0.208242917718 -0.0109396383819 -0.0992379314040 -0.0313652640879 0.308743571403 -0.318369317844 0.379350521843
# log_recruit_devs:
 -0.171306625112 -0.139573298516 0.0594597158212 -0.0772584140990 0.0551802995556 0.00962822704192 0.117579094011 0.111241088963 0.0582623628872 0.163807751291 -0.0533112875797 -0.132616244007 0.293990564783 -0.0123800364484 0.203681035258 -0.133827870933 0.221359371100 -0.0277247540570 0.141198877960 -0.191152189898 -0.141692696113 -0.119315862374 -0.107092809516 0.292616969124 -0.0156617358381 -0.148665136837 -0.246566014220 -0.169558288129 0.196269490049 -0.0365715841678
# log_N_year1_devs:
 -0.0251381058624 -0.00298254368852 0.0987144303018 -0.00557553909229 -0.0421469885963 -0.0353898081274 0.0797533828659 0.0715691317913 0.0937743636107 0.354558217261 -0.257370059501
# log_q_year1:
 -8.05256934771
# log_q_devs:
 0.00000000000 0.00000000000 0.00000000000 0.00000000000 0.00000000000 0.00000000000 0.00000000000 0.00000000000 0.00000000000 0.00000000000 0.00000000000 0.00000000000 0.00000000000 0.00000000000 0.00000000000 0.00000000000 0.00000000000 0.00000000000 0.00000000000 0.00000000000 0.00000000000 0.00000000000 0.00000000000 0.00000000000 0.00000000000 0.00000000000 0.00000000000 0.00000000000 0.00000000000
# index_sel_params[1]:
1.47161049000
# index_sel_params[2]:
0.429741177107
# log_SR_scaler:
6.98965259712
# SR_steepness:
0.750000000000
