# Number of parameters = 77  Objective function value = 26364.8  Maximum gradient component = 0.000236741
# sel_params[1]:
2.08130367319
# sel_params[2]:
1.01097545816
# log_Fmult_year1:
 -4.66682254543
# log_Fmult_devs:
 1.05235719842 0.506515496057 0.310815107971 -0.223847964882 0.584871563114 0.0261463728893 0.752827334601 -0.537429109374 0.197997115780 0.103178185788 0.0638550108160 -0.331930059017 0.364946465757 0.0672928524029 -0.115638878652 0.671859388917 -0.196972051398 -0.00616464914937 -0.00130796085930 0.354786587815 -0.312054537304 0.514972574656 -0.173830086834 0.0115542587806 -0.0905157289443 0.00459448930763 0.369686078681 -0.222928439916 0.492546342839
# log_recruit_devs:
 -0.0535447681325 0.0545266972491 0.00660710886716 -0.209058032343 0.415256214743 -0.204895406801 0.133779067328 0.0929963237581 -0.121084099955 0.117400719175 0.145694157940 -0.0568580186896 0.160015813287 0.0104947813658 -0.301726992706 -0.266358191164 0.0577951189810 -0.168237853546 0.0692406313792 0.108883639403 0.102408307166 -0.0143674288507 0.00712979340426 -0.247585369006 0.0720376748137 -0.00429274100319 -0.0720269098170 0.131450730145 -0.00141755496684 0.0357365879737
# log_N_year1_devs:
 0.0152673618681 -0.0693815888445 -0.0678477998008 0.0290137797568 0.0770381749096 -0.0756330566789 0.0701752589295 0.0471797169307 -0.0605538025849 0.0721816779389 -0.224553632250
# log_q_year1:
 -8.00029640608
# log_q_devs:
 0.00000000000 0.00000000000 0.00000000000 0.00000000000 0.00000000000 0.00000000000 0.00000000000 0.00000000000 0.00000000000 0.00000000000 0.00000000000 0.00000000000 0.00000000000 0.00000000000 0.00000000000 0.00000000000 0.00000000000 0.00000000000 0.00000000000 0.00000000000 0.00000000000 0.00000000000 0.00000000000 0.00000000000 0.00000000000 0.00000000000 0.00000000000 0.00000000000 0.00000000000
# index_sel_params[1]:
1.39836162996
# index_sel_params[2]:
0.483013513018
# log_SR_scaler:
6.90292208784
# SR_steepness:
0.750000000000
