#styr												
1
#endyr												
30
#rec_age										
1															
#n_ages										
12
# numbers of length intervals
81
#Length	bin
10	11	12	13	14	15	16	17	18	19	20	21	22	23	24	25	26	27	28	29	30	31	32	33	34	35	36	37	38	39	40	41	42	43	44	45	46	47	48	49	50	51	52	53	54	55	56	57	58	59	60	61	62	63	64	65	66	67	68	69	70	71	72	73	74	75	76	77	78	79	80	81	82	83	84	85	86	87	88	89	90
#nfsh
1
#names_fsh
FLEET1												
#catch												
160.887190484515	463.223274552192	741.307607585139	983.049150575269	748.650114283009	1306.4344080788	1258.71185640997	2433.76838369205	1304.66225935442	1511.89041065042	1609.29712534931	1589.25142960653	1096.15662407926	1517.17237527601	1498.41783281482	1263.03059067736	2264.43676541217	1612.94018689698	1453.02183900136	1316.58290155481	1632.59286742494	1099.88871595082	1645.58955943563	1218.62521671259	1124.10090019149	980.097596435158	932.492730955893	1221.79489068217	879.231509281811	1286.13764006408
#catch_cv											
0.01	0.01	0.01	0.01	0.01	0.01	0.01	0.01	0.01	0.01	0.01	0.01	0.01	0.01	0.01	0.01	0.01	0.01	0.01	0.01	0.01	0.01	0.01	0.01	0.01	0.01	0.01	0.01	0.01	0.01
#n_ages_fsh								
30		
#n_lengths_fsh								
0															
#yrs_ages_fsh								
1	2	3	4	5	6	7	8	9	10	11	12	13	14	15	16	17	18	19	20	21	22	23	24	25	26	27	28	29	30	
#sample_ages_fsh							
200	200	200	200	200	200	200	200	200	200	200	200	200	200	200	200	200	200	200	200	200	200	200	200	200	200	200	200	200	200
#page_fsh	2	3	4	5	6	7	8	9	10	11						
0.07	0.1	0.125	0.11	0.11	0.125	0.095	0.055	0.015	0.055	0.025	0.115
0.095	0.08	0.12	0.145	0.13	0.065	0.05	0.05	0.03	0.02	0.04	0.175
0.075	0.14	0.13	0.09	0.09	0.065	0.085	0.045	0.075	0.055	0.035	0.115
0.055	0.085	0.21	0.14	0.08	0.1	0.07	0.045	0.025	0.04	0.04	0.11
0.115	0.07	0.15	0.125	0.105	0.075	0.075	0.055	0.04	0.05	0.035	0.105
0.08	0.125	0.1	0.135	0.105	0.09	0.06	0.04	0.05	0.035	0.055	0.125
0.065	0.16	0.165	0.09	0.08	0.125	0.05	0.05	0.055	0.02	0.025	0.115
0.065	0.08	0.125	0.195	0.115	0.05	0.08	0.045	0.045	0.055	0.005	0.14
0.055	0.135	0.15	0.185	0.165	0.06	0.03	0.025	0.055	0.01	0.01	0.12
0.1	0.115	0.19	0.1	0.105	0.095	0.05	0.05	0.065	0.03	0.035	0.065
0.07	0.14	0.15	0.14	0.125	0.115	0.07	0.02	0.035	0.035	0.03	0.07
0.105	0.155	0.16	0.115	0.12	0.085	0.055	0.035	0.02	0.03	0.045	0.075
0.095	0.125	0.15	0.19	0.1	0.08	0.065	0.035	0.05	0.015	0.025	0.07
0.09	0.135	0.135	0.205	0.1	0.08	0.055	0.015	0.04	0.05	0.02	0.075
0.125	0.14	0.135	0.165	0.125	0.105	0.05	0.055	0.035	0.005	0.025	0.035
0.12	0.175	0.15	0.17	0.09	0.06	0.07	0.045	0.01	0.01	0.025	0.075
0.1	0.18	0.175	0.165	0.075	0.065	0.06	0.05	0.035	0.01	0	0.085
0.1	0.155	0.23	0.165	0.07	0.04	0.04	0.065	0.03	0.04	0.02	0.045
0.135	0.105	0.22	0.14	0.11	0.075	0.06	0.04	0.04	0.02	0.01	0.045
0.105	0.15	0.15	0.195	0.15	0.095	0.045	0.01	0.045	0.03	0.015	0.01
0.17	0.15	0.15	0.125	0.175	0.085	0.055	0.025	0.005	0	0.01	0.05
0.175	0.21	0.12	0.205	0.065	0.075	0.025	0.045	0.035	0	0.005	0.04
0.1	0.265	0.21	0.105	0.105	0.06	0.05	0.025	0.035	0.01	0.01	0.025
0.13	0.2	0.215	0.195	0.07	0.075	0.02	0.02	0.03	0.015	0.02	0.01
0.19	0.18	0.205	0.145	0.115	0.04	0.03	0.03	0.025	0.01	0.02	0.01
0.13	0.245	0.135	0.18	0.145	0.065	0.025	0.025	0.01	0.02	0.005	0.015
0.165	0.17	0.24	0.1	0.075	0.095	0.085	0.02	0.025	0.01	0.005	0.01
0.145	0.21	0.16	0.225	0.08	0.07	0.025	0.04	0.015	0.01	0	0.02
0.165	0.215	0.205	0.12	0.155	0.055	0.025	0.015	0.015	0.015	0.005	0.01
0.18	0.225	0.235	0.075	0.09	0.09	0.025	0.025	0.035	0.01	0	0.01
#wt_age_fsh	1 2	3	4	5	6	7	8	9	10	11						
0.000530656	0.001196328	0.002058265	0.003034987	0.004055212	0.005064698	0.006026226	0.006916921	0.007724891	0.008446113	0.009081853	0.009636695
0.000530656	0.001196328	0.002058265	0.003034987	0.004055212	0.005064698	0.006026226	0.006916921	0.007724891	0.008446113	0.009081853	0.009636695
0.000530656	0.001196328	0.002058265	0.003034987	0.004055212	0.005064698	0.006026226	0.006916921	0.007724891	0.008446113	0.009081853	0.009636695
0.000530656	0.001196328	0.002058265	0.003034987	0.004055212	0.005064698	0.006026226	0.006916921	0.007724891	0.008446113	0.009081853	0.009636695
0.000530656	0.001196328	0.002058265	0.003034987	0.004055212	0.005064698	0.006026226	0.006916921	0.007724891	0.008446113	0.009081853	0.009636695
0.000530656	0.001196328	0.002058265	0.003034987	0.004055212	0.005064698	0.006026226	0.006916921	0.007724891	0.008446113	0.009081853	0.009636695
0.000530656	0.001196328	0.002058265	0.003034987	0.004055212	0.005064698	0.006026226	0.006916921	0.007724891	0.008446113	0.009081853	0.009636695
0.000530656	0.001196328	0.002058265	0.003034987	0.004055212	0.005064698	0.006026226	0.006916921	0.007724891	0.008446113	0.009081853	0.009636695
0.000530656	0.001196328	0.002058265	0.003034987	0.004055212	0.005064698	0.006026226	0.006916921	0.007724891	0.008446113	0.009081853	0.009636695
0.000530656	0.001196328	0.002058265	0.003034987	0.004055212	0.005064698	0.006026226	0.006916921	0.007724891	0.008446113	0.009081853	0.009636695
0.000530656	0.001196328	0.002058265	0.003034987	0.004055212	0.005064698	0.006026226	0.006916921	0.007724891	0.008446113	0.009081853	0.009636695
0.000530656	0.001196328	0.002058265	0.003034987	0.004055212	0.005064698	0.006026226	0.006916921	0.007724891	0.008446113	0.009081853	0.009636695
0.000530656	0.001196328	0.002058265	0.003034987	0.004055212	0.005064698	0.006026226	0.006916921	0.007724891	0.008446113	0.009081853	0.009636695
0.000530656	0.001196328	0.002058265	0.003034987	0.004055212	0.005064698	0.006026226	0.006916921	0.007724891	0.008446113	0.009081853	0.009636695
0.000530656	0.001196328	0.002058265	0.003034987	0.004055212	0.005064698	0.006026226	0.006916921	0.007724891	0.008446113	0.009081853	0.009636695
0.000530656	0.001196328	0.002058265	0.003034987	0.004055212	0.005064698	0.006026226	0.006916921	0.007724891	0.008446113	0.009081853	0.009636695
0.000530656	0.001196328	0.002058265	0.003034987	0.004055212	0.005064698	0.006026226	0.006916921	0.007724891	0.008446113	0.009081853	0.009636695
0.000530656	0.001196328	0.002058265	0.003034987	0.004055212	0.005064698	0.006026226	0.006916921	0.007724891	0.008446113	0.009081853	0.009636695
0.000530656	0.001196328	0.002058265	0.003034987	0.004055212	0.005064698	0.006026226	0.006916921	0.007724891	0.008446113	0.009081853	0.009636695
0.000530656	0.001196328	0.002058265	0.003034987	0.004055212	0.005064698	0.006026226	0.006916921	0.007724891	0.008446113	0.009081853	0.009636695
0.000530656	0.001196328	0.002058265	0.003034987	0.004055212	0.005064698	0.006026226	0.006916921	0.007724891	0.008446113	0.009081853	0.009636695
0.000530656	0.001196328	0.002058265	0.003034987	0.004055212	0.005064698	0.006026226	0.006916921	0.007724891	0.008446113	0.009081853	0.009636695
0.000530656	0.001196328	0.002058265	0.003034987	0.004055212	0.005064698	0.006026226	0.006916921	0.007724891	0.008446113	0.009081853	0.009636695
0.000530656	0.001196328	0.002058265	0.003034987	0.004055212	0.005064698	0.006026226	0.006916921	0.007724891	0.008446113	0.009081853	0.009636695
0.000530656	0.001196328	0.002058265	0.003034987	0.004055212	0.005064698	0.006026226	0.006916921	0.007724891	0.008446113	0.009081853	0.009636695
0.000530656	0.001196328	0.002058265	0.003034987	0.004055212	0.005064698	0.006026226	0.006916921	0.007724891	0.008446113	0.009081853	0.009636695
0.000530656	0.001196328	0.002058265	0.003034987	0.004055212	0.005064698	0.006026226	0.006916921	0.007724891	0.008446113	0.009081853	0.009636695
0.000530656	0.001196328	0.002058265	0.003034987	0.004055212	0.005064698	0.006026226	0.006916921	0.007724891	0.008446113	0.009081853	0.009636695
0.000530656	0.001196328	0.002058265	0.003034987	0.004055212	0.005064698	0.006026226	0.006916921	0.007724891	0.008446113	0.009081853	0.009636695
0.000530656	0.001196328	0.002058265	0.003034987	0.004055212	0.005064698	0.006026226	0.006916921	0.007724891	0.008446113	0.009081853	0.009636695
#nind
1
#ind_names									
SURVEY1									
#nobs_ind
30
#yrs_ind											
1	2	3	4	5	6	7	8	9	10	11	12	13	14	15	16	17	18	19	20	21	22	23	24	25	26	27	28	29	30	
#month_ind										
1															
#biom_ind											
1.46270991139062	1.54729910640453	1.53343885379698	1.54009394436704	1.38074634778051	1.56261862003158	1.69037888116485	1.43056978329399	1.10593254880307	1.24401120856707	1.24205898187366	1.26942793304002	1.02277719529811	1.09572997978442	0.959097296794358	0.895757114880283	1.04845308911867	0.844496076674461	0.890694289564429	0.771551044138499	0.702442550034265	0.758252444872473	0.679359620322027	0.520515981164642	0.478004826327871	0.626723072694344	0.527940633381723	0.633942145404203	0.513293186721977	0.532364385569827
#biom_cv																
0.292541982278125	0.309459821280906	0.306687770759396	0.308018788873407	0.276149269556102	0.312523724006315	0.33807577623297	0.286113956658798	0.221186509760614	0.248802241713415	0.248411796374731	0.253885586608004	0.204555439059622	0.219145995956884	0.191819459358872	0.179151422976057	0.209690617823735	0.168899215334892	0.178138857912886	0.1543102088277	0.140488510006853	0.151650488974495	0.135871924064405	0.104103196232928	0.0956009652655742	0.125344614538869	0.105588126676345	0.126788429080841	0.102658637344395	0.106472877113965
#n_ages_ind															
30			
#n_lengths_ind															
0															
#yrs_ages_ind															
1	2	3	4	5	6	7	8	9	10	11	12	13	14	15	16	17	18	19	20	21	22	23	24	25	26	27	28	29	30	
#sample_ages_ind					
200	200	200	200	200	200	200	200	200	200	200	200	200	200	200	200	200	200	200	200	200	200	200	200	200	200	200	200	200	200
#page_ind						
0.045	0.115	0.155	0.13	0.12	0.09	0.08	0.075	0.055	0.015	0.02	0.1
0.09	0.12	0.155	0.16	0.08	0.06	0.05	0.05	0.035	0.04	0.025	0.135
0.035	0.165	0.115	0.13	0.14	0.09	0.08	0.075	0.025	0.03	0.025	0.09
0.07	0.11	0.185	0.12	0.07	0.075	0.055	0.075	0.04	0.01	0.045	0.145
0.11	0.115	0.175	0.14	0.055	0.1	0.08	0.025	0.03	0.03	0.04	0.1
0.075	0.18	0.13	0.145	0.145	0.065	0.045	0.03	0.035	0.03	0.025	0.095
0.045	0.185	0.22	0.095	0.08	0.045	0.035	0.08	0.045	0.04	0.02	0.11
0.065	0.17	0.205	0.135	0.065	0.075	0.105	0.01	0.02	0.03	0.02	0.1
0.135	0.13	0.125	0.135	0.12	0.065	0.045	0.06	0.03	0.035	0.015	0.105
0.04	0.17	0.14	0.11	0.14	0.1	0.055	0.045	0.035	0.035	0.02	0.11
0.075	0.175	0.135	0.195	0.095	0.08	0.09	0.03	0.04	0.04	0.005	0.04
0.085	0.155	0.185	0.11	0.145	0.085	0.05	0.02	0.045	0.025	0.005	0.09
0.08	0.175	0.15	0.145	0.105	0.105	0.065	0.06	0.035	0.03	0.005	0.045
0.085	0.13	0.13	0.175	0.14	0.09	0.065	0.045	0.025	0.035	0.01	0.07
0.085	0.23	0.175	0.085	0.12	0.12	0.035	0.055	0.005	0.02	0.005	0.065
0.135	0.215	0.13	0.155	0.085	0.07	0.04	0.045	0.04	0.03	0.015	0.04
0.075	0.23	0.185	0.155	0.14	0.065	0.06	0.01	0.025	0.01	0.01	0.035
0.08	0.24	0.26	0.13	0.085	0.055	0.025	0.035	0.015	0.005	0.005	0.065
0.1	0.145	0.22	0.155	0.065	0.085	0.06	0.045	0.03	0.035	0.025	0.035
0.09	0.18	0.15	0.245	0.12	0.06	0.05	0.03	0.005	0.02	0.02	0.03
0.11	0.195	0.215	0.11	0.155	0.08	0.025	0.02	0.015	0.005	0.02	0.05
0.135	0.28	0.16	0.12	0.11	0.06	0.04	0.02	0.02	0.005	0.01	0.04
0.1	0.29	0.285	0.11	0.065	0.04	0.04	0.035	0	0.015	0	0.02
0.11	0.22	0.255	0.215	0.06	0.045	0.03	0.015	0.02	0.005	0.005	0.02
0.1	0.17	0.225	0.19	0.115	0.065	0.04	0.045	0.015	0.005	0.005	0.025
0.11	0.305	0.21	0.14	0.095	0.065	0.015	0.015	0.01	0.02	0.005	0.01
0.14	0.195	0.255	0.17	0.075	0.075	0.025	0.015	0.025	0.01	0.01	0.005
0.13	0.26	0.175	0.18	0.12	0.04	0.04	0.04	0.005	0.005	0.005	0
0.125	0.29	0.205	0.115	0.105	0.06	0.045	0.03	0.015	0.005	0.005	0
0.095	0.34	0.22	0.145	0.06	0.06	0.03	0.02	0.01	0.01	0	0.01
#wt_age_ind						
1 1 1 1 1 1 1 1 1 1 1 1 
1 1 1 1 1 1 1 1 1 1 1 1 
1 1 1 1 1 1 1 1 1 1 1 1 
1 1 1 1 1 1 1 1 1 1 1 1 
1 1 1 1 1 1 1 1 1 1 1 1 
1 1 1 1 1 1 1 1 1 1 1 1 
1 1 1 1 1 1 1 1 1 1 1 1 
1 1 1 1 1 1 1 1 1 1 1 1 
1 1 1 1 1 1 1 1 1 1 1 1 
1 1 1 1 1 1 1 1 1 1 1 1 
1 1 1 1 1 1 1 1 1 1 1 1 
1 1 1 1 1 1 1 1 1 1 1 1 
1 1 1 1 1 1 1 1 1 1 1 1 
1 1 1 1 1 1 1 1 1 1 1 1 
1 1 1 1 1 1 1 1 1 1 1 1 
1 1 1 1 1 1 1 1 1 1 1 1 
1 1 1 1 1 1 1 1 1 1 1 1 
1 1 1 1 1 1 1 1 1 1 1 1 
1 1 1 1 1 1 1 1 1 1 1 1 
1 1 1 1 1 1 1 1 1 1 1 1 
1 1 1 1 1 1 1 1 1 1 1 1 
1 1 1 1 1 1 1 1 1 1 1 1 
1 1 1 1 1 1 1 1 1 1 1 1 
1 1 1 1 1 1 1 1 1 1 1 1 
1 1 1 1 1 1 1 1 1 1 1 1 
1 1 1 1 1 1 1 1 1 1 1 1 
1 1 1 1 1 1 1 1 1 1 1 1 
1 1 1 1 1 1 1 1 1 1 1 1 
1 1 1 1 1 1 1 1 1 1 1 1 
1 1 1 1 1 1 1 1 1 1 1 1 
# wt_pop
0.000530656	0.001196328	0.002058265	0.003034987	0.004055212	0.005064698	0.006026226	0.006916921	0.007724891	0.008446113	0.009081853	0.009636695
#maturity
0.02297737 0.32082130 0.90465054 0.99477987 0.99973881 0.99998699 0.99999935 0.99999997 1 1 1 1
#spmonth						
1		
#age_err						
1	0	0	0	0	0	0	0	0	0	0	0
0	1	0	0	0	0	0	0	0	0	0	0
0	0	1	0	0	0	0	0	0	0	0	0
0	0	0	1	0	0	0	0	0	0	0	0
0	0	0	0	1	0	0	0	0	0	0	0
0	0	0	0	0	1	0	0	0	0	0	0
0	0	0	0	0	0	1	0	0	0	0	0
0	0	0	0	0	0	0	1	0	0	0	0
0	0	0	0	0	0	0	0	1	0	0	0
0	0	0	0	0	0	0	0	0	1	0	0
0	0	0	0	0	0	0	0	0	0	1	0
0	0	0	0	0	0	0	0	0	0	0	1																														
