#######GENERAL HEADER INPUT#######
1
30
1
30
1
30
30
12
1	2	3	4	5	6	7	8	9	10	11	12
12
1	2	3	4	5	6	7	8	9	10	11	12
1
1001
1
1
#######SURVEY DATA#######
30
1	2	3	4	5	6	7	8	9	10	11	12	13	14	15	16	17	18	19	20	21	22	23	24	25	26	27	28	29	30
1.71179687792655	1.32396546163527	1.31268060694513	1.14617582172376	1.53662546763226	1.82267226732822	1.24254830477851	1.3270281826516	1.2595579619907	1.18223829305631	1.29054989268712	1.03232780807774	0.98193208813611	1.01677144991062	0.84838084270195	0.978976830506036	0.848191125877671	0.746992066087929	0.862411486494946	0.786861780625345	0.707197630404336	0.67547925083512	0.755567250049413	0.661655912174012	0.613402952917098	0.555443346573048	0.555032803117833	0.568021736252548	0.503084996528891	0.54032945607708
0.2	0.2	0.2	0.2	0.2	0.2	0.2	0.2	0.2	0.2	0.2	0.2	0.2	0.2	0.2	0.2	0.2	0.2	0.2	0.2	0.2	0.2	0.2	0.2	0.2	0.2	0.2	0.2	0.2	0.2
30
1	2	3	4	5	6	7	8	9	10	11	12	13	14	15	16	17	18	19	20	21	22	23	24	25	26	27	28	29	30
200	200	200	200	200	200	200	200	200	200	200	200	200	200	200	200	200	200	200	200	200	200	200	200	200	200	200	200	200	200
200	200	200	200	200	200	200	200	200	200	200	200	200	200	200	200	200	200	200	200	200	200	200	200	200	200	200	200	200	200
0.065	0.1	0.17	0.145	0.09	0.07	0.075	0.055	0.03	0.025	0.04	0.135
0.075	0.16	0.16	0.1	0.07	0.1	0.07	0.05	0.045	0.055	0.025	0.09
0.09	0.08	0.165	0.08	0.13	0.08	0.065	0.04	0.06	0.035	0.015	0.16
0.105	0.12	0.11	0.095	0.12	0.08	0.05	0.085	0.02	0.04	0.02	0.155
0.055	0.195	0.11	0.095	0.12	0.09	0.04	0.065	0.03	0.045	0.025	0.13
0.09	0.12	0.19	0.15	0.095	0.06	0.06	0.06	0.035	0.02	0.04	0.08
0.075	0.185	0.145	0.175	0.11	0.05	0.07	0.03	0.025	0.025	0.01	0.1
0.095	0.11	0.185	0.13	0.145	0.08	0.04	0.05	0.01	0.02	0.025	0.11
0.045	0.18	0.14	0.14	0.085	0.14	0.05	0.045	0.01	0.035	0.025	0.105
0.095	0.105	0.26	0.1	0.1	0.05	0.12	0.045	0.02	0.025	0.01	0.07
0.065	0.18	0.14	0.225	0.095	0.08	0.035	0.055	0.02	0.01	0.015	0.08
0.06	0.2	0.195	0.06	0.14	0.055	0.05	0.05	0.08	0.02	0.015	0.075
0.075	0.135	0.215	0.15	0.08	0.095	0.055	0.015	0.04	0.035	0.03	0.075
0.08	0.215	0.15	0.195	0.1	0.06	0.07	0.01	0.035	0.025	0.03	0.03
0.075	0.19	0.16	0.11	0.105	0.105	0.055	0.035	0.035	0.02	0.015	0.095
0.075	0.17	0.195	0.125	0.11	0.09	0.095	0.04	0.03	0.01	0.005	0.055
0.12	0.135	0.17	0.13	0.125	0.055	0.09	0.065	0.035	0.025	0.01	0.04
0.075	0.2	0.165	0.115	0.125	0.085	0.05	0.035	0.045	0.02	0.015	0.07
0.155	0.16	0.23	0.15	0.035	0.085	0.04	0.015	0.02	0.03	0.025	0.055
0.095	0.29	0.175	0.175	0.09	0.055	0.06	0.015	0.005	0.015	0.005	0.02
0.07	0.245	0.22	0.17	0.06	0.075	0.055	0.035	0.025	0.005	0.025	0.015
0.155	0.225	0.145	0.205	0.07	0.06	0.07	0.01	0.01	0.01	0.01	0.03
0.03	0.27	0.195	0.17	0.135	0.055	0.03	0.02	0.025	0.02	0.01	0.04
0.075	0.175	0.28	0.16	0.135	0.09	0.03	0.01	0.005	0	0.02	0.02
0.145	0.155	0.195	0.235	0.105	0.035	0.06	0.015	0.025	0	0	0.03
0.145	0.27	0.2	0.115	0.15	0.035	0.025	0.02	0.02	0.015	0.005	0
0.11	0.285	0.255	0.115	0.075	0.08	0.035	0.025	0.01	0	0	0.01
0.115	0.275	0.245	0.21	0.055	0.03	0.03	0.02	0	0.005	0.01	0.005
0.125	0.3	0.185	0.15	0.11	0.03	0.015	0.03	0.025	0	0.02	0.01
0.13	0.24	0.24	0.14	0.11	0.065	0.02	0.015	0.02	0.005	0.005	0.01
#######LANDINGS DATA#######
1
30
159.85652248847	459.277555429064	744.929556607063	965.408636069644	747.962093975431	1286.50189896201	1261.05689920657	2399.70425816214	1280.98010567768	1483.8295463819	1597.26753477619	1593.50046628189	1093.71714776203	1501.81426189025	1507.77882573081	1239.62001098722	2139.90340328511	1521.22015382935	1360.87210800635	1246.50398146153	1585.23892655061	1082.39454594083	1652.32469653574	1227.73059899812	1129.73285682427	976.63314553785	938.456150008815	1249.71780033345	884.615870855411	1291.97806668764
0.01	0.01	0.01	0.01	0.01	0.01	0.01	0.01	0.01	0.01	0.01	0.01	0.01	0.01	0.01	0.01	0.01	0.01	0.01	0.01	0.01	0.01	0.01	0.01	0.01	0.01	0.01	0.01	0.01	0.01
30
1	2	3	4	5	6	7	8	9	10	11	12	13	14	15	16	17	18	19	20	21	22	23	24	25	26	27	28	29	30
200	200	200	200	200	200	200	200	200	200	200	200	200	200	200	200	200	200	200	200	200	200	200	200	200	200	200	200	200	200
200	200	200	200	200	200	200	200	200	200	200	200	200	200	200	200	200	200	200	200	200	200	200	200	200	200	200	200	200	200
0.065	0.095	0.13	0.165	0.08	0.05	0.075	0.03	0.055	0.03	0.02	0.205
0.085	0.125	0.16	0.11	0.085	0.14	0.03	0.05	0.05	0.045	0.025	0.095
0.115	0.08	0.08	0.135	0.085	0.11	0.065	0.05	0.045	0.05	0.035	0.15
0.1	0.07	0.1	0.145	0.145	0.085	0.075	0.035	0.045	0.035	0.035	0.13
0.08	0.125	0.115	0.14	0.065	0.07	0.095	0.035	0.045	0.065	0.035	0.13
0.05	0.115	0.165	0.16	0.09	0.06	0.085	0.09	0.04	0.035	0.015	0.095
0.065	0.12	0.095	0.165	0.155	0.075	0.075	0.045	0.045	0.04	0.015	0.105
0.11	0.105	0.17	0.095	0.12	0.08	0.015	0.025	0.04	0.05	0.055	0.135
0.045	0.175	0.115	0.13	0.11	0.13	0.065	0.035	0.025	0.02	0.045	0.105
0.095	0.095	0.18	0.105	0.095	0.125	0.085	0.045	0.025	0.03	0.015	0.105
0.095	0.185	0.16	0.14	0.09	0.065	0.07	0.045	0.02	0.015	0.025	0.09
0.09	0.145	0.155	0.135	0.145	0.085	0.05	0.03	0.035	0.04	0.005	0.085
0.095	0.13	0.19	0.155	0.085	0.1	0.025	0.035	0.03	0.055	0.025	0.075
0.09	0.115	0.145	0.16	0.12	0.065	0.1	0.04	0.05	0.025	0.035	0.055
0.1	0.155	0.125	0.105	0.115	0.14	0.05	0.065	0.02	0.03	0.02	0.075
0.09	0.085	0.155	0.155	0.085	0.15	0.08	0.04	0.065	0.025	0.02	0.05
0.085	0.155	0.16	0.165	0.085	0.04	0.085	0.06	0.04	0.035	0.02	0.07
0.115	0.17	0.19	0.12	0.09	0.045	0.08	0.055	0.03	0.035	0.015	0.055
0.165	0.14	0.22	0.155	0.075	0.075	0.055	0.02	0.025	0.01	0.015	0.045
0.08	0.28	0.14	0.185	0.11	0.025	0.065	0.03	0.015	0.015	0.015	0.04
0.11	0.165	0.24	0.125	0.15	0.06	0.035	0.015	0.025	0.01	0.01	0.055
0.145	0.15	0.14	0.22	0.07	0.09	0.065	0.03	0.02	0.04	0.015	0.015
0.105	0.27	0.145	0.18	0.11	0.05	0.075	0.025	0.015	0.005	0	0.02
0.11	0.14	0.28	0.125	0.12	0.11	0.025	0.03	0.025	0.005	0.015	0.015
0.165	0.13	0.17	0.195	0.13	0.07	0.055	0.035	0.02	0.005	0	0.025
0.135	0.255	0.175	0.13	0.135	0.06	0.03	0.045	0	0.01	0.01	0.015
0.1	0.23	0.25	0.145	0.075	0.11	0.035	0.025	0.015	0.005	0	0.01
0.165	0.15	0.215	0.21	0.075	0.02	0.1	0.025	0.015	0.005	0.015	0.005
0.19	0.28	0.165	0.125	0.075	0.04	0.045	0.04	0.01	0.01	0.015	0.005
0.23	0.21	0.205	0.11	0.055	0.1	0.02	0.02	0.025	0.005	0.01	0.01
#######PARAMETER SECTION#######
800	400	1200	-4	800	-0.25	1
0.18	0.01	1	-4	0.18	-0.25	1
-1.36	-5	-0.001	-4	-1.36	-0.25	1
0.1	0.05	0.3	-4	0.1	-0.25	1
0.2	0.01	0.5	-4	0.2	-0.25	1
0.75	0.20001	1	-3	0.75	-0.25	1
13.815511	-1	200	1	13.815511	-0.25	1
0	-1	1	-4	0	-0.25	1
0.2	1e-04	1.2	-3	0.2	-0.25	1
0	-10	10	-6	0	-1	1
0	-10	10	-6	0	-1	1
2	0	12	2	2	-0.5	1
1	0	12	2	1	-0.5	1
2	0	12	-2	2	-0.5	1
1	0	12	-2	1	-0.5	1
1.5	0	12	2	1.5	-0.5	1
2	0	12	2	2	-0.5	1
-14.8615473851534	-30	5	1	-14.8615473851534	-1	1
1	0.1	2	-1	1	-1	1
-1.54399197800355	-10	1.39	1	-1.54399197800355	-1	1
#######DEV CONSTRAINTS and DEVS#######
-15	15	2
-15	15	2
-15	15	2
0	0	0	0	0	0	0	0	0	0	0	0	0	0	0	0	0	0	0	0	0	0	0	0	0	0	0	0	0	0
0	0	0	0	0	0	0	0	0	0	0	0	0	0	0	0	0	0	0	0	0	0	0	0	0	0	0	0	0	0
0	0	0	0	0	0	0	0	0	0	0
#######LIKELIHOOD WEIGHTS#######
1
1
1
1
0
1
0
0
0
#######MISCELLANEOUS STUFF SECTION#######
2.5e-08
3
0.5	0.5	0.5	0.5	0.5	0.5	0.5	0.5	0.5	0.5	0.5	0.5
0.0229773699100256	0.320821300824607	0.904650535100891	0.994779874306442	0.999738809680904	0.999986992871533	0.999999352405202	0.999999967758134	0.999999998394772	0.99999999992008	0.999999999996021	0.999999999999802
0.2	0.2	0.2	0.2	0.2	0.2	0.2	0.2	0.2	0.2	0.2	0.2
0
1
10
0.2
1
1	0	0	0	0	0	0	0	0	0	0	0
0	1	0	0	0	0	0	0	0	0	0	0
0	0	1	0	0	0	0	0	0	0	0	0
0	0	0	1	0	0	0	0	0	0	0	0
0	0	0	0	1	0	0	0	0	0	0	0
0	0	0	0	0	1	0	0	0	0	0	0
0	0	0	0	0	0	1	0	0	0	0	0
0	0	0	0	0	0	0	1	0	0	0	0
0	0	0	0	0	0	0	0	1	0	0	0
0	0	0	0	0	0	0	0	0	1	0	0
0	0	0	0	0	0	0	0	0	0	1	0
0	0	0	0	0	0	0	0	0	0	0	1
40
31
2
1
#######END OF DATA FILE#######
999
