#######GENERAL HEADER INPUT#######
1
30
1
30
1
30
30
12
1	2	3	4	5	6	7	8	9	10	11	12
12
1	2	3	4	5	6	7	8	9	10	11	12
1
1001
1
1
#######SURVEY DATA#######
30
1	2	3	4	5	6	7	8	9	10	11	12	13	14	15	16	17	18	19	20	21	22	23	24	25	26	27	28	29	30
1.84471157036369	2.01283036436459	1.64385359822583	1.47773595444066	1.23265521542537	1.54820434847339	1.2964105524165	1.35995490661979	1.10504327695201	1.08052884027355	1.42737171105792	1.29590639402184	1.03197393390281	1.04285231344423	1.01271577536469	0.889086376551451	0.924045951224693	0.71586073912343	0.895512931991234	0.6973004696154	0.703677495699311	0.675214983707634	0.762573159288943	0.833150060701641	0.695089595946598	0.597845222190579	0.654165948485461	0.649068538503779	0.561449777421668	0.65175574764404
0.2	0.2	0.2	0.2	0.2	0.2	0.2	0.2	0.2	0.2	0.2	0.2	0.2	0.2	0.2	0.2	0.2	0.2	0.2	0.2	0.2	0.2	0.2	0.2	0.2	0.2	0.2	0.2	0.2	0.2
30
1	2	3	4	5	6	7	8	9	10	11	12	13	14	15	16	17	18	19	20	21	22	23	24	25	26	27	28	29	30
200	200	200	200	200	200	200	200	200	200	200	200	200	200	200	200	200	200	200	200	200	200	200	200	200	200	200	200	200	200
200	200	200	200	200	200	200	200	200	200	200	200	200	200	200	200	200	200	200	200	200	200	200	200	200	200	200	200	200	200
0.06	0.155	0.145	0.14	0.08	0.075	0.08	0.045	0.06	0.03	0.025	0.105
0.07	0.115	0.12	0.15	0.05	0.105	0.08	0.075	0.05	0.015	0.05	0.12
0.04	0.13	0.12	0.12	0.115	0.1	0.045	0.02	0.07	0.06	0.04	0.14
0.06	0.16	0.16	0.095	0.12	0.075	0.065	0.045	0.035	0.04	0.01	0.135
0.04	0.145	0.175	0.065	0.105	0.09	0.08	0.085	0.04	0.025	0.065	0.085
0.085	0.085	0.105	0.105	0.105	0.105	0.06	0.07	0.045	0.04	0.03	0.165
0.07	0.19	0.135	0.105	0.11	0.07	0.055	0.05	0.045	0.035	0.015	0.12
0.07	0.17	0.15	0.1	0.065	0.07	0.05	0.075	0.055	0.04	0.04	0.115
0.05	0.175	0.24	0.13	0.08	0.05	0.055	0.02	0.065	0.025	0.035	0.075
0.08	0.15	0.145	0.165	0.09	0.045	0.06	0.045	0.035	0.03	0.03	0.125
0.055	0.245	0.15	0.13	0.09	0.08	0.05	0.04	0.025	0.025	0.01	0.1
0.08	0.115	0.25	0.125	0.095	0.07	0.065	0.04	0.015	0.04	0.03	0.075
0.09	0.22	0.14	0.17	0.09	0.085	0.055	0.04	0.01	0.015	0.025	0.06
0.07	0.165	0.23	0.15	0.105	0.07	0.055	0.025	0.035	0.01	0.015	0.07
0.085	0.23	0.165	0.205	0.075	0.075	0.03	0.02	0.025	0.03	0.015	0.045
0.09	0.225	0.18	0.13	0.11	0.08	0.055	0.04	0.03	0.015	0.02	0.025
0.075	0.275	0.135	0.185	0.1	0.055	0.025	0.05	0.02	0.035	0.02	0.025
0.08	0.225	0.15	0.135	0.125	0.07	0.07	0.015	0.035	0.015	0.025	0.055
0.05	0.255	0.21	0.155	0.08	0.045	0.06	0.055	0.015	0.025	0.015	0.035
0.05	0.13	0.29	0.14	0.11	0.06	0.09	0.035	0.03	0.03	0.005	0.03
0.155	0.15	0.11	0.21	0.075	0.1	0.05	0.055	0.03	0.015	0.01	0.04
0.195	0.275	0.185	0.06	0.12	0.06	0.03	0.02	0.02	0.01	0.005	0.02
0.08	0.325	0.25	0.065	0.065	0.075	0.03	0.04	0.02	0.025	0	0.025
0.115	0.21	0.325	0.17	0.055	0.03	0.045	0.03	0.005	0	0.005	0.01
0.11	0.21	0.18	0.245	0.14	0.025	0.025	0.015	0.015	0.01	0.005	0.02
0.125	0.26	0.215	0.115	0.12	0.08	0.02	0.01	0.025	0.005	0	0.025
0.06	0.23	0.29	0.16	0.105	0.065	0.05	0.005	0.005	0.02	0	0.01
0.135	0.24	0.245	0.17	0.07	0.03	0.06	0.035	0.005	0.005	0	0.005
0.2	0.235	0.195	0.17	0.1	0.055	0.02	0.01	0.01	0	0	0.005
0.055	0.43	0.215	0.1	0.08	0.03	0.03	0.01	0.03	0.015	0	0.005
#######LANDINGS DATA#######
1
30
160.63070158255	457.544603962877	744.670562082454	959.659197616921	735.450885150513	1226.00836495861	1150.8463988952	2183.19110994262	1154.6158846262	1314.55378980842	1398.93089090411	1385.03436766087	973.914273812679	1362.77122070399	1396.28362107389	1185.7349332097	2114.59201363699	1521.51165367361	1373.38110993773	1235.13038255711	1507.67539813962	1005.78422975302	1589.76933847026	1243.44748283352	1179.38447904338	1047.78934663148	1007.32141884277	1312.83924493801	960.741566262703	1395.8370018126
0.01	0.01	0.01	0.01	0.01	0.01	0.01	0.01	0.01	0.01	0.01	0.01	0.01	0.01	0.01	0.01	0.01	0.01	0.01	0.01	0.01	0.01	0.01	0.01	0.01	0.01	0.01	0.01	0.01	0.01
30
1	2	3	4	5	6	7	8	9	10	11	12	13	14	15	16	17	18	19	20	21	22	23	24	25	26	27	28	29	30
200	200	200	200	200	200	200	200	200	200	200	200	200	200	200	200	200	200	200	200	200	200	200	200	200	200	200	200	200	200
200	200	200	200	200	200	200	200	200	200	200	200	200	200	200	200	200	200	200	200	200	200	200	200	200	200	200	200	200	200
0.075	0.095	0.125	0.125	0.11	0.065	0.055	0.045	0.085	0.065	0.055	0.1
0.09	0.09	0.11	0.135	0.11	0.095	0.065	0.06	0.055	0.06	0.025	0.105
0.025	0.14	0.14	0.125	0.11	0.11	0.095	0.045	0.035	0.02	0.04	0.115
0.06	0.06	0.16	0.12	0.055	0.055	0.065	0.085	0.07	0.04	0.03	0.2
0.085	0.055	0.125	0.135	0.095	0.065	0.07	0.075	0.075	0.02	0.025	0.175
0.06	0.135	0.08	0.1	0.12	0.1	0.09	0.035	0.07	0.04	0.05	0.12
0.105	0.11	0.115	0.075	0.085	0.09	0.08	0.06	0.06	0.045	0.03	0.145
0.085	0.13	0.145	0.1	0.11	0.07	0.075	0.05	0.025	0.035	0.03	0.145
0.1	0.13	0.175	0.17	0.08	0.06	0.045	0.065	0.03	0.02	0.015	0.11
0.115	0.135	0.13	0.135	0.13	0.035	0.07	0.055	0.035	0.005	0.035	0.12
0.075	0.195	0.135	0.14	0.105	0.095	0.055	0.035	0.02	0.04	0.02	0.085
0.08	0.135	0.235	0.125	0.08	0.09	0.055	0.04	0.01	0.025	0.015	0.11
0.135	0.135	0.13	0.195	0.085	0.095	0.03	0.04	0.025	0.015	0.03	0.085
0.1	0.155	0.21	0.13	0.135	0.07	0.045	0.03	0.02	0.015	0.015	0.075
0.085	0.15	0.155	0.16	0.09	0.11	0.065	0.03	0.05	0.035	0.005	0.065
0.13	0.125	0.165	0.17	0.13	0.05	0.08	0.025	0.025	0.035	0.01	0.055
0.11	0.185	0.12	0.17	0.08	0.13	0.05	0.055	0.025	0.015	0.03	0.03
0.15	0.145	0.15	0.11	0.125	0.075	0.09	0.035	0.025	0.025	0.015	0.055
0.07	0.195	0.155	0.14	0.095	0.075	0.06	0.08	0.025	0.015	0.025	0.065
0.07	0.125	0.25	0.125	0.15	0.095	0.075	0.035	0.02	0.01	0.02	0.025
0.18	0.125	0.105	0.2	0.135	0.09	0.025	0.035	0.045	0.025	0.015	0.02
0.185	0.24	0.15	0.095	0.15	0.06	0.035	0.02	0.01	0.025	0.01	0.02
0.145	0.31	0.205	0.08	0.055	0.105	0.03	0.01	0.02	0.015	0.01	0.015
0.175	0.215	0.23	0.18	0.045	0.035	0.035	0.025	0.015	0.02	0	0.025
0.14	0.15	0.145	0.28	0.15	0.04	0.01	0.03	0.01	0.03	0	0.015
0.15	0.24	0.135	0.15	0.15	0.09	0.03	0	0.005	0.015	0.01	0.025
0.145	0.19	0.245	0.155	0.12	0.065	0.025	0.025	0.015	0	0.005	0.01
0.15	0.18	0.195	0.15	0.13	0.07	0.055	0.025	0.005	0.005	0.005	0.03
0.31	0.19	0.175	0.11	0.11	0.045	0.025	0.015	0.015	0.005	0	0
0.125	0.27	0.235	0.16	0.095	0.05	0.025	0.015	0.005	0.005	0	0.015
#######PARAMETER SECTION#######
800	400	1200	-4	800	-0.25	1
0.18	0.01	1	-4	0.18	-0.25	1
-1.36	-5	-0.001	-4	-1.36	-0.25	1
0.1	0.05	0.3	-4	0.1	-0.25	1
0.2	0.01	0.5	-4	0.2	-0.25	1
0.75	0.20001	1	-3	0.75	-0.25	1
13.815511	-1	200	1	13.815511	-0.25	1
0	-1	1	-4	0	-0.25	1
0.2	1e-04	1.2	-3	0.2	-0.25	1
0	-10	10	-6	0	-1	1
0	-10	10	-6	0	-1	1
2	0	12	2	2	-0.5	1
1	0	12	2	1	-0.5	1
2	0	12	-2	2	-0.5	1
1	0	12	-2	1	-0.5	1
1.5	0	12	2	1.5	-0.5	1
2	0	12	2	2	-0.5	1
-14.8181269374266	-30	5	1	-14.8181269374266	-1	1
1	0.1	2	-1	1	-1	1
-1.54399197800355	-10	1.39	1	-1.54399197800355	-1	1
#######DEV CONSTRAINTS and DEVS#######
-15	15	2
-15	15	2
-15	15	2
0	0	0	0	0	0	0	0	0	0	0	0	0	0	0	0	0	0	0	0	0	0	0	0	0	0	0	0	0	0
0	0	0	0	0	0	0	0	0	0	0	0	0	0	0	0	0	0	0	0	0	0	0	0	0	0	0	0	0	0
0	0	0	0	0	0	0	0	0	0	0
#######LIKELIHOOD WEIGHTS#######
1
1
1
1
0
1
0
0
0
#######MISCELLANEOUS STUFF SECTION#######
2.5e-08
3
0.5	0.5	0.5	0.5	0.5	0.5	0.5	0.5	0.5	0.5	0.5	0.5
0.0229773699100256	0.320821300824607	0.904650535100891	0.994779874306442	0.999738809680904	0.999986992871533	0.999999352405202	0.999999967758134	0.999999998394772	0.99999999992008	0.999999999996021	0.999999999999802
0.2	0.2	0.2	0.2	0.2	0.2	0.2	0.2	0.2	0.2	0.2	0.2
0
1
10
0.2
1
1	0	0	0	0	0	0	0	0	0	0	0
0	1	0	0	0	0	0	0	0	0	0	0
0	0	1	0	0	0	0	0	0	0	0	0
0	0	0	1	0	0	0	0	0	0	0	0
0	0	0	0	1	0	0	0	0	0	0	0
0	0	0	0	0	1	0	0	0	0	0	0
0	0	0	0	0	0	1	0	0	0	0	0
0	0	0	0	0	0	0	1	0	0	0	0
0	0	0	0	0	0	0	0	1	0	0	0
0	0	0	0	0	0	0	0	0	1	0	0
0	0	0	0	0	0	0	0	0	0	1	0
0	0	0	0	0	0	0	0	0	0	0	1
40
31
2
1
#######END OF DATA FILE#######
999
