#######GENERAL HEADER INPUT#######
1
30
1
30
1
30
30
12
1	2	3	4	5	6	7	8	9	10	11	12
12
1	2	3	4	5	6	7	8	9	10	11	12
1
1001
1
1
#######SURVEY DATA#######
30
1	2	3	4	5	6	7	8	9	10	11	12	13	14	15	16	17	18	19	20	21	22	23	24	25	26	27	28	29	30
1.539679485426	1.36088071403658	1.49814210162353	1.36545199208664	1.52793008582931	1.29952375725366	1.45357088337286	1.28204433080032	1.14168383973457	1.33531032189542	0.908141942187475	1.06724062919158	0.968464784207812	1.21299913919428	1.1861427742216	1.23424027258341	1.04353983311662	0.929934797621239	0.714383986248601	0.695211442676055	0.738652301295367	0.691710653092615	0.659218291373384	0.68019328239839	0.623385040037324	0.659437613632743	0.708478642673814	0.667185955948728	0.661313686310371	0.52293267016695
0.2	0.2	0.2	0.2	0.2	0.2	0.2	0.2	0.2	0.2	0.2	0.2	0.2	0.2	0.2	0.2	0.2	0.2	0.2	0.2	0.2	0.2	0.2	0.2	0.2	0.2	0.2	0.2	0.2	0.2
30
1	2	3	4	5	6	7	8	9	10	11	12	13	14	15	16	17	18	19	20	21	22	23	24	25	26	27	28	29	30
200	200	200	200	200	200	200	200	200	200	200	200	200	200	200	200	200	200	200	200	200	200	200	200	200	200	200	200	200	200
200	200	200	200	200	200	200	200	200	200	200	200	200	200	200	200	200	200	200	200	200	200	200	200	200	200	200	200	200	200
0.045	0.16	0.165	0.105	0.085	0.07	0.06	0.055	0.04	0.04	0.025	0.15
0.07	0.12	0.145	0.11	0.105	0.13	0.04	0.085	0.025	0.035	0.01	0.125
0.04	0.13	0.185	0.105	0.06	0.095	0.06	0.06	0.02	0.05	0.055	0.14
0.085	0.13	0.145	0.125	0.1	0.045	0.095	0.03	0.06	0.045	0.04	0.1
0.075	0.12	0.105	0.16	0.125	0.09	0.07	0.08	0.025	0.03	0.025	0.095
0.095	0.17	0.165	0.095	0.105	0.075	0.06	0.055	0.035	0.025	0.03	0.09
0.065	0.175	0.16	0.085	0.11	0.08	0.055	0.04	0.02	0.04	0.02	0.15
0.1	0.15	0.23	0.12	0.08	0.045	0.08	0.025	0.025	0.025	0.03	0.09
0.055	0.155	0.185	0.14	0.105	0.08	0.045	0.045	0.04	0.025	0.02	0.105
0.07	0.125	0.16	0.13	0.16	0.065	0.04	0.035	0.06	0.025	0.015	0.115
0.06	0.14	0.135	0.145	0.12	0.11	0.06	0.045	0.025	0.035	0.03	0.095
0.1	0.18	0.165	0.115	0.11	0.09	0.09	0.03	0.015	0	0.025	0.08
0.095	0.17	0.235	0.15	0.08	0.085	0.06	0.045	0.01	0.015	0.015	0.04
0.06	0.16	0.205	0.125	0.13	0.035	0.09	0.035	0.025	0.02	0.025	0.09
0.14	0.22	0.145	0.155	0.11	0.075	0.05	0.03	0.02	0.01	0.005	0.04
0.055	0.28	0.145	0.14	0.12	0.075	0.035	0.03	0.045	0.015	0.005	0.055
0.09	0.165	0.225	0.13	0.1	0.095	0.065	0.035	0.025	0.01	0.01	0.05
0.05	0.2	0.17	0.195	0.1	0.07	0.025	0.03	0.055	0.02	0.02	0.065
0.16	0.13	0.165	0.115	0.17	0.085	0.06	0.035	0.025	0.035	0.005	0.015
0.04	0.27	0.14	0.19	0.085	0.115	0.035	0.04	0.015	0.03	0.005	0.035
0.16	0.145	0.24	0.115	0.105	0.055	0.09	0.03	0.02	0.01	0.01	0.02
0.145	0.265	0.18	0.135	0.1	0.035	0.03	0.04	0.015	0.01	0.015	0.03
0.095	0.28	0.265	0.12	0.105	0.04	0.03	0.025	0.015	0.015	0	0.01
0.105	0.205	0.345	0.155	0.05	0.07	0.025	0.015	0.005	0	0.01	0.015
0.085	0.25	0.17	0.22	0.14	0.05	0.01	0.03	0.015	0.005	0.005	0.02
0.13	0.195	0.285	0.115	0.125	0.08	0.035	0.005	0.005	0.01	0	0.015
0.095	0.29	0.195	0.165	0.06	0.075	0.08	0.02	0.015	0	0.005	0
0.125	0.31	0.21	0.12	0.1	0.04	0.045	0.025	0.01	0	0.01	0.005
0.1	0.27	0.255	0.135	0.09	0.07	0.02	0.04	0.01	0	0	0.01
0.08	0.26	0.215	0.135	0.08	0.08	0.07	0.015	0.03	0.02	0.01	0.005
#######LANDINGS DATA#######
1
30
161.578763431558	461.80381748029	743.973481915657	959.595340959681	728.723498915081	1252.5561472281	1174.35160888482	2295.50967413435	1203.52049203791	1384.25570609088	1458.21578564197	1457.16584532248	999.112104823359	1397.33641580933	1411.9363594312	1190.53808681915	2123.84498138928	1518.20362631612	1331.22979559645	1178.02836912642	1460.72398685066	986.381983239825	1535.1011383845	1189.65004713671	1144.44811200885	1043.00140201684	1019.92645284309	1362.38541715758	1000.71980816767	1429.16447297471
0.01	0.01	0.01	0.01	0.01	0.01	0.01	0.01	0.01	0.01	0.01	0.01	0.01	0.01	0.01	0.01	0.01	0.01	0.01	0.01	0.01	0.01	0.01	0.01	0.01	0.01	0.01	0.01	0.01	0.01
30
1	2	3	4	5	6	7	8	9	10	11	12	13	14	15	16	17	18	19	20	21	22	23	24	25	26	27	28	29	30
200	200	200	200	200	200	200	200	200	200	200	200	200	200	200	200	200	200	200	200	200	200	200	200	200	200	200	200	200	200
200	200	200	200	200	200	200	200	200	200	200	200	200	200	200	200	200	200	200	200	200	200	200	200	200	200	200	200	200	200
0.055	0.115	0.1	0.14	0.12	0.115	0.05	0.07	0.05	0.03	0.035	0.12
0.055	0.09	0.12	0.135	0.09	0.075	0.08	0.07	0.04	0.03	0.045	0.17
0.06	0.14	0.1	0.125	0.11	0.08	0.095	0.07	0.045	0.035	0.02	0.12
0.035	0.1	0.13	0.13	0.115	0.11	0.09	0.06	0.045	0.02	0.03	0.135
0.045	0.12	0.105	0.16	0.115	0.11	0.08	0.065	0.06	0.04	0.015	0.085
0.125	0.11	0.11	0.115	0.12	0.055	0.065	0.06	0.04	0.035	0.025	0.14
0.1	0.175	0.065	0.09	0.07	0.1	0.085	0.02	0.07	0.025	0.065	0.135
0.06	0.14	0.21	0.125	0.11	0.03	0.06	0.02	0.02	0.02	0.05	0.155
0.065	0.15	0.125	0.195	0.1	0.075	0.035	0.04	0.025	0.035	0.03	0.125
0.065	0.115	0.15	0.155	0.145	0.075	0.055	0.035	0.045	0.04	0.02	0.1
0.1	0.155	0.115	0.13	0.105	0.095	0.1	0.015	0.04	0.025	0.025	0.095
0.085	0.175	0.14	0.12	0.1	0.09	0.065	0.055	0.02	0.015	0.035	0.1
0.09	0.16	0.175	0.13	0.105	0.12	0.065	0.045	0.03	0.015	0.01	0.055
0.08	0.13	0.155	0.145	0.115	0.09	0.065	0.05	0.065	0.035	0.02	0.05
0.145	0.16	0.14	0.155	0.115	0.065	0.04	0.055	0.05	0.02	0.01	0.045
0.055	0.21	0.2	0.115	0.115	0.105	0.04	0.04	0.035	0.015	0.025	0.045
0.09	0.095	0.22	0.145	0.09	0.09	0.07	0.055	0.04	0.005	0.02	0.08
0.075	0.155	0.135	0.205	0.1	0.06	0.06	0.09	0.055	0.01	0.005	0.05
0.12	0.14	0.19	0.125	0.14	0.08	0.025	0.065	0.015	0.05	0.02	0.03
0.135	0.18	0.135	0.165	0.105	0.09	0.05	0.025	0.02	0.03	0.02	0.045
0.19	0.12	0.2	0.095	0.06	0.065	0.065	0.075	0.03	0.025	0.025	0.05
0.22	0.21	0.12	0.135	0.085	0.09	0.05	0.03	0.015	0.01	0.01	0.025
0.13	0.25	0.22	0.09	0.13	0.05	0.035	0.02	0.03	0.01	0.005	0.03
0.15	0.13	0.335	0.17	0.07	0.035	0.025	0	0.025	0.03	0.005	0.025
0.17	0.25	0.13	0.175	0.095	0.045	0.065	0.015	0.015	0.015	0.015	0.01
0.15	0.24	0.22	0.11	0.145	0.055	0.035	0.005	0.015	0.02	0	0.005
0.15	0.21	0.225	0.18	0.085	0.07	0.05	0.01	0.005	0.005	0.01	0
0.21	0.175	0.19	0.145	0.12	0.075	0.035	0.03	0	0.01	0.01	0
0.16	0.24	0.195	0.115	0.11	0.075	0.025	0.04	0.02	0.005	0.01	0.005
0.18	0.2	0.175	0.2	0.115	0.075	0.03	0.005	0.015	0	0.005	0
#######PARAMETER SECTION#######
800	400	1200	-4	800	-0.25	1
0.18	0.01	1	-4	0.18	-0.25	1
-1.36	-5	-0.001	-4	-1.36	-0.25	1
0.1	0.05	0.3	-4	0.1	-0.25	1
0.2	0.01	0.5	-4	0.2	-0.25	1
0.75	0.20001	1	-3	0.75	-0.25	1
13.815511	-1	200	1	13.815511	-0.25	1
0	-1	1	-4	0	-0.25	1
0.2	1e-04	1.2	-3	0.2	-0.25	1
0	-10	10	-6	0	-1	1
0	-10	10	-6	0	-1	1
2	0	12	2	2	-0.5	1
1	0	12	2	1	-0.5	1
2	0	12	-2	2	-0.5	1
1	0	12	-2	1	-0.5	1
1.5	0	12	2	1.5	-0.5	1
2	0	12	2	2	-0.5	1
-14.8320643363721	-30	5	1	-14.8320643363721	-1	1
1	0.1	2	-1	1	-1	1
-1.54399197800355	-10	1.39	1	-1.54399197800355	-1	1
#######DEV CONSTRAINTS and DEVS#######
-15	15	2
-15	15	2
-15	15	2
0	0	0	0	0	0	0	0	0	0	0	0	0	0	0	0	0	0	0	0	0	0	0	0	0	0	0	0	0	0
0	0	0	0	0	0	0	0	0	0	0	0	0	0	0	0	0	0	0	0	0	0	0	0	0	0	0	0	0	0
0	0	0	0	0	0	0	0	0	0	0
#######LIKELIHOOD WEIGHTS#######
1
1
1
1
0
1
0
0
0
#######MISCELLANEOUS STUFF SECTION#######
2.5e-08
3
0.5	0.5	0.5	0.5	0.5	0.5	0.5	0.5	0.5	0.5	0.5	0.5
0.0229773699100256	0.320821300824607	0.904650535100891	0.994779874306442	0.999738809680904	0.999986992871533	0.999999352405202	0.999999967758134	0.999999998394772	0.99999999992008	0.999999999996021	0.999999999999802
0.2	0.2	0.2	0.2	0.2	0.2	0.2	0.2	0.2	0.2	0.2	0.2
0
1
10
0.2
1
1	0	0	0	0	0	0	0	0	0	0	0
0	1	0	0	0	0	0	0	0	0	0	0
0	0	1	0	0	0	0	0	0	0	0	0
0	0	0	1	0	0	0	0	0	0	0	0
0	0	0	0	1	0	0	0	0	0	0	0
0	0	0	0	0	1	0	0	0	0	0	0
0	0	0	0	0	0	1	0	0	0	0	0
0	0	0	0	0	0	0	1	0	0	0	0
0	0	0	0	0	0	0	0	1	0	0	0
0	0	0	0	0	0	0	0	0	1	0	0
0	0	0	0	0	0	0	0	0	0	1	0
0	0	0	0	0	0	0	0	0	0	0	1
40
31
2
1
#######END OF DATA FILE#######
999
