# Number of parameters = 77  Objective function value = 26023.7  Maximum gradient component = 0.000536573
# sel_params[1]:
1.87053971450
# sel_params[2]:
0.887262705884
# log_Fmult_year1:
 -4.71554647676
# log_Fmult_devs:
 1.06286737534 0.502948443538 0.316233562705 -0.227157318376 0.594833034714 0.0269681997775 0.745569226584 -0.547601004821 0.203727990755 0.128302838007 0.0650586153752 -0.326881588322 0.369604663339 0.0654406983108 -0.111593852178 0.660959201826 -0.197788688127 -0.00577741876805 -0.00739190080272 0.325508558713 -0.326792478679 0.511516231199 -0.211751065370 -0.00862739357399 -0.102418417944 -0.0275370808120 0.328659353507 -0.274977186120 0.406002418139
# log_recruit_devs:
 -0.0945825274669 -0.520351331617 -0.382181936397 -0.171701627856 0.168744438033 0.145829049473 -0.480738687648 0.571116846211 -0.0695596865118 0.626249632116 0.163203880997 0.504712434656 0.206099055885 0.223819626119 0.418592347623 0.460980336321 -0.457974221604 -0.724597105897 0.268700399766 0.356098255010 -0.314220337657 -0.203521735041 -0.0513387347327 -0.398782426755 -0.0932051585002 -0.549902034242 0.103092951440 0.350012797607 0.0575577341521 -0.112152233484
# log_N_year1_devs:
 0.0105642324955 -0.0761818504763 0.114685453008 -0.0606781344383 0.0151915281052 -0.164055440195 0.0809853646746 0.0536607471592 0.0418566437837 0.0513413084266 -0.121526837741
# log_q_year1:
 -8.09126497978
# log_q_devs:
 0.00000000000 0.00000000000 0.00000000000 0.00000000000 0.00000000000 0.00000000000 0.00000000000 0.00000000000 0.00000000000 0.00000000000 0.00000000000 0.00000000000 0.00000000000 0.00000000000 0.00000000000 0.00000000000 0.00000000000 0.00000000000 0.00000000000 0.00000000000 0.00000000000 0.00000000000 0.00000000000 0.00000000000 0.00000000000 0.00000000000 0.00000000000 0.00000000000 0.00000000000
# index_sel_params[1]:
1.50415213204
# index_sel_params[2]:
0.457823292628
# log_SR_scaler:
7.00160533713
# SR_steepness:
0.750000000000
