#######GENERAL HEADER INPUT#######
1
30
1
30
1
30
30
12
1	2	3	4	5	6	7	8	9	10	11	12
12
1	2	3	4	5	6	7	8	9	10	11	12
1
1001
1
1
#######SURVEY DATA#######
30
1	2	3	4	5	6	7	8	9	10	11	12	13	14	15	16	17	18	19	20	21	22	23	24	25	26	27	28	29	30
1.3634766589617	1.36780088133669	1.5240583990003	1.33061154658209	1.35183766791968	1.67544679082479	1.39154088189936	1.24178115176045	1.13888664290464	1.14981858329836	1.01392619687652	0.906922795833477	1.02673997156785	0.975844267643476	0.99478196185149	0.87956711602876	0.779340955199784	0.969643332029629	0.800606801913762	0.695006631863715	0.783204726130141	0.698028091862961	0.603219191336217	0.666455731021252	0.738169417438456	0.523983526739125	0.626891042049507	0.771441735429148	0.646434049380096	0.643361401768317
0.2	0.2	0.2	0.2	0.2	0.2	0.2	0.2	0.2	0.2	0.2	0.2	0.2	0.2	0.2	0.2	0.2	0.2	0.2	0.2	0.2	0.2	0.2	0.2	0.2	0.2	0.2	0.2	0.2	0.2
30
1	2	3	4	5	6	7	8	9	10	11	12	13	14	15	16	17	18	19	20	21	22	23	24	25	26	27	28	29	30
200	200	200	200	200	200	200	200	200	200	200	200	200	200	200	200	200	200	200	200	200	200	200	200	200	200	200	200	200	200
200	200	200	200	200	200	200	200	200	200	200	200	200	200	200	200	200	200	200	200	200	200	200	200	200	200	200	200	200	200
0.065	0.135	0.13	0.13	0.085	0.05	0.085	0.08	0.055	0.03	0.03	0.125
0.045	0.095	0.265	0.11	0.085	0.08	0.055	0.07	0.035	0.035	0.02	0.105
0.08	0.11	0.12	0.14	0.1	0.075	0.055	0.055	0.05	0.02	0.02	0.175
0.11	0.11	0.13	0.105	0.095	0.06	0.045	0.06	0.04	0.055	0.02	0.17
0.05	0.175	0.15	0.115	0.115	0.11	0.04	0.065	0.035	0.025	0.03	0.09
0.055	0.115	0.245	0.09	0.15	0.075	0.02	0.04	0.035	0.035	0.03	0.11
0.105	0.18	0.165	0.165	0.075	0.06	0.065	0.06	0.015	0.015	0.01	0.085
0.06	0.215	0.115	0.135	0.16	0.065	0.05	0.035	0.045	0.045	0.01	0.065
0.07	0.155	0.23	0.145	0.075	0.07	0.045	0.03	0.07	0.035	0.01	0.065
0.06	0.18	0.12	0.2	0.11	0.095	0.065	0.045	0.025	0.04	0.015	0.045
0.1	0.11	0.185	0.155	0.13	0.09	0.03	0.03	0.03	0.02	0.03	0.09
0.095	0.21	0.105	0.145	0.08	0.085	0.04	0.045	0.05	0.03	0.015	0.1
0.065	0.285	0.14	0.09	0.075	0.055	0.06	0.07	0.04	0.045	0.02	0.055
0.09	0.18	0.23	0.16	0.055	0.055	0.03	0.05	0.06	0.01	0.025	0.055
0.1	0.155	0.24	0.14	0.14	0.045	0.065	0.025	0.015	0.015	0.015	0.045
0.05	0.18	0.165	0.2	0.075	0.08	0.03	0.05	0.04	0.065	0.02	0.045
0.09	0.2	0.175	0.12	0.115	0.07	0.075	0.005	0.02	0.04	0.02	0.07
0.065	0.26	0.245	0.11	0.07	0.075	0.06	0.04	0.01	0.03	0.015	0.02
0.1	0.245	0.225	0.14	0.085	0.025	0.05	0.03	0.045	0.02	0.01	0.025
0.09	0.3	0.2	0.14	0.07	0.04	0.035	0.04	0.03	0.015	0.005	0.035
0.11	0.18	0.25	0.175	0.095	0.05	0.025	0.04	0.03	0.02	0.005	0.02
0.1	0.21	0.23	0.155	0.085	0.095	0.03	0.02	0.005	0.025	0.025	0.02
0.08	0.22	0.195	0.145	0.18	0.06	0.035	0.04	0.015	0	0.01	0.02
0.155	0.16	0.205	0.17	0.105	0.07	0.045	0.045	0.01	0.005	0.005	0.025
0.06	0.38	0.19	0.095	0.105	0.045	0.055	0.02	0.025	0.005	0.01	0.01
0.195	0.24	0.24	0.095	0.12	0.025	0.02	0.02	0.02	0.015	0	0.01
0.155	0.245	0.165	0.225	0.085	0.055	0.03	0.01	0.015	0	0.01	0.005
0.16	0.29	0.21	0.145	0.115	0.03	0.01	0.015	0.02	0	0	0.005
0.09	0.275	0.275	0.145	0.085	0.075	0.015	0.005	0.005	0.015	0.005	0.01
0.11	0.26	0.255	0.175	0.095	0.025	0.04	0.015	0.01	0.01	0.005	0
#######LANDINGS DATA#######
1
30
161.949167455167	460.749128285958	745.704898740231	961.210234975158	750.603097613355	1300.26870487993	1254.25377414246	2430.07955855143	1298.55115810495	1491.40634460763	1554.38459319945	1524.33683883503	1034.9160196403	1449.23543014139	1451.73095000933	1234.13882397981	2164.67933481643	1545.00679272584	1416.88214926666	1312.96477937146	1714.25174685635	1146.33990729114	1666.81146731514	1202.12226805099	1138.72552064174	1025.5587199764	1038.91111662071	1432.3761899045	1062.46249671459	1534.17475302441
0.01	0.01	0.01	0.01	0.01	0.01	0.01	0.01	0.01	0.01	0.01	0.01	0.01	0.01	0.01	0.01	0.01	0.01	0.01	0.01	0.01	0.01	0.01	0.01	0.01	0.01	0.01	0.01	0.01	0.01
30
1	2	3	4	5	6	7	8	9	10	11	12	13	14	15	16	17	18	19	20	21	22	23	24	25	26	27	28	29	30
200	200	200	200	200	200	200	200	200	200	200	200	200	200	200	200	200	200	200	200	200	200	200	200	200	200	200	200	200	200
200	200	200	200	200	200	200	200	200	200	200	200	200	200	200	200	200	200	200	200	200	200	200	200	200	200	200	200	200	200
0.1	0.055	0.125	0.105	0.125	0.105	0.06	0.095	0.025	0.035	0.02	0.15
0.065	0.135	0.115	0.07	0.12	0.065	0.09	0.07	0.035	0.06	0.015	0.16
0.085	0.07	0.14	0.11	0.11	0.07	0.075	0.065	0.05	0.045	0.02	0.16
0.115	0.1	0.08	0.145	0.07	0.08	0.11	0.085	0.05	0.015	0.035	0.115
0.055	0.14	0.09	0.095	0.12	0.1	0.05	0.07	0.065	0.04	0.03	0.145
0.085	0.11	0.195	0.075	0.105	0.085	0.065	0.03	0.045	0.02	0.045	0.14
0.1	0.155	0.085	0.17	0.095	0.065	0.08	0.07	0.02	0.035	0.025	0.1
0.075	0.15	0.155	0.11	0.165	0.06	0.06	0.03	0.055	0.005	0.02	0.115
0.075	0.09	0.16	0.185	0.075	0.105	0.07	0.04	0.065	0.015	0.005	0.115
0.07	0.09	0.12	0.18	0.12	0.07	0.11	0.04	0.035	0.03	0.035	0.1
0.135	0.08	0.13	0.13	0.105	0.115	0.065	0.075	0.03	0.02	0.02	0.095
0.115	0.18	0.07	0.145	0.125	0.11	0.115	0.02	0.03	0.01	0.015	0.065
0.105	0.165	0.135	0.07	0.115	0.09	0.085	0.04	0.03	0.045	0.03	0.09
0.11	0.14	0.155	0.14	0.07	0.09	0.075	0.045	0.04	0.05	0.04	0.045
0.115	0.115	0.195	0.16	0.09	0.025	0.07	0.04	0.06	0.015	0.015	0.1
0.07	0.185	0.17	0.155	0.16	0.09	0.015	0.03	0.025	0.03	0.015	0.055
0.14	0.165	0.155	0.105	0.1	0.12	0.045	0.045	0.03	0.025	0.03	0.04
0.065	0.255	0.18	0.14	0.085	0.065	0.045	0.065	0.015	0.025	0.02	0.04
0.15	0.16	0.16	0.14	0.1	0.095	0.04	0.04	0.04	0.015	0.02	0.04
0.125	0.225	0.145	0.195	0.105	0.065	0.03	0.035	0.005	0.025	0.005	0.04
0.11	0.155	0.26	0.15	0.125	0.06	0.05	0.025	0.015	0.025	0.005	0.02
0.13	0.12	0.19	0.18	0.1	0.115	0.04	0.02	0.035	0.025	0.035	0.01
0.085	0.11	0.165	0.205	0.16	0.05	0.11	0.035	0.01	0.025	0.005	0.04
0.195	0.12	0.235	0.11	0.09	0.065	0.055	0.065	0.015	0.025	0.005	0.02
0.13	0.3	0.18	0.15	0.095	0.05	0.05	0.015	0.01	0.005	0.005	0.01
0.12	0.205	0.295	0.105	0.11	0.05	0.035	0.035	0.01	0.01	0.01	0.015
0.175	0.25	0.17	0.275	0.05	0.045	0.02	0.01	0	0	0	0.005
0.2	0.195	0.205	0.125	0.12	0.06	0.02	0.035	0.02	0.01	0	0.01
0.105	0.21	0.21	0.22	0.095	0.07	0.035	0.01	0.025	0.005	0.005	0.01
0.13	0.18	0.245	0.155	0.12	0.1	0.045	0.005	0.005	0.005	0	0.01
#######PARAMETER SECTION#######
800	400	1200	-4	800	-0.25	1
0.18	0.01	1	-4	0.18	-0.25	1
-1.36	-5	-0.001	-4	-1.36	-0.25	1
0.1	0.05	0.3	-4	0.1	-0.25	1
0.2	0.01	0.5	-4	0.2	-0.25	1
0.75	0.20001	1	-3	0.75	-0.25	1
13.815511	-1	200	1	13.815511	-0.25	1
0	-1	1	-4	0	-0.25	1
0.2	1e-04	1.2	-3	0.2	-0.25	1
0	-10	10	-6	0	-1	1
0	-10	10	-6	0	-1	1
2	0	12	2	2	-0.5	1
1	0	12	2	1	-0.5	1
2	0	12	-2	2	-0.5	1
1	0	12	-2	1	-0.5	1
1.5	0	12	2	1.5	-0.5	1
2	0	12	2	2	-0.5	1
-14.8811409501814	-30	5	1	-14.8811409501814	-1	1
1	0.1	2	-1	1	-1	1
-1.54399197800355	-10	1.39	1	-1.54399197800355	-1	1
#######DEV CONSTRAINTS and DEVS#######
-15	15	2
-15	15	2
-15	15	2
0	0	0	0	0	0	0	0	0	0	0	0	0	0	0	0	0	0	0	0	0	0	0	0	0	0	0	0	0	0
0	0	0	0	0	0	0	0	0	0	0	0	0	0	0	0	0	0	0	0	0	0	0	0	0	0	0	0	0	0
0	0	0	0	0	0	0	0	0	0	0
#######LIKELIHOOD WEIGHTS#######
1
1
1
1
0
1
0
0
0
#######MISCELLANEOUS STUFF SECTION#######
2.5e-08
3
0.5	0.5	0.5	0.5	0.5	0.5	0.5	0.5	0.5	0.5	0.5	0.5
0.0229773699100256	0.320821300824607	0.904650535100891	0.994779874306442	0.999738809680904	0.999986992871533	0.999999352405202	0.999999967758134	0.999999998394772	0.99999999992008	0.999999999996021	0.999999999999802
0.2	0.2	0.2	0.2	0.2	0.2	0.2	0.2	0.2	0.2	0.2	0.2
0
1
10
0.2
1
1	0	0	0	0	0	0	0	0	0	0	0
0	1	0	0	0	0	0	0	0	0	0	0
0	0	1	0	0	0	0	0	0	0	0	0
0	0	0	1	0	0	0	0	0	0	0	0
0	0	0	0	1	0	0	0	0	0	0	0
0	0	0	0	0	1	0	0	0	0	0	0
0	0	0	0	0	0	1	0	0	0	0	0
0	0	0	0	0	0	0	1	0	0	0	0
0	0	0	0	0	0	0	0	1	0	0	0
0	0	0	0	0	0	0	0	0	1	0	0
0	0	0	0	0	0	0	0	0	0	1	0
0	0	0	0	0	0	0	0	0	0	0	1
40
31
2
1
#######END OF DATA FILE#######
999
