# Number of parameters = 77  Objective function value = 26216.0  Maximum gradient component = 0.000482142
# sel_params[1]:
2.02028059654
# sel_params[2]:
0.960476222568
# log_Fmult_year1:
 -4.66087195634
# log_Fmult_devs:
 1.05677408475 0.500553512071 0.301281355745 -0.216766182973 0.581664242756 0.0197190139123 0.752902465895 -0.550936227405 0.199578593404 0.129916234484 0.0623705763443 -0.317348674492 0.383587257635 0.0484452286806 -0.116491892471 0.665028187389 -0.202336969696 0.00412996451325 -0.0207537405563 0.335556282813 -0.315571615300 0.501785473401 -0.190174367958 -0.00997917308959 -0.0938062642301 -0.0335241685318 0.327830865798 -0.282395125536 0.429836811726
# log_recruit_devs:
 0.0358341660015 0.159299283002 0.0949341917695 -0.0633522701363 -0.0442047900967 -0.0693428066473 -0.223704558544 -0.246132178977 0.153603228502 0.320938314531 -0.170782577624 -0.0325809676621 -0.161649906970 0.0239270792932 0.227454145344 0.0662703262225 0.172590335870 -0.0571146071224 -0.259481923459 -0.0856600014288 -0.180541390078 0.360408732225 -0.00366390087811 -0.0457523127539 0.0925070416718 0.348240478257 -0.391067578736 -0.00585145487510 -0.167883586874 0.152759490174
# log_N_year1_devs:
 -0.0373454336724 -0.0114788923563 0.0142646159917 -0.234964370350 0.00197077414273 0.105703390949 -0.0569498666727 -0.0519703465834 -0.488995684562 -0.143276666765 -0.0414596111741
# log_q_year1:
 -7.99677355177
# log_q_devs:
 0.00000000000 0.00000000000 0.00000000000 0.00000000000 0.00000000000 0.00000000000 0.00000000000 0.00000000000 0.00000000000 0.00000000000 0.00000000000 0.00000000000 0.00000000000 0.00000000000 0.00000000000 0.00000000000 0.00000000000 0.00000000000 0.00000000000 0.00000000000 0.00000000000 0.00000000000 0.00000000000 0.00000000000 0.00000000000 0.00000000000 0.00000000000 0.00000000000 0.00000000000
# index_sel_params[1]:
1.52065157500
# index_sel_params[2]:
0.499699446381
# log_SR_scaler:
6.90034341808
# SR_steepness:
0.750000000000
