#######GENERAL HEADER INPUT#######
1
30
1
30
1
30
30
12
1	2	3	4	5	6	7	8	9	10	11	12
12
1	2	3	4	5	6	7	8	9	10	11	12
1
1001
1
1
#######SURVEY DATA#######
30
1	2	3	4	5	6	7	8	9	10	11	12	13	14	15	16	17	18	19	20	21	22	23	24	25	26	27	28	29	30
1.41074345672594	1.41989954443846	1.5853601801492	1.57813090497271	1.607605266215	1.35101205975883	1.40774619968395	1.22529432584272	1.26908731175794	1.19455437647307	1.29948673246413	1.28273855834589	1.24674748820753	1.02246404000259	0.999534831544052	0.901642050090067	0.943379575477901	0.902552894633406	0.801494257383935	0.809742034709861	0.895179213757248	0.86601898262649	0.730839628864177	0.801818212009789	0.651063276107794	0.61005005942882	0.606083402950698	0.646669845599662	0.54966093990846	0.49577427119659
0.2	0.2	0.2	0.2	0.2	0.2	0.2	0.2	0.2	0.2	0.2	0.2	0.2	0.2	0.2	0.2	0.2	0.2	0.2	0.2	0.2	0.2	0.2	0.2	0.2	0.2	0.2	0.2	0.2	0.2
30
1	2	3	4	5	6	7	8	9	10	11	12	13	14	15	16	17	18	19	20	21	22	23	24	25	26	27	28	29	30
200	200	200	200	200	200	200	200	200	200	200	200	200	200	200	200	200	200	200	200	200	200	200	200	200	200	200	200	200	200
200	200	200	200	200	200	200	200	200	200	200	200	200	200	200	200	200	200	200	200	200	200	200	200	200	200	200	200	200	200
0.055	0.14	0.13	0.14	0.08	0.085	0.08	0.075	0.055	0.035	0.03	0.095
0.085	0.105	0.15	0.125	0.055	0.095	0.075	0.055	0.07	0.045	0.03	0.11
0.06	0.155	0.16	0.135	0.1	0.08	0.035	0.08	0.045	0.03	0.015	0.105
0.075	0.09	0.21	0.14	0.09	0.085	0.035	0.06	0.045	0.02	0.025	0.125
0.03	0.18	0.105	0.14	0.11	0.095	0.05	0.03	0.045	0.035	0.025	0.155
0.07	0.135	0.205	0.115	0.085	0.11	0.055	0.025	0.04	0.025	0.03	0.105
0.11	0.175	0.12	0.155	0.09	0.06	0.055	0.055	0.04	0.02	0.035	0.085
0.055	0.19	0.2	0.105	0.11	0.075	0.065	0.03	0.03	0.04	0.025	0.075
0.065	0.12	0.185	0.145	0.11	0.09	0.04	0.05	0.02	0.055	0.015	0.105
0.09	0.175	0.16	0.135	0.09	0.03	0.06	0.015	0.045	0.045	0.02	0.135
0.045	0.205	0.165	0.12	0.11	0.095	0.025	0.04	0.015	0.04	0.035	0.105
0.065	0.2	0.155	0.155	0.1	0.07	0.04	0.045	0.04	0.02	0.03	0.08
0.06	0.125	0.17	0.21	0.1	0.08	0.04	0.04	0.045	0.025	0.02	0.085
0.06	0.205	0.165	0.19	0.1	0.08	0.04	0.035	0.03	0.02	0.02	0.055
0.12	0.19	0.15	0.1	0.15	0.07	0.06	0.03	0.04	0.025	0	0.065
0.11	0.17	0.21	0.11	0.115	0.085	0.08	0.04	0.015	0.015	0.01	0.04
0.105	0.15	0.23	0.115	0.13	0.085	0.055	0.02	0.02	0.025	0.015	0.05
0.06	0.23	0.175	0.16	0.11	0.055	0.05	0.05	0.035	0.01	0.01	0.055
0.11	0.275	0.25	0.09	0.105	0.06	0.05	0.02	0.01	0.01	0	0.02
0.1	0.17	0.235	0.22	0.085	0.06	0.025	0.025	0.01	0.015	0.02	0.035
0.085	0.19	0.18	0.195	0.165	0.04	0.045	0.045	0.01	0.015	0.015	0.015
0.245	0.18	0.165	0.125	0.075	0.115	0.02	0.045	0	0	0.005	0.025
0.105	0.33	0.19	0.15	0.07	0.05	0.05	0.015	0.015	0.005	0	0.02
0.145	0.23	0.375	0.09	0.035	0.035	0.015	0.04	0.005	0.01	0.01	0.01
0.085	0.25	0.215	0.26	0.06	0.055	0.005	0.025	0.03	0	0	0.015
0.115	0.205	0.23	0.17	0.15	0.05	0.05	0	0.015	0.01	0	0.005
0.125	0.215	0.185	0.135	0.125	0.105	0.05	0.01	0.005	0.01	0.03	0.005
0.125	0.24	0.22	0.11	0.11	0.06	0.085	0.03	0.005	0.005	0.005	0.005
0.11	0.255	0.25	0.145	0.06	0.075	0.04	0.04	0.005	0	0.01	0.01
0.105	0.24	0.195	0.175	0.125	0.04	0.035	0.03	0.01	0.005	0.015	0.025
#######LANDINGS DATA#######
1
30
159.554877669797	457.989585082417	741.847150827833	967.778822470921	744.76782191379	1284.01743277074	1224.92618199182	2345.63748001726	1246.97312726376	1430.0994990871	1508.41341480946	1510.00986582033	1040.65146960917	1459.10394838203	1450.94372186824	1230.20284293798	2160.40640620103	1579.55930136961	1474.59579466986	1372.84194032558	1734.86862766615	1175.10588263594	1845.55731594388	1420.30521326925	1362.16842524282	1201.9660370095	1134.42559638221	1451.23283631066	1000.45958271341	1377.92968454837
0.01	0.01	0.01	0.01	0.01	0.01	0.01	0.01	0.01	0.01	0.01	0.01	0.01	0.01	0.01	0.01	0.01	0.01	0.01	0.01	0.01	0.01	0.01	0.01	0.01	0.01	0.01	0.01	0.01	0.01
30
1	2	3	4	5	6	7	8	9	10	11	12	13	14	15	16	17	18	19	20	21	22	23	24	25	26	27	28	29	30
200	200	200	200	200	200	200	200	200	200	200	200	200	200	200	200	200	200	200	200	200	200	200	200	200	200	200	200	200	200
200	200	200	200	200	200	200	200	200	200	200	200	200	200	200	200	200	200	200	200	200	200	200	200	200	200	200	200	200	200
0.06	0.13	0.135	0.12	0.08	0.125	0.06	0.05	0.05	0.05	0.04	0.1
0.1	0.125	0.125	0.11	0.12	0.05	0.045	0.09	0.05	0.02	0.035	0.13
0.08	0.115	0.115	0.15	0.09	0.055	0.06	0.09	0.065	0.065	0.015	0.1
0.125	0.08	0.14	0.145	0.1	0.09	0.04	0.07	0.055	0.04	0.035	0.08
0.095	0.155	0.12	0.135	0.08	0.075	0.08	0.05	0.065	0.035	0.015	0.095
0.095	0.085	0.165	0.135	0.075	0.07	0.055	0.045	0.035	0.04	0.045	0.155
0.065	0.15	0.08	0.15	0.115	0.095	0.055	0.055	0.04	0.07	0.04	0.085
0.075	0.145	0.175	0.07	0.08	0.065	0.075	0.06	0.05	0.03	0.04	0.135
0.09	0.075	0.16	0.14	0.1	0.115	0.04	0.075	0.05	0.02	0.035	0.1
0.105	0.14	0.11	0.105	0.15	0.05	0.085	0.035	0.05	0.05	0.015	0.105
0.115	0.2	0.105	0.1	0.14	0.11	0.045	0.045	0.015	0.05	0.035	0.04
0.07	0.2	0.17	0.09	0.09	0.105	0.06	0.04	0.04	0.025	0.025	0.085
0.1	0.11	0.205	0.14	0.15	0.075	0.065	0.05	0.015	0.02	0.005	0.065
0.105	0.145	0.085	0.22	0.07	0.055	0.09	0.045	0.05	0.015	0.025	0.095
0.095	0.16	0.16	0.1	0.14	0.07	0.07	0.03	0.03	0.03	0.015	0.1
0.095	0.125	0.175	0.15	0.075	0.1	0.07	0.04	0.045	0.025	0.03	0.07
0.215	0.135	0.17	0.115	0.115	0.06	0.045	0.035	0.03	0.02	0.025	0.035
0.12	0.245	0.14	0.11	0.12	0.07	0.04	0.065	0.03	0.01	0.01	0.04
0.095	0.18	0.3	0.07	0.115	0.04	0.065	0.025	0.01	0.02	0.015	0.065
0.135	0.165	0.175	0.245	0.095	0.065	0.035	0.025	0.01	0.01	0.005	0.035
0.12	0.15	0.16	0.17	0.185	0.04	0.055	0.015	0.02	0.02	0.02	0.045
0.22	0.255	0.115	0.11	0.125	0.045	0.035	0.025	0.025	0	0.005	0.04
0.135	0.32	0.195	0.125	0.065	0.05	0.04	0.01	0.015	0.025	0.01	0.01
0.15	0.16	0.345	0.135	0.055	0.04	0.025	0.045	0.02	0.005	0.005	0.015
0.11	0.28	0.185	0.245	0.06	0.035	0.02	0.02	0.03	0.005	0.005	0.005
0.155	0.14	0.21	0.13	0.23	0.055	0.01	0.015	0.02	0.01	0.015	0.01
0.135	0.195	0.17	0.14	0.115	0.115	0.045	0.015	0.025	0.01	0.005	0.03
0.19	0.17	0.175	0.13	0.11	0.115	0.07	0.015	0.01	0	0.01	0.005
0.135	0.18	0.185	0.17	0.105	0.09	0.06	0.025	0.02	0.005	0.005	0.02
0.15	0.17	0.2	0.145	0.15	0.085	0.04	0.02	0.025	0.01	0	0.005
#######PARAMETER SECTION#######
800	400	1200	-4	800	-0.25	1
0.18	0.01	1	-4	0.18	-0.25	1
-1.36	-5	-0.001	-4	-1.36	-0.25	1
0.1	0.05	0.3	-4	0.1	-0.25	1
0.2	0.01	0.5	-4	0.2	-0.25	1
0.75	0.20001	1	-3	0.75	-0.25	1
13.815511	-1	200	1	13.815511	-0.25	1
0	-1	1	-4	0	-0.25	1
0.2	1e-04	1.2	-3	0.2	-0.25	1
0	-10	10	-6	0	-1	1
0	-10	10	-6	0	-1	1
2	0	12	2	2	-0.5	1
1	0	12	2	1	-0.5	1
2	0	12	-2	2	-0.5	1
1	0	12	-2	1	-0.5	1
1.5	0	12	2	1.5	-0.5	1
2	0	12	2	2	-0.5	1
-14.8875844095002	-30	5	1	-14.8875844095002	-1	1
1	0.1	2	-1	1	-1	1
-1.54399197800355	-10	1.39	1	-1.54399197800355	-1	1
#######DEV CONSTRAINTS and DEVS#######
-15	15	2
-15	15	2
-15	15	2
0	0	0	0	0	0	0	0	0	0	0	0	0	0	0	0	0	0	0	0	0	0	0	0	0	0	0	0	0	0
0	0	0	0	0	0	0	0	0	0	0	0	0	0	0	0	0	0	0	0	0	0	0	0	0	0	0	0	0	0
0	0	0	0	0	0	0	0	0	0	0
#######LIKELIHOOD WEIGHTS#######
1
1
1
1
0
1
0
0
0
#######MISCELLANEOUS STUFF SECTION#######
2.5e-08
3
0.5	0.5	0.5	0.5	0.5	0.5	0.5	0.5	0.5	0.5	0.5	0.5
0.0229773699100256	0.320821300824607	0.904650535100891	0.994779874306442	0.999738809680904	0.999986992871533	0.999999352405202	0.999999967758134	0.999999998394772	0.99999999992008	0.999999999996021	0.999999999999802
0.2	0.2	0.2	0.2	0.2	0.2	0.2	0.2	0.2	0.2	0.2	0.2
0
1
10
0.2
1
1	0	0	0	0	0	0	0	0	0	0	0
0	1	0	0	0	0	0	0	0	0	0	0
0	0	1	0	0	0	0	0	0	0	0	0
0	0	0	1	0	0	0	0	0	0	0	0
0	0	0	0	1	0	0	0	0	0	0	0
0	0	0	0	0	1	0	0	0	0	0	0
0	0	0	0	0	0	1	0	0	0	0	0
0	0	0	0	0	0	0	1	0	0	0	0
0	0	0	0	0	0	0	0	1	0	0	0
0	0	0	0	0	0	0	0	0	1	0	0
0	0	0	0	0	0	0	0	0	0	1	0
0	0	0	0	0	0	0	0	0	0	0	1
40
31
2
1
#######END OF DATA FILE#######
999
