# Number of parameters = 77  Objective function value = 26328.2  Maximum gradient component = 0.00164811
# sel_params[1]:
2.02717526812
# sel_params[2]:
1.00426203911
# log_Fmult_year1:
 -4.63213300596
# log_Fmult_devs:
 1.05746069196 0.499748805154 0.298662714340 -0.222375304799 0.562728600459 0.00660636376346 0.743852568217 -0.538178778239 0.201653772685 0.122763225580 0.0777223744957 -0.315326350342 0.367519917187 0.0716739244881 -0.120590471178 0.679944246068 -0.198078861660 -0.00799152187566 -0.0147967616528 0.348796769087 -0.316122463088 0.489630526649 -0.196307757771 -0.0193833944281 -0.0953898368305 -0.0295609043845 0.323612313670 -0.296930253627 0.401361050107
# log_recruit_devs:
 0.0415394016737 -0.126181992480 0.266508065763 0.128370020358 -0.208450957821 -0.00462580549902 -0.0317121728827 -0.273786269361 -0.00442759309789 0.213039995159 0.0199208152103 -0.172666903526 -0.118443483100 0.195862715785 -0.179345615657 0.314688446468 -0.0807907258902 0.0139240208892 -0.487784169969 -0.0632472466284 0.200704510904 0.406203608989 -0.149380478872 0.255237128531 -0.239670144500 0.0436423980126 -0.0817287870127 -0.105072371621 0.0119349278354 0.215738662340
# log_N_year1_devs:
 0.0320198217523 0.0133774941636 -0.139867223494 -0.144384370749 0.0416139541710 0.0178341331408 -0.159809323088 -0.123296504192 -0.0932396278289 -1.01973995584 -0.0427094233158
# log_q_year1:
 -7.89579897528
# log_q_devs:
 0.00000000000 0.00000000000 0.00000000000 0.00000000000 0.00000000000 0.00000000000 0.00000000000 0.00000000000 0.00000000000 0.00000000000 0.00000000000 0.00000000000 0.00000000000 0.00000000000 0.00000000000 0.00000000000 0.00000000000 0.00000000000 0.00000000000 0.00000000000 0.00000000000 0.00000000000 0.00000000000 0.00000000000 0.00000000000 0.00000000000 0.00000000000 0.00000000000 0.00000000000
# index_sel_params[1]:
1.54872806478
# index_sel_params[2]:
0.550765319057
# log_SR_scaler:
6.86661226754
# SR_steepness:
0.750000000000
