# Number of parameters = 77  Objective function value = 26222.9  Maximum gradient component = 0.00356489
# sel_params[1]:
1.97703811155
# sel_params[2]:
1.03376548654
# log_Fmult_year1:
 -4.70326866845
# log_Fmult_devs:
 1.05507682333 0.516046516854 0.301766379251 -0.211712828903 0.577390166802 0.0157949770508 0.750158952065 -0.530290857086 0.193868802069 0.131236006372 0.0545943754986 -0.315640282744 0.363633200252 0.0748365632153 -0.120119511353 0.675864457789 -0.196598972397 -0.00824458079672 -0.0150274794201 0.325170308826 -0.313907450423 0.523033236324 -0.160634758603 0.00319796256127 -0.0706567010741 -0.00470800980382 0.354121993339 -0.234419366593 0.458565229226
# log_recruit_devs:
 0.0208839759834 0.0590708827061 -0.0863758216155 -0.246614280524 -0.220391969046 0.0741685110956 0.107740941488 -0.0154980436604 -0.0859682227469 0.276612761498 -0.146751957852 0.216111450855 0.0529015584512 0.136348568464 -0.106662711581 0.0768091493886 -0.0677281930556 0.164343003340 -0.559765103331 -0.438616147966 0.243033095880 0.411726160066 -0.0278482212628 -0.0533319800869 0.0903512068255 -0.0108660880543 -0.107293236308 0.0239808100517 0.454914663987 -0.235284762988
# log_N_year1_devs:
 -0.0636981547595 0.0249522731416 0.0679040072064 0.0302543151225 -0.142359140662 0.0939028705700 -0.126063602759 0.264701025155 0.214930939784 0.242984905397 -0.323801621763
# log_q_year1:
 -7.88075489908
# log_q_devs:
 0.00000000000 0.00000000000 0.00000000000 0.00000000000 0.00000000000 0.00000000000 0.00000000000 0.00000000000 0.00000000000 0.00000000000 0.00000000000 0.00000000000 0.00000000000 0.00000000000 0.00000000000 0.00000000000 0.00000000000 0.00000000000 0.00000000000 0.00000000000 0.00000000000 0.00000000000 0.00000000000 0.00000000000 0.00000000000 0.00000000000 0.00000000000 0.00000000000 0.00000000000
# index_sel_params[1]:
1.46590967432
# index_sel_params[2]:
0.432184523439
# log_SR_scaler:
6.82767326169
# SR_steepness:
0.750000000000
