#######GENERAL HEADER INPUT#######
1
30
1
30
1
30
30
12
1	2	3	4	5	6	7	8	9	10	11	12
12
1	2	3	4	5	6	7	8	9	10	11	12
1
1001
1
1
#######SURVEY DATA#######
30
1	2	3	4	5	6	7	8	9	10	11	12	13	14	15	16	17	18	19	20	21	22	23	24	25	26	27	28	29	30
1.18384143413877	1.33836723343933	1.1429874278397	1.74577973579483	1.5373460805488	1.46072356521488	1.37828073874162	1.47650739033981	1.13753958362842	1.25726797894183	1.15703701643934	1.10761507819941	1.18881159253525	1.17791768689418	1.00049196360928	1.23148419121895	0.995779638734494	0.882444649487303	0.910216011733695	0.919659108776548	0.623764810584719	0.760626659271052	0.651262296911005	0.545924508989507	0.635249422530693	0.573995167514645	0.681729396178462	0.610523547283103	0.576405271138639	0.578254506027062
0.2	0.2	0.2	0.2	0.2	0.2	0.2	0.2	0.2	0.2	0.2	0.2	0.2	0.2	0.2	0.2	0.2	0.2	0.2	0.2	0.2	0.2	0.2	0.2	0.2	0.2	0.2	0.2	0.2	0.2
30
1	2	3	4	5	6	7	8	9	10	11	12	13	14	15	16	17	18	19	20	21	22	23	24	25	26	27	28	29	30
200	200	200	200	200	200	200	200	200	200	200	200	200	200	200	200	200	200	200	200	200	200	200	200	200	200	200	200	200	200
200	200	200	200	200	200	200	200	200	200	200	200	200	200	200	200	200	200	200	200	200	200	200	200	200	200	200	200	200	200
0.075	0.14	0.12	0.13	0.13	0.08	0.055	0.05	0.045	0.03	0.02	0.125
0.07	0.1	0.145	0.18	0.09	0.105	0.06	0.04	0.05	0.02	0.06	0.08
0.07	0.115	0.13	0.095	0.165	0.075	0.065	0.065	0.035	0.035	0.05	0.1
0.055	0.14	0.11	0.15	0.09	0.09	0.065	0.06	0.05	0.05	0.05	0.09
0.075	0.185	0.15	0.105	0.105	0.09	0.045	0.075	0.04	0.03	0.015	0.085
0.065	0.14	0.14	0.135	0.105	0.065	0.07	0.065	0.025	0.025	0.015	0.15
0.06	0.11	0.195	0.14	0.115	0.08	0.045	0.06	0.04	0.05	0.04	0.065
0.105	0.135	0.135	0.16	0.125	0.06	0.035	0.05	0.04	0.035	0.015	0.105
0.065	0.205	0.15	0.145	0.145	0.05	0.07	0.03	0.02	0.04	0.02	0.06
0.095	0.18	0.18	0.115	0.075	0.085	0.09	0.04	0.025	0.02	0.02	0.075
0.06	0.155	0.145	0.185	0.085	0.07	0.05	0.07	0.02	0.045	0.015	0.1
0.115	0.13	0.18	0.135	0.065	0.075	0.095	0.045	0.05	0.04	0.015	0.055
0.125	0.205	0.115	0.155	0.1	0.085	0.045	0.055	0.02	0.01	0.01	0.075
0.095	0.29	0.145	0.115	0.13	0.035	0.05	0.03	0.02	0.01	0.005	0.075
0.09	0.175	0.26	0.11	0.06	0.055	0.05	0.05	0.015	0.04	0.02	0.075
0.08	0.195	0.13	0.21	0.145	0.05	0.065	0.03	0.015	0.015	0.005	0.06
0.1	0.21	0.155	0.16	0.115	0.08	0.04	0.06	0.025	0.015	0	0.04
0.08	0.15	0.19	0.18	0.085	0.12	0.05	0.025	0.035	0.025	0.005	0.055
0.09	0.205	0.135	0.17	0.09	0.085	0.07	0.065	0.005	0.02	0.015	0.05
0.075	0.24	0.2	0.12	0.09	0.05	0.035	0.1	0.03	0.02	0.015	0.025
0.05	0.195	0.26	0.135	0.105	0.1	0.065	0.015	0.04	0.025	0	0.01
0.11	0.145	0.195	0.2	0.13	0.065	0.065	0.015	0.03	0.015	0.005	0.025
0.125	0.245	0.135	0.17	0.155	0.065	0.04	0.025	0.02	0.005	0.005	0.01
0.115	0.23	0.24	0.14	0.09	0.035	0.04	0.03	0.025	0.005	0.02	0.03
0.15	0.17	0.25	0.19	0.06	0.075	0.04	0.02	0.015	0.01	0.01	0.01
0.145	0.39	0.15	0.15	0.09	0.015	0.01	0.025	0.015	0	0	0.01
0.105	0.25	0.3	0.115	0.095	0.08	0.02	0.02	0.01	0.005	0	0
0.11	0.265	0.23	0.195	0.065	0.065	0.035	0.005	0.015	0.005	0	0.01
0.1	0.21	0.2	0.21	0.14	0.025	0.05	0.045	0.005	0.01	0	0.005
0.19	0.18	0.19	0.16	0.105	0.1	0.02	0.035	0.01	0.005	0.005	0
#######LANDINGS DATA#######
1
30
161.336681027418	457.273187449163	741.220159116851	973.59288074327	756.08805366125	1300.07579413055	1270.34690126529	2429.43714070643	1289.37592541459	1477.73915257573	1549.64539641027	1541.8580623804	1041.81683944107	1465.39282881573	1487.86949104859	1279.99877678355	2290.86304603207	1655.15377638103	1503.47254030922	1403.94351184641	1776.31039222024	1185.38501916309	1741.0907432354	1256.60980670844	1169.42969621805	1062.14094147545	1069.55409518454	1467.95708184412	1038.74634821429	1467.25607997746
0.01	0.01	0.01	0.01	0.01	0.01	0.01	0.01	0.01	0.01	0.01	0.01	0.01	0.01	0.01	0.01	0.01	0.01	0.01	0.01	0.01	0.01	0.01	0.01	0.01	0.01	0.01	0.01	0.01	0.01
30
1	2	3	4	5	6	7	8	9	10	11	12	13	14	15	16	17	18	19	20	21	22	23	24	25	26	27	28	29	30
200	200	200	200	200	200	200	200	200	200	200	200	200	200	200	200	200	200	200	200	200	200	200	200	200	200	200	200	200	200
200	200	200	200	200	200	200	200	200	200	200	200	200	200	200	200	200	200	200	200	200	200	200	200	200	200	200	200	200	200
0.095	0.11	0.195	0.115	0.08	0.065	0.055	0.06	0.045	0.025	0.05	0.105
0.08	0.135	0.15	0.105	0.11	0.07	0.05	0.07	0.05	0.05	0.015	0.115
0.065	0.105	0.13	0.14	0.065	0.085	0.08	0.06	0.04	0.05	0.02	0.16
0.1	0.095	0.115	0.135	0.11	0.095	0.07	0.065	0.045	0.055	0.025	0.09
0.075	0.18	0.105	0.11	0.08	0.075	0.065	0.09	0.045	0.025	0.045	0.105
0.045	0.115	0.19	0.07	0.085	0.105	0.07	0.08	0.045	0.025	0.02	0.15
0.07	0.085	0.14	0.13	0.12	0.1	0.1	0.03	0.03	0.025	0.03	0.14
0.1	0.115	0.155	0.115	0.125	0.1	0.055	0.03	0.045	0.03	0.025	0.105
0.065	0.14	0.11	0.11	0.075	0.07	0.1	0.085	0.065	0.04	0.045	0.095
0.08	0.08	0.235	0.115	0.105	0.08	0.055	0.025	0.045	0.06	0.015	0.105
0.09	0.125	0.155	0.14	0.065	0.07	0.09	0.1	0.025	0.05	0.02	0.07
0.12	0.09	0.16	0.125	0.09	0.11	0.035	0.065	0.055	0.035	0.04	0.075
0.115	0.175	0.085	0.2	0.085	0.1	0.02	0.065	0.04	0.025	0.02	0.07
0.07	0.24	0.17	0.11	0.105	0.08	0.085	0.035	0.02	0.01	0.03	0.045
0.095	0.175	0.16	0.16	0.085	0.085	0.055	0.06	0.04	0.04	0.02	0.025
0.13	0.17	0.16	0.16	0.13	0.04	0.07	0.04	0.03	0.005	0.01	0.055
0.065	0.185	0.165	0.125	0.17	0.095	0.05	0.05	0.025	0.005	0.02	0.045
0.13	0.12	0.2	0.14	0.105	0.135	0.04	0.04	0.015	0.01	0.025	0.04
0.095	0.195	0.16	0.165	0.13	0.075	0.035	0.035	0.02	0.02	0.015	0.055
0.085	0.22	0.145	0.15	0.125	0.085	0.055	0.055	0.01	0.025	0.005	0.04
0.08	0.205	0.23	0.15	0.105	0.08	0.05	0.02	0.04	0.02	0.005	0.015
0.125	0.13	0.23	0.22	0.085	0.045	0.06	0.025	0.035	0.01	0.005	0.03
0.15	0.205	0.17	0.14	0.13	0.09	0.02	0.015	0.025	0.005	0.015	0.035
0.105	0.175	0.215	0.115	0.12	0.12	0.05	0.03	0.02	0.02	0.005	0.025
0.195	0.175	0.17	0.17	0.11	0.05	0.055	0.03	0.01	0.01	0.02	0.005
0.2	0.3	0.155	0.135	0.08	0.015	0.02	0.03	0.02	0.01	0.01	0.025
0.185	0.21	0.22	0.115	0.075	0.05	0.03	0.04	0.035	0.015	0.01	0.015
0.17	0.18	0.225	0.19	0.08	0.03	0.05	0.02	0.01	0.03	0.005	0.01
0.13	0.21	0.18	0.155	0.16	0.065	0.05	0.01	0.02	0	0.005	0.015
0.23	0.125	0.21	0.165	0.1	0.07	0.04	0.035	0	0.01	0.01	0.005
#######PARAMETER SECTION#######
800	400	1200	-4	800	-0.25	1
0.18	0.01	1	-4	0.18	-0.25	1
-1.36	-5	-0.001	-4	-1.36	-0.25	1
0.1	0.05	0.3	-4	0.1	-0.25	1
0.2	0.01	0.5	-4	0.2	-0.25	1
0.75	0.20001	1	-3	0.75	-0.25	1
13.815511	-1	200	1	13.815511	-0.25	1
0	-1	1	-4	0	-0.25	1
0.2	1e-04	1.2	-3	0.2	-0.25	1
0	-10	10	-6	0	-1	1
0	-10	10	-6	0	-1	1
2	0	12	2	2	-0.5	1
1	0	12	2	1	-0.5	1
2	0	12	-2	2	-0.5	1
1	0	12	-2	1	-0.5	1
1.5	0	12	2	1.5	-0.5	1
2	0	12	2	2	-0.5	1
-14.8976606692133	-30	5	1	-14.8976606692133	-1	1
1	0.1	2	-1	1	-1	1
-1.54399197800355	-10	1.39	1	-1.54399197800355	-1	1
#######DEV CONSTRAINTS and DEVS#######
-15	15	2
-15	15	2
-15	15	2
0	0	0	0	0	0	0	0	0	0	0	0	0	0	0	0	0	0	0	0	0	0	0	0	0	0	0	0	0	0
0	0	0	0	0	0	0	0	0	0	0	0	0	0	0	0	0	0	0	0	0	0	0	0	0	0	0	0	0	0
0	0	0	0	0	0	0	0	0	0	0
#######LIKELIHOOD WEIGHTS#######
1
1
1
1
0
1
0
0
0
#######MISCELLANEOUS STUFF SECTION#######
2.5e-08
3
0.5	0.5	0.5	0.5	0.5	0.5	0.5	0.5	0.5	0.5	0.5	0.5
0.0229773699100256	0.320821300824607	0.904650535100891	0.994779874306442	0.999738809680904	0.999986992871533	0.999999352405202	0.999999967758134	0.999999998394772	0.99999999992008	0.999999999996021	0.999999999999802
0.2	0.2	0.2	0.2	0.2	0.2	0.2	0.2	0.2	0.2	0.2	0.2
0
1
10
0.2
1
1	0	0	0	0	0	0	0	0	0	0	0
0	1	0	0	0	0	0	0	0	0	0	0
0	0	1	0	0	0	0	0	0	0	0	0
0	0	0	1	0	0	0	0	0	0	0	0
0	0	0	0	1	0	0	0	0	0	0	0
0	0	0	0	0	1	0	0	0	0	0	0
0	0	0	0	0	0	1	0	0	0	0	0
0	0	0	0	0	0	0	1	0	0	0	0
0	0	0	0	0	0	0	0	1	0	0	0
0	0	0	0	0	0	0	0	0	1	0	0
0	0	0	0	0	0	0	0	0	0	1	0
0	0	0	0	0	0	0	0	0	0	0	1
40
31
2
1
#######END OF DATA FILE#######
999
