#######GENERAL HEADER INPUT#######
1
30
1
30
1
30
30
12
1	2	3	4	5	6	7	8	9	10	11	12
12
1	2	3	4	5	6	7	8	9	10	11	12
1
1001
1
1
#######SURVEY DATA#######
30
1	2	3	4	5	6	7	8	9	10	11	12	13	14	15	16	17	18	19	20	21	22	23	24	25	26	27	28	29	30
1.46762781532832	1.43142469404235	1.63184725424637	1.48165242737864	1.38731417618537	1.26096516866122	1.37963969329871	1.03466027194253	1.38053649212065	1.10935168524065	1.17319549833325	1.01726520125682	1.01749569226738	0.960001487982368	0.921841689553728	1.06935937919937	1.15418471037359	1.08310133428886	0.851629862531857	0.757741192789257	0.737782354270061	0.84955201702346	0.805693281064074	0.844166870112237	0.601210017816042	0.718178687732358	0.648792682584896	0.584764770333565	0.551706485569419	0.551034662474618
0.2	0.2	0.2	0.2	0.2	0.2	0.2	0.2	0.2	0.2	0.2	0.2	0.2	0.2	0.2	0.2	0.2	0.2	0.2	0.2	0.2	0.2	0.2	0.2	0.2	0.2	0.2	0.2	0.2	0.2
30
1	2	3	4	5	6	7	8	9	10	11	12	13	14	15	16	17	18	19	20	21	22	23	24	25	26	27	28	29	30
200	200	200	200	200	200	200	200	200	200	200	200	200	200	200	200	200	200	200	200	200	200	200	200	200	200	200	200	200	200
200	200	200	200	200	200	200	200	200	200	200	200	200	200	200	200	200	200	200	200	200	200	200	200	200	200	200	200	200	200
0.075	0.16	0.12	0.08	0.115	0.1	0.085	0.05	0.045	0.025	0.02	0.125
0.105	0.15	0.065	0.13	0.085	0.085	0.075	0.06	0.055	0.045	0.025	0.12
0.065	0.135	0.11	0.125	0.115	0.075	0.08	0.055	0.025	0.06	0.05	0.105
0.065	0.17	0.13	0.11	0.14	0.04	0.06	0.04	0.03	0.06	0.03	0.125
0.08	0.145	0.22	0.105	0.075	0.045	0.08	0.04	0.05	0.025	0.01	0.125
0.065	0.085	0.155	0.15	0.1	0.055	0.1	0.03	0.065	0.04	0.045	0.11
0.07	0.165	0.16	0.11	0.085	0.1	0.045	0.07	0.03	0.03	0.015	0.12
0.08	0.15	0.15	0.135	0.125	0.07	0.07	0.03	0.01	0.035	0.04	0.105
0.075	0.105	0.165	0.135	0.125	0.085	0.115	0.03	0.02	0.035	0.02	0.09
0.065	0.185	0.145	0.145	0.12	0.045	0.06	0.035	0.055	0.02	0.02	0.105
0.045	0.195	0.2	0.09	0.105	0.085	0.06	0.065	0.035	0.01	0.03	0.08
0.08	0.14	0.23	0.12	0.095	0.13	0.045	0.035	0.025	0.01	0.025	0.065
0.18	0.14	0.175	0.095	0.12	0.07	0.035	0.065	0.02	0.025	0.035	0.04
0.1	0.23	0.15	0.12	0.12	0.045	0.07	0.055	0.015	0.025	0.025	0.045
0.075	0.205	0.255	0.11	0.055	0.065	0.065	0.02	0.045	0.03	0.015	0.06
0.14	0.185	0.15	0.25	0.08	0.06	0.03	0.025	0.005	0.01	0.01	0.055
0.085	0.26	0.12	0.135	0.16	0.055	0.055	0.03	0.015	0.015	0.02	0.05
0.05	0.19	0.285	0.125	0.07	0.1	0.06	0.04	0.025	0.015	0	0.04
0.055	0.16	0.195	0.22	0.105	0.065	0.07	0.05	0.005	0.02	0.005	0.05
0.065	0.225	0.195	0.115	0.15	0.11	0.03	0.07	0.015	0.005	0	0.02
0.24	0.155	0.165	0.07	0.105	0.095	0.04	0.035	0.035	0.02	0.015	0.025
0.14	0.26	0.125	0.1	0.115	0.09	0.03	0.055	0.02	0.02	0.005	0.04
0.08	0.305	0.3	0.075	0.065	0.06	0.04	0.02	0.025	0	0.01	0.02
0.15	0.14	0.25	0.2	0.065	0.065	0.035	0.04	0.03	0.005	0.005	0.015
0.15	0.315	0.115	0.195	0.11	0.055	0.005	0.025	0.02	0.01	0	0
0.14	0.205	0.265	0.105	0.11	0.1	0	0.035	0.005	0.005	0.01	0.02
0.13	0.215	0.225	0.185	0.115	0.055	0.05	0.025	0	0	0	0
0.115	0.3	0.24	0.145	0.095	0.04	0.03	0.005	0.005	0	0.005	0.02
0.105	0.26	0.27	0.115	0.105	0.07	0.015	0.035	0.02	0	0.005	0
0.175	0.16	0.23	0.185	0.08	0.04	0.07	0.025	0.015	0.015	0.005	0
#######LANDINGS DATA#######
1
30
162.007207247259	457.194143910895	743.058470433242	969.816454198005	751.576059301252	1317.01901334937	1258.43144205465	2405.96751838959	1302.17051443597	1478.71906111919	1567.03087227487	1557.15532386941	1070.51372257101	1502.32630383976	1525.69532453752	1337.74729855392	2458.59649419104	1810.04158754039	1661.00450138181	1500.49705888348	1853.96738257977	1246.86608358877	1934.09601398389	1436.80505026808	1348.04994583728	1213.16105556636	1161.96672706825	1540.5214848712	1088.16190223443	1505.54426978853
0.01	0.01	0.01	0.01	0.01	0.01	0.01	0.01	0.01	0.01	0.01	0.01	0.01	0.01	0.01	0.01	0.01	0.01	0.01	0.01	0.01	0.01	0.01	0.01	0.01	0.01	0.01	0.01	0.01	0.01
30
1	2	3	4	5	6	7	8	9	10	11	12	13	14	15	16	17	18	19	20	21	22	23	24	25	26	27	28	29	30
200	200	200	200	200	200	200	200	200	200	200	200	200	200	200	200	200	200	200	200	200	200	200	200	200	200	200	200	200	200
200	200	200	200	200	200	200	200	200	200	200	200	200	200	200	200	200	200	200	200	200	200	200	200	200	200	200	200	200	200
0.09	0.11	0.08	0.14	0.12	0.1	0.07	0.055	0.03	0.04	0.045	0.12
0.035	0.09	0.12	0.155	0.125	0.1	0.085	0.055	0.015	0.085	0.035	0.1
0.085	0.135	0.09	0.115	0.05	0.105	0.095	0.06	0.05	0.025	0.04	0.15
0.105	0.13	0.1	0.105	0.075	0.11	0.075	0.08	0.025	0.01	0.03	0.155
0.075	0.105	0.13	0.075	0.09	0.085	0.08	0.115	0.06	0.03	0.02	0.135
0.125	0.105	0.135	0.13	0.1	0.09	0.05	0.06	0.06	0.04	0.015	0.09
0.09	0.13	0.11	0.135	0.11	0.1	0.065	0.065	0.04	0.025	0.025	0.105
0.025	0.16	0.15	0.11	0.14	0.08	0.075	0.025	0.05	0.03	0.035	0.12
0.075	0.055	0.15	0.2	0.075	0.09	0.08	0.05	0.045	0.035	0.03	0.115
0.07	0.13	0.145	0.16	0.145	0.06	0.055	0.08	0.035	0.03	0.02	0.07
0.075	0.145	0.175	0.1	0.12	0.1	0.04	0.07	0.03	0.03	0.03	0.085
0.065	0.125	0.18	0.18	0.08	0.085	0.08	0.03	0.07	0.03	0.015	0.06
0.155	0.115	0.11	0.125	0.135	0.055	0.085	0.035	0.015	0.02	0.035	0.115
0.1	0.205	0.15	0.1	0.135	0.065	0.06	0.045	0.03	0.02	0.015	0.075
0.1	0.18	0.24	0.11	0.08	0.045	0.08	0	0.03	0.03	0.03	0.075
0.145	0.14	0.18	0.19	0.095	0.06	0.04	0.045	0.02	0.03	0.025	0.03
0.075	0.235	0.12	0.155	0.14	0.105	0.04	0.04	0.02	0.01	0.025	0.035
0.13	0.155	0.26	0.095	0.095	0.08	0.06	0.04	0.05	0.01	0.005	0.02
0.095	0.115	0.195	0.225	0.14	0.045	0.08	0.035	0.02	0.025	0.01	0.015
0.065	0.155	0.21	0.19	0.165	0.05	0.035	0.055	0.025	0.02	0	0.03
0.18	0.13	0.195	0.135	0.15	0.08	0.03	0.015	0.035	0.01	0.015	0.025
0.135	0.245	0.155	0.1	0.1	0.085	0.05	0.035	0.025	0.025	0.01	0.035
0.105	0.195	0.27	0.12	0.065	0.055	0.04	0.085	0.015	0.02	0.01	0.02
0.225	0.145	0.225	0.175	0.03	0.05	0.025	0.03	0.035	0.015	0.015	0.03
0.085	0.28	0.175	0.205	0.09	0.055	0.03	0.015	0.025	0.015	0	0.025
0.165	0.18	0.18	0.16	0.075	0.15	0.02	0.02	0.02	0.01	0.015	0.005
0.12	0.24	0.185	0.205	0.08	0.065	0.035	0.015	0.015	0.015	0.005	0.02
0.16	0.19	0.15	0.17	0.19	0.03	0.04	0.03	0	0.005	0.01	0.025
0.115	0.205	0.205	0.22	0.105	0.065	0.04	0.01	0.025	0.01	0	0
0.18	0.165	0.175	0.15	0.12	0.085	0.05	0.01	0.025	0.025	0.005	0.01
#######PARAMETER SECTION#######
800	400	1200	-4	800	-0.25	1
0.18	0.01	1	-4	0.18	-0.25	1
-1.36	-5	-0.001	-4	-1.36	-0.25	1
0.1	0.05	0.3	-4	0.1	-0.25	1
0.2	0.01	0.5	-4	0.2	-0.25	1
0.75	0.20001	1	-3	0.75	-0.25	1
13.815511	-1	200	1	13.815511	-0.25	1
0	-1	1	-4	0	-0.25	1
0.2	1e-04	1.2	-3	0.2	-0.25	1
0	-10	10	-6	0	-1	1
0	-10	10	-6	0	-1	1
2	0	12	2	2	-0.5	1
1	0	12	2	1	-0.5	1
2	0	12	-2	2	-0.5	1
1	0	12	-2	1	-0.5	1
1.5	0	12	2	1.5	-0.5	1
2	0	12	2	2	-0.5	1
-14.9337113353065	-30	5	1	-14.9337113353065	-1	1
1	0.1	2	-1	1	-1	1
-1.54399197800355	-10	1.39	1	-1.54399197800355	-1	1
#######DEV CONSTRAINTS and DEVS#######
-15	15	2
-15	15	2
-15	15	2
0	0	0	0	0	0	0	0	0	0	0	0	0	0	0	0	0	0	0	0	0	0	0	0	0	0	0	0	0	0
0	0	0	0	0	0	0	0	0	0	0	0	0	0	0	0	0	0	0	0	0	0	0	0	0	0	0	0	0	0
0	0	0	0	0	0	0	0	0	0	0
#######LIKELIHOOD WEIGHTS#######
1
1
1
1
0
1
0
0
0
#######MISCELLANEOUS STUFF SECTION#######
2.5e-08
3
0.5	0.5	0.5	0.5	0.5	0.5	0.5	0.5	0.5	0.5	0.5	0.5
0.0229773699100256	0.320821300824607	0.904650535100891	0.994779874306442	0.999738809680904	0.999986992871533	0.999999352405202	0.999999967758134	0.999999998394772	0.99999999992008	0.999999999996021	0.999999999999802
0.2	0.2	0.2	0.2	0.2	0.2	0.2	0.2	0.2	0.2	0.2	0.2
0
1
10
0.2
1
1	0	0	0	0	0	0	0	0	0	0	0
0	1	0	0	0	0	0	0	0	0	0	0
0	0	1	0	0	0	0	0	0	0	0	0
0	0	0	1	0	0	0	0	0	0	0	0
0	0	0	0	1	0	0	0	0	0	0	0
0	0	0	0	0	1	0	0	0	0	0	0
0	0	0	0	0	0	1	0	0	0	0	0
0	0	0	0	0	0	0	1	0	0	0	0
0	0	0	0	0	0	0	0	1	0	0	0
0	0	0	0	0	0	0	0	0	1	0	0
0	0	0	0	0	0	0	0	0	0	1	0
0	0	0	0	0	0	0	0	0	0	0	1
40
31
2
1
#######END OF DATA FILE#######
999
