# Number of parameters = 77  Objective function value = 26332.5  Maximum gradient component = 0.000340260
# sel_params[1]:
1.96131732594
# sel_params[2]:
1.02479492671
# log_Fmult_year1:
 -4.69728864813
# log_Fmult_devs:
 1.05588793291 0.492117234596 0.308911945922 -0.230918881146 0.593252787409 0.0170895149207 0.739571062791 -0.532644085883 0.202589984571 0.119515830356 0.0730176713917 -0.327080216941 0.392371561584 0.0512206683849 -0.0926370652287 0.673942908211 -0.205687244169 -0.00618789423524 -0.0290306526678 0.322136317730 -0.340929002576 0.495608527226 -0.201990201249 -0.0111691335479 -0.102703684477 -0.0264915979959 0.318728657661 -0.299253886054 0.389766883258
# log_recruit_devs:
 0.0843659157526 0.0482532062126 0.134466671145 0.199363165739 0.199272788476 0.0570163809319 -0.0591031579687 0.595898406656 -0.0588764992416 -0.220246513412 -0.0662924686239 -0.0474739632706 -0.168092142062 0.345268978533 0.0953731298285 -0.169361050095 -0.224220450796 -0.228521116602 -0.0285327161572 -0.0624096933335 -0.388781375982 0.00688668772980 -0.189591483489 0.291603512073 0.131445318314 -0.0233922777500 -0.116787579290 -0.265464981378 0.179913312170 -0.0519800041090
# log_N_year1_devs:
 0.118406525756 -0.0165663884607 -0.0195969125473 0.00630813511535 -0.0619020543506 -0.00499968826748 -0.219768595056 -0.0340960151429 0.0436913879641 -0.119598499310 -0.0179008948116
# log_q_year1:
 -8.03025426140
# log_q_devs:
 0.00000000000 0.00000000000 0.00000000000 0.00000000000 0.00000000000 0.00000000000 0.00000000000 0.00000000000 0.00000000000 0.00000000000 0.00000000000 0.00000000000 0.00000000000 0.00000000000 0.00000000000 0.00000000000 0.00000000000 0.00000000000 0.00000000000 0.00000000000 0.00000000000 0.00000000000 0.00000000000 0.00000000000 0.00000000000 0.00000000000 0.00000000000 0.00000000000 0.00000000000
# index_sel_params[1]:
1.41264970651
# index_sel_params[2]:
0.419103475578
# log_SR_scaler:
6.91793386273
# SR_steepness:
0.750000000000
