# Number of parameters = 77  Objective function value = 26257.9  Maximum gradient component = 0.0109532
# sel_params[1]:
2.06354854764
# sel_params[2]:
1.04785994271
# log_Fmult_year1:
 -4.62988105491
# log_Fmult_devs:
 1.05964229312 0.507295069241 0.308891112642 -0.230619812104 0.577128250340 0.0174557825545 0.728618518088 -0.528852968102 0.183472931887 0.125928820861 0.0591898018498 -0.332858774025 0.372966949749 0.0537915204122 -0.0923066394060 0.658362071857 -0.187161019213 0.00923727934943 -0.0170521349035 0.344514080578 -0.320536944375 0.497066329497 -0.179485370195 -0.0141971847725 -0.0897885410099 -0.0358212140830 0.329165664978 -0.274925002333 0.408588527314
# log_recruit_devs:
 -0.0132901729757 -0.0459398129261 0.192697869329 -0.0563612789683 -0.0535470094692 0.0482657870306 -0.00549563078823 -0.327228267848 0.154408015677 -0.0686354474509 0.0938871025050 0.202695353641 0.0170809930515 -0.244153696112 -0.310027633854 -0.138223930552 -0.148113063020 0.0542781104785 0.243094910791 -0.132508612328 -0.130704124702 0.201487946184 -0.0224836338110 -0.0310070304032 0.192375821808 0.0130928793693 0.227487562003 0.240453275143 -0.164838470700 0.0112521888973
# log_N_year1_devs:
 -0.102203466485 -0.101880636472 -0.0575468636744 -0.0990628665891 -0.0544995589145 -0.175176043575 -0.0567141695866 0.122223167332 -0.201449216398 -0.128812334574 -0.151307220462
# log_q_year1:
 -7.98828657755
# log_q_devs:
 0.00000000000 0.00000000000 0.00000000000 0.00000000000 0.00000000000 0.00000000000 0.00000000000 0.00000000000 0.00000000000 0.00000000000 0.00000000000 0.00000000000 0.00000000000 0.00000000000 0.00000000000 0.00000000000 0.00000000000 0.00000000000 0.00000000000 0.00000000000 0.00000000000 0.00000000000 0.00000000000 0.00000000000 0.00000000000 0.00000000000 0.00000000000 0.00000000000 0.00000000000
# index_sel_params[1]:
1.47947477562
# index_sel_params[2]:
0.506828909123
# log_SR_scaler:
6.97180604870
# SR_steepness:
0.750000000000
