# Number of parameters = 77  Objective function value = 26564.3  Maximum gradient component = 0.00273177
# sel_params[1]:
3.87002219154
# sel_params[2]:
0.954944446458
# log_Fmult_year1:
 -4.20074946262
# log_Fmult_devs:
 0.999505820987 0.442202402074 0.253270542406 -0.263617107438 0.545954766563 -0.0238163115337 0.738661093861 -0.530545762224 0.190155270863 0.119046435575 0.0426925200999 -0.346869279913 0.350845828192 0.0526391634154 -0.152243841875 0.666379825027 -0.184666980566 0.000136059048874 0.00496045073111 0.350251994381 -0.302873276523 0.519116809211 -0.167249970479 0.00133805803993 -0.0591926134775 -0.0101387524221 0.376374224912 -0.263090367124 0.453949829386
# log_recruit_devs:
 -0.130620387000 -0.121167968394 -0.295117577122 -0.194230449955 0.192345550432 0.0870351050172 0.117360022598 -0.00629281714732 0.0839654361465 0.177611026126 -0.0165095488807 -0.0144036333786 -0.0297307396900 0.0115948945825 -0.0318561912703 0.118464909308 -0.386056597783 -0.0568449180770 0.187189422145 0.147263118246 -0.105953046463 -0.204791179865 0.167130611086 -0.0865913070592 0.240790557580 0.0374976505137 -0.00531333739688 0.0132978309227 -0.132951810481 0.236885375261
# log_N_year1_devs:
 -0.233566431268 -0.270217531737 -0.276650364548 -0.493949528307 -0.408298799337 -0.555107875697 -0.667867387517 -0.916397904497 -0.756459137986 -0.935143543430 -1.37559476039
# log_q_year1:
 -7.82818956938
# log_q_devs:
 0.00000000000 0.00000000000 0.00000000000 0.00000000000 0.00000000000 0.00000000000 0.00000000000 0.00000000000 0.00000000000 0.00000000000 0.00000000000 0.00000000000 0.00000000000 0.00000000000 0.00000000000 0.00000000000 0.00000000000 0.00000000000 0.00000000000 0.00000000000 0.00000000000 0.00000000000 0.00000000000 0.00000000000 0.00000000000 0.00000000000 0.00000000000 0.00000000000 0.00000000000
# index_sel_params[1]:
1.96843267862
# index_sel_params[2]:
0.647937023597
# log_SR_scaler:
6.88239434496
# SR_steepness:
0.750000000000
