#######GENERAL HEADER INPUT#######
1
30
1
30
1
30
30
12
1	2	3	4	5	6	7	8	9	10	11	12
12
1	2	3	4	5	6	7	8	9	10	11	12
1
1001
1
1
#######SURVEY DATA#######
30
1	2	3	4	5	6	7	8	9	10	11	12	13	14	15	16	17	18	19	20	21	22	23	24	25	26	27	28	29	30
1.35521790084919	1.42715529230815	1.28287232791677	1.55766829412935	1.4702333772019	1.29653072126546	1.29252294850046	1.33734677536999	1.20948760910512	1.27640610368517	1.29047012829252	1.25765755204865	1.11460334377785	1.06888820166637	1.09491735094559	1.18820218547398	0.948081438207007	0.973984040169787	0.719796608615786	0.899014581282819	0.826228133747063	0.833523568969857	0.878179652114206	0.697265549877658	0.646506619099892	0.565756210178731	0.528971319588541	0.584490456743107	0.541989350001009	0.428574470458383
0.2	0.2	0.2	0.2	0.2	0.2	0.2	0.2	0.2	0.2	0.2	0.2	0.2	0.2	0.2	0.2	0.2	0.2	0.2	0.2	0.2	0.2	0.2	0.2	0.2	0.2	0.2	0.2	0.2	0.2
30
1	2	3	4	5	6	7	8	9	10	11	12	13	14	15	16	17	18	19	20	21	22	23	24	25	26	27	28	29	30
200	200	200	200	200	200	200	200	200	200	200	200	200	200	200	200	200	200	200	200	200	200	200	200	200	200	200	200	200	200
200	200	200	200	200	200	200	200	200	200	200	200	200	200	200	200	200	200	200	200	200	200	200	200	200	200	200	200	200	200
0.08	0.145	0.11	0.11	0.125	0.075	0.055	0.045	0.04	0.035	0.055	0.125
0.065	0.09	0.13	0.125	0.125	0.085	0.04	0.07	0.055	0.025	0.04	0.15
0.025	0.14	0.11	0.13	0.11	0.1	0.075	0.065	0.055	0.025	0.03	0.135
0.035	0.15	0.17	0.16	0.09	0.05	0.065	0.045	0.02	0.045	0.04	0.13
0.07	0.145	0.185	0.1	0.125	0.06	0.04	0.055	0.045	0.05	0.02	0.105
0.1	0.125	0.14	0.08	0.095	0.075	0.075	0.055	0.04	0.04	0.045	0.13
0.08	0.16	0.125	0.095	0.085	0.085	0.07	0.045	0.045	0.03	0.035	0.145
0.135	0.125	0.185	0.03	0.115	0.08	0.055	0.05	0.035	0.03	0.03	0.13
0.1	0.195	0.125	0.175	0.095	0.06	0.075	0.04	0.03	0.045	0.025	0.035
0.055	0.26	0.175	0.095	0.1	0.045	0.065	0.045	0.01	0	0.025	0.125
0.075	0.15	0.205	0.15	0.08	0.09	0.04	0.045	0.035	0.03	0.03	0.07
0.11	0.22	0.145	0.17	0.11	0.055	0.06	0.005	0.04	0.015	0.01	0.06
0.04	0.205	0.175	0.19	0.12	0.095	0.065	0.03	0.01	0.01	0.01	0.05
0.07	0.15	0.21	0.155	0.12	0.135	0.055	0.03	0.01	0.005	0.005	0.055
0.115	0.19	0.145	0.18	0.105	0.06	0.07	0.03	0.03	0.035	0.01	0.03
0.055	0.19	0.22	0.095	0.11	0.09	0.075	0.04	0.02	0.02	0.005	0.08
0.09	0.135	0.21	0.13	0.055	0.11	0.055	0.07	0.02	0.03	0.02	0.075
0.07	0.225	0.12	0.18	0.13	0.05	0.06	0.045	0.025	0.03	0.015	0.05
0.195	0.17	0.23	0.125	0.09	0.06	0.025	0.03	0.025	0.02	0.015	0.015
0.1	0.3	0.165	0.15	0.065	0.05	0.05	0.03	0.025	0.015	0.025	0.025
0.095	0.225	0.315	0.13	0.085	0.025	0.025	0.035	0.005	0.015	0.015	0.03
0.07	0.245	0.235	0.22	0.06	0.07	0.015	0.03	0.03	0.01	0	0.015
0.08	0.215	0.21	0.15	0.155	0.03	0.07	0.025	0.02	0.015	0	0.03
0.165	0.125	0.315	0.135	0.075	0.105	0.04	0.02	0	0.01	0.005	0.005
0.11	0.23	0.17	0.2	0.1	0.055	0.085	0.015	0.025	0.005	0.005	0
0.115	0.29	0.24	0.09	0.075	0.06	0.045	0.045	0.015	0.005	0	0.02
0.125	0.265	0.25	0.135	0.085	0.07	0.02	0.015	0.01	0.015	0.005	0.005
0.135	0.245	0.225	0.135	0.09	0.045	0.055	0.02	0.01	0.005	0.015	0.02
0.16	0.17	0.205	0.195	0.095	0.06	0.045	0.04	0	0.015	0.015	0
0.11	0.275	0.195	0.155	0.095	0.08	0.025	0.01	0.02	0.02	0	0.015
#######LANDINGS DATA#######
1
30
160.519629819284	458.831095843784	745.5086374075	970.840436772477	745.736002208977	1262.05536472746	1197.64987587352	2318.78227878601	1235.44877850188	1451.54310401655	1569.72152209011	1611.07416983136	1107.77696193212	1560.32456574208	1564.23452430662	1319.166193746	2318.63940835357	1661.66465118595	1517.53616851409	1420.26496549689	1872.07397375356	1297.68430038847	1984.52294380302	1436.6537454839	1301.92270212863	1114.12355407134	1059.99738088896	1396.94190186916	1008.1262896296	1405.22654093024
0.01	0.01	0.01	0.01	0.01	0.01	0.01	0.01	0.01	0.01	0.01	0.01	0.01	0.01	0.01	0.01	0.01	0.01	0.01	0.01	0.01	0.01	0.01	0.01	0.01	0.01	0.01	0.01	0.01	0.01
30
1	2	3	4	5	6	7	8	9	10	11	12	13	14	15	16	17	18	19	20	21	22	23	24	25	26	27	28	29	30
200	200	200	200	200	200	200	200	200	200	200	200	200	200	200	200	200	200	200	200	200	200	200	200	200	200	200	200	200	200
200	200	200	200	200	200	200	200	200	200	200	200	200	200	200	200	200	200	200	200	200	200	200	200	200	200	200	200	200	200
0.055	0.1	0.095	0.09	0.125	0.08	0.065	0.06	0.1	0.045	0.04	0.145
0.09	0.085	0.125	0.095	0.105	0.1	0.075	0.06	0.055	0.02	0.04	0.15
0.08	0.08	0.13	0.15	0.12	0.075	0.085	0.065	0.045	0.045	0.015	0.11
0.065	0.12	0.195	0.1	0.09	0.1	0.04	0.04	0.055	0.04	0.02	0.135
0.06	0.11	0.11	0.155	0.1	0.07	0.04	0.09	0.045	0.05	0.035	0.135
0.05	0.08	0.095	0.11	0.135	0.11	0.07	0.06	0.06	0.035	0.04	0.155
0.085	0.11	0.115	0.105	0.14	0.12	0.05	0.065	0.045	0.035	0.005	0.125
0.08	0.115	0.205	0.105	0.1	0.08	0.095	0.055	0.025	0.04	0.025	0.075
0.12	0.195	0.14	0.155	0.075	0.07	0.06	0.055	0.045	0.015	0.015	0.055
0.11	0.165	0.155	0.1	0.105	0.045	0.085	0.04	0.055	0.02	0.02	0.1
0.07	0.1	0.17	0.155	0.125	0.11	0.035	0.045	0.045	0.03	0.015	0.1
0.085	0.15	0.09	0.2	0.11	0.09	0.1	0.02	0.045	0.035	0.025	0.05
0.07	0.135	0.155	0.1	0.19	0.13	0.08	0.06	0.02	0.005	0.02	0.035
0.11	0.1	0.175	0.095	0.105	0.165	0.105	0.035	0.03	0.005	0.02	0.055
0.095	0.145	0.145	0.165	0.115	0.08	0.075	0.075	0.02	0.015	0.02	0.05
0.085	0.15	0.165	0.12	0.09	0.095	0.07	0.065	0.03	0.02	0.045	0.065
0.15	0.125	0.165	0.165	0.11	0.05	0.07	0.05	0.035	0.02	0.015	0.045
0.07	0.23	0.13	0.185	0.115	0.04	0.06	0.03	0.04	0.035	0.015	0.05
0.195	0.12	0.205	0.09	0.1	0.09	0.045	0.03	0.03	0.015	0.02	0.06
0.095	0.28	0.145	0.185	0.055	0.075	0.05	0.025	0.03	0.01	0.015	0.035
0.12	0.175	0.255	0.115	0.13	0.065	0.055	0.05	0.01	0.005	0	0.02
0.13	0.155	0.23	0.2	0.075	0.07	0.05	0.015	0.02	0.02	0.01	0.025
0.125	0.16	0.265	0.18	0.13	0.06	0.025	0.025	0.005	0.015	0	0.01
0.18	0.145	0.19	0.165	0.13	0.095	0.04	0.02	0.005	0.005	0.005	0.02
0.15	0.165	0.16	0.185	0.145	0.115	0.045	0.005	0.02	0.005	0	0.005
0.185	0.22	0.2	0.105	0.13	0.06	0.025	0.04	0.01	0.01	0	0.015
0.175	0.23	0.195	0.115	0.095	0.085	0.035	0.025	0.03	0.01	0	0.005
0.12	0.245	0.21	0.155	0.12	0.035	0.055	0.02	0.015	0.015	0	0.01
0.14	0.19	0.225	0.17	0.135	0.06	0.02	0.015	0.02	0.005	0.01	0.01
0.135	0.225	0.265	0.125	0.1	0.03	0.05	0.015	0.025	0.015	0.005	0.01
#######PARAMETER SECTION#######
800	400	1200	-4	800	-0.25	1
0.18	0.01	1	-4	0.18	-0.25	1
-1.36	-5	-0.001	-4	-1.36	-0.25	1
0.1	0.05	0.3	-4	0.1	-0.25	1
0.2	0.01	0.5	-4	0.2	-0.25	1
0.75	0.20001	1	-3	0.75	-0.25	1
13.815511	-1	200	1	13.815511	-0.25	1
0	-1	1	-4	0	-0.25	1
0.2	1e-04	1.2	-3	0.2	-0.25	1
0	-10	10	-6	0	-1	1
0	-10	10	-6	0	-1	1
2	0	12	2	2	-0.5	1
1	0	12	2	1	-0.5	1
2	0	12	-2	2	-0.5	1
1	0	12	-2	1	-0.5	1
1.5	0	12	2	1.5	-0.5	1
2	0	12	2	2	-0.5	1
-14.9092389511378	-30	5	1	-14.9092389511378	-1	1
1	0.1	2	-1	1	-1	1
-1.54399197800355	-10	1.39	1	-1.54399197800355	-1	1
#######DEV CONSTRAINTS and DEVS#######
-15	15	2
-15	15	2
-15	15	2
0	0	0	0	0	0	0	0	0	0	0	0	0	0	0	0	0	0	0	0	0	0	0	0	0	0	0	0	0	0
0	0	0	0	0	0	0	0	0	0	0	0	0	0	0	0	0	0	0	0	0	0	0	0	0	0	0	0	0	0
0	0	0	0	0	0	0	0	0	0	0
#######LIKELIHOOD WEIGHTS#######
1
1
1
1
0
1
0
0
0
#######MISCELLANEOUS STUFF SECTION#######
2.5e-08
3
0.5	0.5	0.5	0.5	0.5	0.5	0.5	0.5	0.5	0.5	0.5	0.5
0.0229773699100256	0.320821300824607	0.904650535100891	0.994779874306442	0.999738809680904	0.999986992871533	0.999999352405202	0.999999967758134	0.999999998394772	0.99999999992008	0.999999999996021	0.999999999999802
0.2	0.2	0.2	0.2	0.2	0.2	0.2	0.2	0.2	0.2	0.2	0.2
0
1
10
0.2
1
1	0	0	0	0	0	0	0	0	0	0	0
0	1	0	0	0	0	0	0	0	0	0	0
0	0	1	0	0	0	0	0	0	0	0	0
0	0	0	1	0	0	0	0	0	0	0	0
0	0	0	0	1	0	0	0	0	0	0	0
0	0	0	0	0	1	0	0	0	0	0	0
0	0	0	0	0	0	1	0	0	0	0	0
0	0	0	0	0	0	0	1	0	0	0	0
0	0	0	0	0	0	0	0	1	0	0	0
0	0	0	0	0	0	0	0	0	1	0	0
0	0	0	0	0	0	0	0	0	0	1	0
0	0	0	0	0	0	0	0	0	0	0	1
40
31
2
1
#######END OF DATA FILE#######
999
