# Number of parameters = 77  Objective function value = 26385.2  Maximum gradient component = 0.00620611
# sel_params[1]:
1.96369323817
# sel_params[2]:
0.921539855095
# log_Fmult_year1:
 -4.65615954614
# log_Fmult_devs:
 1.05217992511 0.495551219547 0.307938845834 -0.247496570047 0.587173333434 0.0157905495619 0.743428690510 -0.539086798287 0.207034201728 0.131625336066 0.0674538818798 -0.322913813311 0.373127721252 0.0498338466631 -0.103849548340 0.667311132274 -0.197234206140 -0.0361508084007 0.00594395596602 0.343731241877 -0.305187571705 0.520916892193 -0.172364627073 -0.00631497464750 -0.0998935141199 -0.0187209356603 0.325007561667 -0.272831175263 0.424693024961
# log_recruit_devs:
 -0.0288117311183 0.0288053246889 -0.142459731469 -0.121811430032 -0.232909591529 0.148249063066 0.100132177863 -0.0826614660080 0.232909769737 0.221799922302 -0.110381282289 -0.123317407103 -0.0728039268070 0.0355482953839 -0.179156886502 0.0157692561665 0.151517132664 0.111434115697 -0.00195789178475 0.177430457038 0.0740187643065 -0.252987010719 0.211558373935 0.000482319845361 0.0673913434605 0.0897418450378 -0.245046766736 -0.0541430735632 -0.237867903104 0.219527937573
# log_N_year1_devs:
 0.109242920066 -0.0160234808406 0.0663694222929 -0.0953868304134 -0.159475447611 0.0561391351215 -0.0541199458040 -0.118281394019 -0.0770930335538 -0.271732265738 -0.130856649885
# log_q_year1:
 -7.92283110003
# log_q_devs:
 0.00000000000 0.00000000000 0.00000000000 0.00000000000 0.00000000000 0.00000000000 0.00000000000 0.00000000000 0.00000000000 0.00000000000 0.00000000000 0.00000000000 0.00000000000 0.00000000000 0.00000000000 0.00000000000 0.00000000000 0.00000000000 0.00000000000 0.00000000000 0.00000000000 0.00000000000 0.00000000000 0.00000000000 0.00000000000 0.00000000000 0.00000000000 0.00000000000 0.00000000000
# index_sel_params[1]:
1.56760587486
# index_sel_params[2]:
0.524325736529
# log_SR_scaler:
6.89889969764
# SR_steepness:
0.750000000000
