# Number of parameters = 77  Objective function value = 26396.0  Maximum gradient component = 0.000413470
# sel_params[1]:
2.09859071281
# sel_params[2]:
1.05111621730
# log_Fmult_year1:
 -4.66173970768
# log_Fmult_devs:
 1.07123316381 0.505650729209 0.314102037831 -0.219645373818 0.585648258060 0.0127849755977 0.744543615840 -0.536132038221 0.179709192739 0.118875882839 0.0607319405876 -0.328427073690 0.370583733283 0.0697290893278 -0.111158817566 0.669895184781 -0.210033704055 -0.00425975692115 -0.0197374022304 0.337910456022 -0.311904775318 0.500280311891 -0.198816231917 -0.00863947188591 -0.0974995437489 -0.0170387624839 0.303533752153 -0.285822965346 0.410623496222
# log_recruit_devs:
 -0.0590709489244 0.0606300486804 -0.0794256858984 0.0399167559940 -0.120620031858 0.0271399581092 0.0200169485004 0.0453867031786 0.0221484791188 -0.137367374809 -0.0932956610213 -0.280918993355 0.177666211590 0.218415116016 0.115277061260 0.562197668872 -0.142305473372 -0.350321323458 0.0519216379498 -0.139710085189 0.0993278332879 -0.221368585283 -0.0202312009704 0.268718167705 0.177913687861 0.0717709610005 -0.372660440231 -0.0814571156739 0.0446224075454 0.0956832733757
# log_N_year1_devs:
 0.0159271650544 -0.107056059572 -0.113155600534 0.0273477339001 -0.0855983424362 -0.137375412745 0.0156814001264 0.0110407323107 -0.557278132058 -0.440635562914 0.0496232543661
# log_q_year1:
 -7.93606170731
# log_q_devs:
 0.00000000000 0.00000000000 0.00000000000 0.00000000000 0.00000000000 0.00000000000 0.00000000000 0.00000000000 0.00000000000 0.00000000000 0.00000000000 0.00000000000 0.00000000000 0.00000000000 0.00000000000 0.00000000000 0.00000000000 0.00000000000 0.00000000000 0.00000000000 0.00000000000 0.00000000000 0.00000000000 0.00000000000 0.00000000000 0.00000000000 0.00000000000 0.00000000000 0.00000000000
# index_sel_params[1]:
1.52621941213
# index_sel_params[2]:
0.576787754555
# log_SR_scaler:
6.87071827164
# SR_steepness:
0.750000000000
