#styr												
1
#endyr												
30
#rec_age										
1															
#n_ages										
12
# numbers of length intervals
81
#Length	bin
10	11	12	13	14	15	16	17	18	19	20	21	22	23	24	25	26	27	28	29	30	31	32	33	34	35	36	37	38	39	40	41	42	43	44	45	46	47	48	49	50	51	52	53	54	55	56	57	58	59	60	61	62	63	64	65	66	67	68	69	70	71	72	73	74	75	76	77	78	79	80	81	82	83	84	85	86	87	88	89	90
#nfsh
1
#names_fsh
FLEET1												
#catch												
161.43226661019	462.769113194191	759.102764832015	993.888113816343	775.523799772766	1359.1224614771	1321.40123334396	2527.01697308376	1326.43445269553	1493.47711168859	1562.75780330533	1574.46872480757	1118.20401611424	1566.74846783457	1575.11454973725	1338.55629481741	2406.73415249491	1735.91572107526	1537.47585211526	1393.1501765422	1764.25020855741	1187.70963367252	1788.03586330326	1299.82996127263	1181.95698264858	1037.51749914058	999.302442159126	1340.92734765268	960.869043350046	1344.92712884309
#catch_cv											
0.01	0.01	0.01	0.01	0.01	0.01	0.01	0.01	0.01	0.01	0.01	0.01	0.01	0.01	0.01	0.01	0.01	0.01	0.01	0.01	0.01	0.01	0.01	0.01	0.01	0.01	0.01	0.01	0.01	0.01
#n_ages_fsh								
30		
#n_lengths_fsh								
0															
#yrs_ages_fsh								
1	2	3	4	5	6	7	8	9	10	11	12	13	14	15	16	17	18	19	20	21	22	23	24	25	26	27	28	29	30	
#sample_ages_fsh							
200	200	200	200	200	200	200	200	200	200	200	200	200	200	200	200	200	200	200	200	200	200	200	200	200	200	200	200	200	200
#page_fsh	2	3	4	5	6	7	8	9	10	11						
0.045	0.065	0.11	0.14	0.13	0.11	0.08	0.05	0.035	0.04	0.025	0.17
0.075	0.115	0.125	0.1	0.07	0.13	0.06	0.075	0.05	0.03	0.025	0.145
0.045	0.11	0.16	0.085	0.13	0.08	0.075	0.05	0.075	0.025	0.015	0.15
0.065	0.14	0.185	0.095	0.15	0.095	0.065	0.045	0.025	0.04	0.015	0.08
0.035	0.13	0.135	0.15	0.1	0.09	0.08	0.045	0.03	0.05	0.01	0.145
0.085	0.125	0.11	0.13	0.085	0.075	0.055	0.055	0.025	0.06	0.035	0.16
0.065	0.11	0.13	0.14	0.085	0.105	0.065	0.06	0.04	0.02	0.02	0.16
0.07	0.135	0.135	0.165	0.105	0.08	0.09	0.06	0.015	0.025	0.02	0.1
0.075	0.08	0.135	0.165	0.125	0.09	0.08	0.065	0.05	0.025	0.005	0.105
0.13	0.135	0.105	0.15	0.11	0.095	0.05	0.06	0.055	0.025	0.01	0.075
0.175	0.2	0.085	0.09	0.115	0.075	0.055	0.03	0.06	0.02	0.025	0.07
0.095	0.14	0.2	0.13	0.08	0.065	0.085	0.04	0.04	0.03	0.02	0.075
0.075	0.145	0.23	0.14	0.095	0.075	0.055	0.05	0.03	0.025	0.03	0.05
0.085	0.11	0.11	0.225	0.125	0.075	0.035	0.065	0.06	0.025	0.01	0.075
0.105	0.175	0.155	0.09	0.195	0.085	0.04	0.025	0.025	0.01	0.025	0.07
0.15	0.155	0.225	0.1	0.085	0.105	0.045	0.045	0.015	0.01	0.015	0.05
0.11	0.195	0.185	0.19	0.08	0.08	0.065	0.025	0.015	0	0.015	0.04
0.09	0.13	0.18	0.12	0.165	0.1	0.08	0.035	0.045	0.015	0.02	0.02
0.115	0.145	0.155	0.185	0.105	0.1	0.035	0.035	0.045	0.035	0	0.045
0.17	0.185	0.145	0.135	0.105	0.05	0.06	0.03	0.04	0.035	0	0.045
0.145	0.22	0.23	0.135	0.08	0.055	0.025	0.035	0.02	0.015	0.01	0.03
0.135	0.195	0.255	0.12	0.07	0.04	0.045	0.04	0.02	0.005	0.015	0.06
0.105	0.215	0.15	0.23	0.095	0.06	0.04	0.04	0.005	0.02	0.01	0.03
0.155	0.17	0.17	0.195	0.115	0.085	0.02	0.02	0.03	0.02	0.01	0.01
0.16	0.195	0.195	0.155	0.08	0.065	0.055	0.025	0.02	0	0.015	0.035
0.16	0.215	0.23	0.14	0.11	0.06	0.04	0.02	0.02	0	0	0.005
0.185	0.205	0.22	0.115	0.07	0.09	0.035	0.04	0.005	0.01	0.01	0.015
0.105	0.215	0.245	0.14	0.145	0.035	0.04	0.015	0.035	0.01	0.005	0.01
0.185	0.175	0.165	0.175	0.15	0.065	0.03	0.01	0.01	0.02	0.005	0.01
0.185	0.195	0.17	0.17	0.11	0.05	0.02	0.035	0.035	0	0.01	0.02
#wt_age_fsh	1 2	3	4	5	6	7	8	9	10	11						
0.000530656	0.001196328	0.002058265	0.003034987	0.004055212	0.005064698	0.006026226	0.006916921	0.007724891	0.008446113	0.009081853	0.009636695
0.000530656	0.001196328	0.002058265	0.003034987	0.004055212	0.005064698	0.006026226	0.006916921	0.007724891	0.008446113	0.009081853	0.009636695
0.000530656	0.001196328	0.002058265	0.003034987	0.004055212	0.005064698	0.006026226	0.006916921	0.007724891	0.008446113	0.009081853	0.009636695
0.000530656	0.001196328	0.002058265	0.003034987	0.004055212	0.005064698	0.006026226	0.006916921	0.007724891	0.008446113	0.009081853	0.009636695
0.000530656	0.001196328	0.002058265	0.003034987	0.004055212	0.005064698	0.006026226	0.006916921	0.007724891	0.008446113	0.009081853	0.009636695
0.000530656	0.001196328	0.002058265	0.003034987	0.004055212	0.005064698	0.006026226	0.006916921	0.007724891	0.008446113	0.009081853	0.009636695
0.000530656	0.001196328	0.002058265	0.003034987	0.004055212	0.005064698	0.006026226	0.006916921	0.007724891	0.008446113	0.009081853	0.009636695
0.000530656	0.001196328	0.002058265	0.003034987	0.004055212	0.005064698	0.006026226	0.006916921	0.007724891	0.008446113	0.009081853	0.009636695
0.000530656	0.001196328	0.002058265	0.003034987	0.004055212	0.005064698	0.006026226	0.006916921	0.007724891	0.008446113	0.009081853	0.009636695
0.000530656	0.001196328	0.002058265	0.003034987	0.004055212	0.005064698	0.006026226	0.006916921	0.007724891	0.008446113	0.009081853	0.009636695
0.000530656	0.001196328	0.002058265	0.003034987	0.004055212	0.005064698	0.006026226	0.006916921	0.007724891	0.008446113	0.009081853	0.009636695
0.000530656	0.001196328	0.002058265	0.003034987	0.004055212	0.005064698	0.006026226	0.006916921	0.007724891	0.008446113	0.009081853	0.009636695
0.000530656	0.001196328	0.002058265	0.003034987	0.004055212	0.005064698	0.006026226	0.006916921	0.007724891	0.008446113	0.009081853	0.009636695
0.000530656	0.001196328	0.002058265	0.003034987	0.004055212	0.005064698	0.006026226	0.006916921	0.007724891	0.008446113	0.009081853	0.009636695
0.000530656	0.001196328	0.002058265	0.003034987	0.004055212	0.005064698	0.006026226	0.006916921	0.007724891	0.008446113	0.009081853	0.009636695
0.000530656	0.001196328	0.002058265	0.003034987	0.004055212	0.005064698	0.006026226	0.006916921	0.007724891	0.008446113	0.009081853	0.009636695
0.000530656	0.001196328	0.002058265	0.003034987	0.004055212	0.005064698	0.006026226	0.006916921	0.007724891	0.008446113	0.009081853	0.009636695
0.000530656	0.001196328	0.002058265	0.003034987	0.004055212	0.005064698	0.006026226	0.006916921	0.007724891	0.008446113	0.009081853	0.009636695
0.000530656	0.001196328	0.002058265	0.003034987	0.004055212	0.005064698	0.006026226	0.006916921	0.007724891	0.008446113	0.009081853	0.009636695
0.000530656	0.001196328	0.002058265	0.003034987	0.004055212	0.005064698	0.006026226	0.006916921	0.007724891	0.008446113	0.009081853	0.009636695
0.000530656	0.001196328	0.002058265	0.003034987	0.004055212	0.005064698	0.006026226	0.006916921	0.007724891	0.008446113	0.009081853	0.009636695
0.000530656	0.001196328	0.002058265	0.003034987	0.004055212	0.005064698	0.006026226	0.006916921	0.007724891	0.008446113	0.009081853	0.009636695
0.000530656	0.001196328	0.002058265	0.003034987	0.004055212	0.005064698	0.006026226	0.006916921	0.007724891	0.008446113	0.009081853	0.009636695
0.000530656	0.001196328	0.002058265	0.003034987	0.004055212	0.005064698	0.006026226	0.006916921	0.007724891	0.008446113	0.009081853	0.009636695
0.000530656	0.001196328	0.002058265	0.003034987	0.004055212	0.005064698	0.006026226	0.006916921	0.007724891	0.008446113	0.009081853	0.009636695
0.000530656	0.001196328	0.002058265	0.003034987	0.004055212	0.005064698	0.006026226	0.006916921	0.007724891	0.008446113	0.009081853	0.009636695
0.000530656	0.001196328	0.002058265	0.003034987	0.004055212	0.005064698	0.006026226	0.006916921	0.007724891	0.008446113	0.009081853	0.009636695
0.000530656	0.001196328	0.002058265	0.003034987	0.004055212	0.005064698	0.006026226	0.006916921	0.007724891	0.008446113	0.009081853	0.009636695
0.000530656	0.001196328	0.002058265	0.003034987	0.004055212	0.005064698	0.006026226	0.006916921	0.007724891	0.008446113	0.009081853	0.009636695
0.000530656	0.001196328	0.002058265	0.003034987	0.004055212	0.005064698	0.006026226	0.006916921	0.007724891	0.008446113	0.009081853	0.009636695
#nind
1
#ind_names									
SURVEY1									
#nobs_ind
30
#yrs_ind											
1	2	3	4	5	6	7	8	9	10	11	12	13	14	15	16	17	18	19	20	21	22	23	24	25	26	27	28	29	30	
#month_ind										
1															
#biom_ind											
1.41464642200004	1.45388975094256	1.47128369909045	1.53266065556187	1.3430920613202	1.48855508740545	1.39200575063941	1.20472198347419	1.27305036316874	1.09416235235545	1.16021668646123	0.965256397385601	1.03748892226792	1.17543932371273	1.18556912751527	0.936434156887313	0.869385998791703	0.850061827825329	0.759848252825303	0.693660939740685	0.768106269835526	0.907562672151676	0.673340888319003	0.632030886155098	0.578917159201325	0.560313489073584	0.462068676273383	0.594029819992708	0.509728186930156	0.460528390943998
#biom_cv																
0.282929284400008	0.290777950188511	0.294256739818089	0.306532131112374	0.268618412264039	0.297711017481091	0.278401150127882	0.240944396694839	0.254610072633749	0.218832470471091	0.232043337292246	0.19305127947712	0.207497784453584	0.235087864742547	0.237113825503054	0.187286831377463	0.173877199758341	0.170012365565066	0.151969650565061	0.138732187948137	0.153621253967105	0.181512534430335	0.134668177663801	0.12640617723102	0.115783431840265	0.112062697814717	0.0924137352546766	0.118805963998542	0.101945637386031	0.0921056781887997
#n_ages_ind															
30			
#n_lengths_ind															
0															
#yrs_ages_ind															
1	2	3	4	5	6	7	8	9	10	11	12	13	14	15	16	17	18	19	20	21	22	23	24	25	26	27	28	29	30	
#sample_ages_ind					
200	200	200	200	200	200	200	200	200	200	200	200	200	200	200	200	200	200	200	200	200	200	200	200	200	200	200	200	200	200
#page_ind						
0.03	0.1	0.165	0.135	0.135	0.065	0.065	0.035	0.03	0.025	0.035	0.18
0.1	0.115	0.175	0.08	0.095	0.06	0.045	0.07	0.025	0.04	0.015	0.18
0.075	0.185	0.16	0.14	0.08	0.07	0.03	0.035	0.045	0.06	0.035	0.085
0.05	0.125	0.2	0.125	0.085	0.07	0.06	0.07	0.05	0.04	0.01	0.115
0.08	0.11	0.195	0.16	0.085	0.105	0.05	0.05	0.03	0.025	0.02	0.09
0.05	0.135	0.145	0.155	0.125	0.075	0.06	0.05	0.045	0.04	0.02	0.1
0.06	0.095	0.19	0.105	0.105	0.105	0.065	0.035	0.055	0.03	0.02	0.135
0.085	0.185	0.15	0.1	0.12	0.06	0.08	0.03	0.025	0.06	0.025	0.08
0.07	0.095	0.16	0.12	0.085	0.085	0.08	0.095	0.055	0.015	0.015	0.125
0.11	0.18	0.155	0.13	0.105	0.075	0.06	0.04	0.025	0.035	0.025	0.06
0.115	0.15	0.155	0.095	0.1	0.06	0.06	0.06	0.055	0.035	0.01	0.105
0.065	0.23	0.17	0.095	0.08	0.09	0.035	0.06	0.035	0.03	0.015	0.095
0.08	0.16	0.24	0.175	0.075	0.065	0.055	0.025	0.035	0.04	0.03	0.02
0.085	0.175	0.17	0.21	0.115	0.045	0.04	0.04	0.01	0.035	0.01	0.065
0.115	0.2	0.17	0.12	0.09	0.115	0.04	0.03	0.035	0.015	0.01	0.06
0.075	0.195	0.225	0.155	0.115	0.1	0.045	0.01	0.005	0.02	0.01	0.045
0.09	0.205	0.165	0.18	0.095	0.1	0.065	0.04	0.025	0.005	0	0.03
0.075	0.215	0.215	0.12	0.12	0.07	0.05	0.03	0.04	0.01	0.015	0.04
0.075	0.26	0.15	0.165	0.1	0.095	0.025	0.03	0.02	0.02	0.02	0.04
0.145	0.2	0.19	0.16	0.1	0.075	0.02	0.02	0.03	0.015	0.025	0.02
0.135	0.255	0.18	0.11	0.095	0.05	0.065	0.015	0.02	0.035	0.005	0.035
0.1	0.24	0.23	0.18	0.055	0.04	0.04	0.03	0.03	0	0.015	0.04
0.105	0.255	0.215	0.175	0.065	0.05	0.035	0.03	0.01	0.02	0.005	0.035
0.125	0.16	0.285	0.13	0.13	0.03	0.035	0.025	0.025	0.025	0.005	0.025
0.14	0.245	0.205	0.15	0.1	0.075	0.025	0.03	0.01	0.005	0.005	0.01
0.195	0.22	0.27	0.09	0.085	0.045	0.05	0.01	0.015	0.015	0	0.005
0.095	0.265	0.195	0.18	0.06	0.07	0.045	0.04	0.005	0.01	0.005	0.03
0.11	0.255	0.27	0.15	0.13	0.03	0.025	0.025	0	0	0	0.005
0.17	0.195	0.205	0.175	0.085	0.075	0.03	0.015	0.02	0.005	0.005	0.02
0.17	0.29	0.17	0.15	0.095	0.05	0.045	0.005	0.015	0.005	0.005	0
#wt_age_ind						
1 1 1 1 1 1 1 1 1 1 1 1 
1 1 1 1 1 1 1 1 1 1 1 1 
1 1 1 1 1 1 1 1 1 1 1 1 
1 1 1 1 1 1 1 1 1 1 1 1 
1 1 1 1 1 1 1 1 1 1 1 1 
1 1 1 1 1 1 1 1 1 1 1 1 
1 1 1 1 1 1 1 1 1 1 1 1 
1 1 1 1 1 1 1 1 1 1 1 1 
1 1 1 1 1 1 1 1 1 1 1 1 
1 1 1 1 1 1 1 1 1 1 1 1 
1 1 1 1 1 1 1 1 1 1 1 1 
1 1 1 1 1 1 1 1 1 1 1 1 
1 1 1 1 1 1 1 1 1 1 1 1 
1 1 1 1 1 1 1 1 1 1 1 1 
1 1 1 1 1 1 1 1 1 1 1 1 
1 1 1 1 1 1 1 1 1 1 1 1 
1 1 1 1 1 1 1 1 1 1 1 1 
1 1 1 1 1 1 1 1 1 1 1 1 
1 1 1 1 1 1 1 1 1 1 1 1 
1 1 1 1 1 1 1 1 1 1 1 1 
1 1 1 1 1 1 1 1 1 1 1 1 
1 1 1 1 1 1 1 1 1 1 1 1 
1 1 1 1 1 1 1 1 1 1 1 1 
1 1 1 1 1 1 1 1 1 1 1 1 
1 1 1 1 1 1 1 1 1 1 1 1 
1 1 1 1 1 1 1 1 1 1 1 1 
1 1 1 1 1 1 1 1 1 1 1 1 
1 1 1 1 1 1 1 1 1 1 1 1 
1 1 1 1 1 1 1 1 1 1 1 1 
1 1 1 1 1 1 1 1 1 1 1 1 
# wt_pop
0.000530656	0.001196328	0.002058265	0.003034987	0.004055212	0.005064698	0.006026226	0.006916921	0.007724891	0.008446113	0.009081853	0.009636695
#maturity
0.02297737 0.32082130 0.90465054 0.99477987 0.99973881 0.99998699 0.99999935 0.99999997 1 1 1 1
#spmonth						
1		
#age_err						
1	0	0	0	0	0	0	0	0	0	0	0
0	1	0	0	0	0	0	0	0	0	0	0
0	0	1	0	0	0	0	0	0	0	0	0
0	0	0	1	0	0	0	0	0	0	0	0
0	0	0	0	1	0	0	0	0	0	0	0
0	0	0	0	0	1	0	0	0	0	0	0
0	0	0	0	0	0	1	0	0	0	0	0
0	0	0	0	0	0	0	1	0	0	0	0
0	0	0	0	0	0	0	0	1	0	0	0
0	0	0	0	0	0	0	0	0	1	0	0
0	0	0	0	0	0	0	0	0	0	1	0
0	0	0	0	0	0	0	0	0	0	0	1																														
