# Number of parameters = 77  Objective function value = 26338.6  Maximum gradient component = 0.00139551
# sel_params[1]:
2.07111237498
# sel_params[2]:
1.01685395738
# log_Fmult_year1:
 -4.64934064904
# log_Fmult_devs:
 1.05357687265 0.517184245810 0.292939240054 -0.233247645143 0.598863815845 0.000474439768203 0.760085258896 -0.529233307835 0.191614094881 0.128374704484 0.0712155878100 -0.327118711256 0.374595459151 0.0587239395631 -0.103925635280 0.659592847222 -0.200883719866 -0.0187108905479 -0.0162117354425 0.320916086432 -0.325422754270 0.491995774578 -0.197197077496 -0.00796505084528 -0.0885141431538 -0.0313521610390 0.332424808517 -0.292014956122 0.410174771616
# log_recruit_devs:
 -0.0103693896079 0.00792490443629 -0.258503899072 0.208914016166 0.205428620081 0.160451702200 0.153735784104 0.0492807407489 -0.0501833955680 -0.0115559931290 0.0961219343379 -0.113378057539 -0.0725384030046 -0.237253300150 0.0461681131131 -0.0513942709705 -0.475032504267 0.157045193985 0.484557470415 -0.180043015071 -0.313470370587 0.171999886375 0.151774145110 0.234365985598 -0.104575658370 -0.278724217304 0.0950430857898 -0.205871803506 -0.0599343158553 0.200017011543
# log_N_year1_devs:
 -0.0443436304886 0.0721252904482 -0.0495583463921 0.0359703799989 0.0258621103384 -0.114892477914 0.0953513238528 -0.143771576362 -0.389195585513 -0.194311398349 -0.129738625811
# log_q_year1:
 -7.97691312242
# log_q_devs:
 0.00000000000 0.00000000000 0.00000000000 0.00000000000 0.00000000000 0.00000000000 0.00000000000 0.00000000000 0.00000000000 0.00000000000 0.00000000000 0.00000000000 0.00000000000 0.00000000000 0.00000000000 0.00000000000 0.00000000000 0.00000000000 0.00000000000 0.00000000000 0.00000000000 0.00000000000 0.00000000000 0.00000000000 0.00000000000 0.00000000000 0.00000000000 0.00000000000 0.00000000000
# index_sel_params[1]:
1.52089459224
# index_sel_params[2]:
0.486726071105
# log_SR_scaler:
6.89662069855
# SR_steepness:
0.750000000000
