# Number of parameters = 77  Objective function value = 26444.2  Maximum gradient component = 0.00126773
# sel_params[1]:
1.96181689073
# sel_params[2]:
0.993610823185
# log_Fmult_year1:
 -4.68088792465
# log_Fmult_devs:
 1.05342400624 0.502442514326 0.317163202331 -0.237882886503 0.596341486401 0.0190930488095 0.746821972922 -0.539152497962 0.205471342903 0.113449910278 0.0664829060508 -0.330998161597 0.384325413443 0.0492491302373 -0.100571462996 0.674018925746 -0.195940825463 -0.0146554582891 -0.00205716630638 0.321139145115 -0.312117800955 0.505891306703 -0.196481877135 -0.0284932368997 -0.0997718647815 -0.0366298102764 0.323023543828 -0.285812403447 0.386018123732
# log_recruit_devs:
 -0.146505160280 0.0213094510161 0.135795805092 0.422530085814 -0.252992362191 0.248326060017 0.120276701778 -0.0207725416729 0.0896472432859 0.214793552689 0.161238455379 -0.171056428705 0.00152283931295 -0.151195493314 -0.406130522275 0.162055202115 -0.0908495327521 0.00436315969708 -0.101542946929 0.0270908602698 -0.133903303625 -0.0551333860268 0.0259569502135 -0.152078951457 0.0792735029171 -0.162044930916 0.114837169598 0.0237232035229 0.0587472224548 -0.0672819050276
# log_N_year1_devs:
 0.0396046570842 0.0942819600081 -0.0135001279136 0.170938677721 -0.103936460498 -0.0440243464270 -0.0813060001695 0.0681371035607 -0.177708117577 -0.446016869745 -0.0821142334355
# log_q_year1:
 -8.01129542227
# log_q_devs:
 0.00000000000 0.00000000000 0.00000000000 0.00000000000 0.00000000000 0.00000000000 0.00000000000 0.00000000000 0.00000000000 0.00000000000 0.00000000000 0.00000000000 0.00000000000 0.00000000000 0.00000000000 0.00000000000 0.00000000000 0.00000000000 0.00000000000 0.00000000000 0.00000000000 0.00000000000 0.00000000000 0.00000000000 0.00000000000 0.00000000000 0.00000000000 0.00000000000 0.00000000000
# index_sel_params[1]:
1.53599183826
# index_sel_params[2]:
0.522279600638
# log_SR_scaler:
6.93830047810
# SR_steepness:
0.750000000000
