# Number of parameters = 77  Objective function value = 26372.9  Maximum gradient component = 0.00214595
# sel_params[1]:
2.03254061295
# sel_params[2]:
0.986724500012
# log_Fmult_year1:
 -4.68126617913
# log_Fmult_devs:
 1.04443605815 0.509383656453 0.300879784995 -0.224023016114 0.598087437528 0.00466819638847 0.735041804673 -0.520292775744 0.190474414541 0.133440067709 0.0748400697533 -0.323863597538 0.370080447882 0.0541238579176 -0.110639777796 0.675306499974 -0.206268440384 -0.0133529777213 -0.0203242688306 0.327172090091 -0.306594592937 0.519817393372 -0.197451521098 -0.0138738485022 -0.0810696390357 -0.0379990986672 0.331737174815 -0.284211403517 0.405660132895
# log_recruit_devs:
 -0.147552264299 -0.0465597247214 0.113704243409 0.0738288977832 -0.139964719193 0.120982353615 0.0873283440612 -0.317606442710 -0.00986283868628 -0.0319016155306 -0.216037589095 -0.111871709375 0.408662290352 0.0239788762535 -0.0263077745613 0.415375470048 0.0709392576424 -0.150757933279 -0.215548758741 -0.391799182351 0.334583215488 0.166074085188 -0.206761279438 0.257296677441 -0.0144523064515 0.0525790859465 0.0738255436054 -0.0178339412252 -0.288454180961 0.134113919784
# log_N_year1_devs:
 -0.00341091514850 -0.0505810058643 0.0833449906755 0.117926395388 -0.00432410069283 -0.100900832810 -0.0968967186166 0.230332365224 -0.0996611382754 -0.0173345747724 -0.198390882681
# log_q_year1:
 -8.03304202845
# log_q_devs:
 0.00000000000 0.00000000000 0.00000000000 0.00000000000 0.00000000000 0.00000000000 0.00000000000 0.00000000000 0.00000000000 0.00000000000 0.00000000000 0.00000000000 0.00000000000 0.00000000000 0.00000000000 0.00000000000 0.00000000000 0.00000000000 0.00000000000 0.00000000000 0.00000000000 0.00000000000 0.00000000000 0.00000000000 0.00000000000 0.00000000000 0.00000000000 0.00000000000 0.00000000000
# index_sel_params[1]:
1.47725683164
# index_sel_params[2]:
0.559577185306
# log_SR_scaler:
6.99153319396
# SR_steepness:
0.750000000000
