#######GENERAL HEADER INPUT#######
1
30
1
30
1
30
30
12
1	2	3	4	5	6	7	8	9	10	11	12
12
1	2	3	4	5	6	7	8	9	10	11	12
1
1001
1
1
#######SURVEY DATA#######
30
1	2	3	4	5	6	7	8	9	10	11	12	13	14	15	16	17	18	19	20	21	22	23	24	25	26	27	28	29	30
1.53269144408071	1.44194986607388	1.33240864479692	1.55942087297695	1.2588108635583	1.57773561002918	1.42308135048683	1.34110847039743	1.29303339558102	1.11423451236079	1.07483624396067	1.17589989891766	1.06607334095288	1.11655685476248	1.22401701144873	1.18783730296201	1.02022682390267	1.0580332716575	0.752699487227981	0.817735301123816	0.909599343388505	0.693189103520331	0.630708192032469	0.547596627641172	0.534239719285755	0.630445568823195	0.549456452876335	0.529467126160757	0.547146032671426	0.509060013935812
0.2	0.2	0.2	0.2	0.2	0.2	0.2	0.2	0.2	0.2	0.2	0.2	0.2	0.2	0.2	0.2	0.2	0.2	0.2	0.2	0.2	0.2	0.2	0.2	0.2	0.2	0.2	0.2	0.2	0.2
30
1	2	3	4	5	6	7	8	9	10	11	12	13	14	15	16	17	18	19	20	21	22	23	24	25	26	27	28	29	30
200	200	200	200	200	200	200	200	200	200	200	200	200	200	200	200	200	200	200	200	200	200	200	200	200	200	200	200	200	200
200	200	200	200	200	200	200	200	200	200	200	200	200	200	200	200	200	200	200	200	200	200	200	200	200	200	200	200	200	200
0.1	0.145	0.145	0.13	0.065	0.065	0.06	0.09	0.03	0.05	0.03	0.09
0.06	0.135	0.17	0.145	0.105	0.04	0.06	0.05	0.04	0.05	0.015	0.13
0.065	0.1	0.13	0.115	0.09	0.1	0.085	0.07	0.04	0.055	0.01	0.14
0.09	0.14	0.06	0.165	0.115	0.105	0.065	0.06	0.045	0.04	0.025	0.09
0.075	0.135	0.145	0.085	0.095	0.11	0.055	0.05	0.045	0.035	0.04	0.13
0.115	0.13	0.185	0.135	0.075	0.06	0.03	0.04	0.035	0.045	0.035	0.115
0.065	0.225	0.16	0.125	0.09	0.07	0.045	0.025	0.04	0.045	0.025	0.085
0.08	0.175	0.225	0.12	0.08	0.055	0.025	0.045	0.03	0.015	0.01	0.14
0.115	0.155	0.165	0.19	0.09	0.035	0.03	0.03	0.05	0.02	0.03	0.09
0.06	0.195	0.14	0.165	0.125	0.055	0.06	0.05	0.035	0.025	0.01	0.08
0.07	0.16	0.175	0.155	0.11	0.115	0.045	0.035	0.015	0.015	0.015	0.09
0.085	0.2	0.155	0.2	0.095	0.055	0.085	0.01	0.045	0.005	0.01	0.055
0.115	0.255	0.18	0.13	0.08	0.055	0.035	0.05	0.025	0.01	0.02	0.045
0.05	0.22	0.2	0.15	0.095	0.085	0.045	0.01	0.055	0.025	0.015	0.05
0.115	0.135	0.25	0.15	0.075	0.09	0.05	0.02	0.015	0.055	0.01	0.035
0.13	0.19	0.135	0.15	0.1	0.08	0.05	0.045	0.03	0.005	0.03	0.055
0.09	0.175	0.255	0.115	0.12	0.06	0.02	0.065	0.04	0.005	0.03	0.025
0.07	0.2	0.28	0.135	0.04	0.115	0.07	0.045	0.01	0.005	0	0.03
0.1	0.2	0.17	0.19	0.13	0.055	0.045	0.025	0.015	0.025	0.005	0.04
0.135	0.245	0.2	0.135	0.08	0.08	0.025	0.035	0.02	0.015	0.01	0.02
0.06	0.25	0.24	0.08	0.11	0.105	0.045	0.01	0.035	0.025	0.01	0.03
0.105	0.08	0.28	0.205	0.095	0.09	0.06	0.03	0.01	0.015	0.005	0.025
0.105	0.245	0.13	0.18	0.115	0.06	0.03	0.03	0.025	0.035	0.015	0.03
0.135	0.23	0.2	0.105	0.115	0.11	0.025	0.02	0.025	0.005	0.015	0.015
0.07	0.25	0.265	0.165	0.065	0.05	0.035	0.015	0.03	0.015	0.01	0.03
0.1	0.285	0.23	0.15	0.085	0.015	0.06	0.045	0.005	0.015	0	0.01
0.17	0.18	0.23	0.16	0.11	0.045	0.01	0.035	0.02	0.015	0.005	0.02
0.155	0.23	0.165	0.21	0.11	0.02	0.03	0.01	0.03	0.015	0.005	0.02
0.135	0.25	0.255	0.15	0.085	0.055	0.025	0.02	0.005	0.015	0	0.005
0.09	0.275	0.21	0.2	0.115	0.035	0.045	0.01	0	0.01	0.005	0.005
#######LANDINGS DATA#######
1
30
160.575684698903	462.538323682914	742.190550446151	951.588511446123	723.742397329729	1244.14800702249	1200.54160539143	2357.76592961511	1260.00542754292	1469.69783047538	1590.12357659704	1612.28346628531	1126.88975954154	1614.0490098048	1626.82582598645	1399.02120121042	2474.23528932181	1749.72857870317	1577.14598863046	1434.62841521276	1792.96722332738	1203.08304300259	1786.731471689	1254.46714529595	1137.61600496848	990.44873123581	949.193774173843	1271.12354535015	913.351454689414	1322.92125863082
0.01	0.01	0.01	0.01	0.01	0.01	0.01	0.01	0.01	0.01	0.01	0.01	0.01	0.01	0.01	0.01	0.01	0.01	0.01	0.01	0.01	0.01	0.01	0.01	0.01	0.01	0.01	0.01	0.01	0.01
30
1	2	3	4	5	6	7	8	9	10	11	12	13	14	15	16	17	18	19	20	21	22	23	24	25	26	27	28	29	30
200	200	200	200	200	200	200	200	200	200	200	200	200	200	200	200	200	200	200	200	200	200	200	200	200	200	200	200	200	200
200	200	200	200	200	200	200	200	200	200	200	200	200	200	200	200	200	200	200	200	200	200	200	200	200	200	200	200	200	200
0.065	0.135	0.11	0.085	0.08	0.095	0.095	0.065	0.08	0.02	0.035	0.135
0.065	0.12	0.115	0.09	0.085	0.15	0.065	0.06	0.035	0.055	0.035	0.125
0.09	0.07	0.1	0.14	0.12	0.09	0.08	0.045	0.015	0.045	0.06	0.145
0.085	0.115	0.085	0.165	0.08	0.09	0.065	0.06	0.045	0.045	0.04	0.125
0.07	0.115	0.145	0.065	0.125	0.07	0.09	0.09	0.07	0.025	0.03	0.105
0.125	0.095	0.09	0.105	0.08	0.135	0.05	0.05	0.055	0.035	0.05	0.13
0.08	0.165	0.12	0.165	0.095	0.075	0.06	0.08	0.025	0.02	0.02	0.095
0.07	0.185	0.115	0.11	0.09	0.105	0.08	0.055	0.035	0.035	0.015	0.105
0.12	0.115	0.175	0.155	0.095	0.09	0.06	0.02	0.035	0.02	0.02	0.095
0.125	0.125	0.16	0.125	0.135	0.105	0.06	0.02	0.02	0.03	0.025	0.07
0.085	0.135	0.235	0.155	0.105	0.045	0.08	0.025	0.04	0.015	0.015	0.065
0.125	0.09	0.145	0.155	0.11	0.075	0.1	0.055	0.045	0.025	0.01	0.065
0.18	0.12	0.17	0.14	0.1	0.115	0.035	0.03	0.025	0.015	0.005	0.065
0.095	0.165	0.185	0.15	0.095	0.135	0.035	0.03	0.02	0.005	0.025	0.06
0.115	0.065	0.22	0.15	0.075	0.1	0.08	0.035	0.035	0.045	0.01	0.07
0.1	0.16	0.135	0.155	0.125	0.11	0.06	0.04	0.01	0.02	0.035	0.05
0.075	0.18	0.185	0.135	0.115	0.095	0.055	0.035	0.025	0.025	0.025	0.05
0.095	0.13	0.16	0.195	0.065	0.155	0.055	0.05	0.03	0.025	0.02	0.02
0.105	0.13	0.18	0.155	0.11	0.065	0.095	0.04	0.02	0.04	0.01	0.05
0.165	0.23	0.115	0.15	0.08	0.105	0.05	0.045	0.01	0	0.015	0.035
0.055	0.24	0.235	0.1	0.12	0.075	0.05	0.02	0.045	0.015	0.005	0.04
0.135	0.1	0.28	0.21	0.08	0.055	0.045	0.025	0.015	0.005	0	0.05
0.1	0.17	0.195	0.185	0.11	0.08	0.06	0.02	0.025	0.01	0.01	0.035
0.2	0.185	0.2	0.075	0.13	0.07	0.065	0.04	0.02	0.005	0	0.01
0.135	0.24	0.19	0.155	0.08	0.065	0.03	0.035	0.03	0.01	0.01	0.02
0.14	0.195	0.23	0.145	0.11	0.035	0.07	0.03	0.01	0	0.015	0.02
0.145	0.195	0.24	0.135	0.095	0.06	0.035	0.055	0.03	0.005	0	0.005
0.11	0.275	0.205	0.12	0.12	0.08	0.035	0.01	0.005	0.03	0.005	0.005
0.205	0.17	0.235	0.175	0.1	0.05	0.01	0.025	0.005	0.005	0.01	0.01
0.185	0.26	0.22	0.1	0.1	0.05	0.045	0.005	0.02	0	0.005	0.01
#######PARAMETER SECTION#######
800	400	1200	-4	800	-0.25	1
0.18	0.01	1	-4	0.18	-0.25	1
-1.36	-5	-0.001	-4	-1.36	-0.25	1
0.1	0.05	0.3	-4	0.1	-0.25	1
0.2	0.01	0.5	-4	0.2	-0.25	1
0.75	0.20001	1	-3	0.75	-0.25	1
13.815511	-1	200	1	13.815511	-0.25	1
0	-1	1	-4	0	-0.25	1
0.2	1e-04	1.2	-3	0.2	-0.25	1
0	-10	10	-6	0	-1	1
0	-10	10	-6	0	-1	1
2	0	12	2	2	-0.5	1
1	0	12	2	1	-0.5	1
2	0	12	-2	2	-0.5	1
1	0	12	-2	1	-0.5	1
1.5	0	12	2	1.5	-0.5	1
2	0	12	2	2	-0.5	1
-14.8968461335232	-30	5	1	-14.8968461335232	-1	1
1	0.1	2	-1	1	-1	1
-1.54399197800355	-10	1.39	1	-1.54399197800355	-1	1
#######DEV CONSTRAINTS and DEVS#######
-15	15	2
-15	15	2
-15	15	2
0	0	0	0	0	0	0	0	0	0	0	0	0	0	0	0	0	0	0	0	0	0	0	0	0	0	0	0	0	0
0	0	0	0	0	0	0	0	0	0	0	0	0	0	0	0	0	0	0	0	0	0	0	0	0	0	0	0	0	0
0	0	0	0	0	0	0	0	0	0	0
#######LIKELIHOOD WEIGHTS#######
1
1
1
1
0
1
0
0
0
#######MISCELLANEOUS STUFF SECTION#######
2.5e-08
3
0.5	0.5	0.5	0.5	0.5	0.5	0.5	0.5	0.5	0.5	0.5	0.5
0.0229773699100256	0.320821300824607	0.904650535100891	0.994779874306442	0.999738809680904	0.999986992871533	0.999999352405202	0.999999967758134	0.999999998394772	0.99999999992008	0.999999999996021	0.999999999999802
0.2	0.2	0.2	0.2	0.2	0.2	0.2	0.2	0.2	0.2	0.2	0.2
0
1
10
0.2
1
1	0	0	0	0	0	0	0	0	0	0	0
0	1	0	0	0	0	0	0	0	0	0	0
0	0	1	0	0	0	0	0	0	0	0	0
0	0	0	1	0	0	0	0	0	0	0	0
0	0	0	0	1	0	0	0	0	0	0	0
0	0	0	0	0	1	0	0	0	0	0	0
0	0	0	0	0	0	1	0	0	0	0	0
0	0	0	0	0	0	0	1	0	0	0	0
0	0	0	0	0	0	0	0	1	0	0	0
0	0	0	0	0	0	0	0	0	1	0	0
0	0	0	0	0	0	0	0	0	0	1	0
0	0	0	0	0	0	0	0	0	0	0	1
40
31
2
1
#######END OF DATA FILE#######
999
