# Number of parameters = 77  Objective function value = 26288.5  Maximum gradient component = 0.00434559
# sel_params[1]:
1.98911605657
# sel_params[2]:
0.938810503533
# log_Fmult_year1:
 -4.61183712931
# log_Fmult_devs:
 1.05405335815 0.494857283188 0.305765922628 -0.234087875472 0.578328524920 0.00709325877294 0.748470138029 -0.531338196058 0.189807060907 0.143328060572 0.0616074611292 -0.345416317883 0.368571862154 0.0561076091613 -0.116706654683 0.671247195601 -0.205168897469 -0.0160126178149 -0.0120304322066 0.320248809429 -0.313129194629 0.498134336641 -0.191597405458 -0.0154416198309 -0.102981905912 -0.0396955465466 0.329988208679 -0.306827099917 0.373512693668
# log_recruit_devs:
 -0.0735898371484 -0.0440379204027 -0.262709302221 -0.195989164536 0.284050021203 0.198875304457 -0.112578720177 -0.105660114821 0.365394492965 0.192514160355 0.104990447880 0.118588687354 -0.491102988749 -0.140355268114 0.170413215793 0.0433932170692 0.0996012634536 -0.0947925135376 0.0218111010370 -0.248711614699 -0.156768042798 0.0368086784227 0.0444288319531 0.100965266736 0.298580063996 -0.111565714471 0.0690603602971 -0.0798709448417 -0.0343385715262 0.00259560507052
# log_N_year1_devs:
 -0.0159457976910 0.0469400529987 -0.0554516651197 -0.0714483428480 -0.147843640883 -0.239528402549 -0.148476874909 -0.121711751199 -0.214147016663 -0.251805356333 -0.114533891089
# log_q_year1:
 -7.97479063339
# log_q_devs:
 0.00000000000 0.00000000000 0.00000000000 0.00000000000 0.00000000000 0.00000000000 0.00000000000 0.00000000000 0.00000000000 0.00000000000 0.00000000000 0.00000000000 0.00000000000 0.00000000000 0.00000000000 0.00000000000 0.00000000000 0.00000000000 0.00000000000 0.00000000000 0.00000000000 0.00000000000 0.00000000000 0.00000000000 0.00000000000 0.00000000000 0.00000000000 0.00000000000 0.00000000000
# index_sel_params[1]:
1.56214526234
# index_sel_params[2]:
0.533016825905
# log_SR_scaler:
6.95861778066
# SR_steepness:
0.750000000000
