#######GENERAL HEADER INPUT#######
1
30
1
30
1
30
30
12
1	2	3	4	5	6	7	8	9	10	11	12
12
1	2	3	4	5	6	7	8	9	10	11	12
1
1001
1
1
#######SURVEY DATA#######
30
1	2	3	4	5	6	7	8	9	10	11	12	13	14	15	16	17	18	19	20	21	22	23	24	25	26	27	28	29	30
1.55406545817713	1.76984511860711	1.26919571005663	1.51858871428171	1.2559346332768	1.25942159678444	1.50965130103426	1.26740790247138	1.24319783175711	1.362915808193	1.40765882123984	1.25867938870386	1.2061950304206	1.23916028913373	1.0098311739702	1.00631224484735	0.952046622656376	0.877447059604746	0.909866080692166	0.87364269894852	0.689848940476079	0.660014431856924	0.708148466979684	0.681032406052254	0.603737766143516	0.826819751722363	0.664954360096699	0.519536577991849	0.530204762591965	0.617090447148212
0.2	0.2	0.2	0.2	0.2	0.2	0.2	0.2	0.2	0.2	0.2	0.2	0.2	0.2	0.2	0.2	0.2	0.2	0.2	0.2	0.2	0.2	0.2	0.2	0.2	0.2	0.2	0.2	0.2	0.2
30
1	2	3	4	5	6	7	8	9	10	11	12	13	14	15	16	17	18	19	20	21	22	23	24	25	26	27	28	29	30
200	200	200	200	200	200	200	200	200	200	200	200	200	200	200	200	200	200	200	200	200	200	200	200	200	200	200	200	200	200
200	200	200	200	200	200	200	200	200	200	200	200	200	200	200	200	200	200	200	200	200	200	200	200	200	200	200	200	200	200
0.07	0.1	0.165	0.14	0.12	0.06	0.05	0.035	0.055	0.025	0.01	0.17
0.065	0.085	0.15	0.12	0.115	0.09	0.03	0.06	0.06	0.045	0.05	0.13
0.065	0.11	0.16	0.14	0.11	0.07	0.065	0.045	0.055	0.035	0.015	0.13
0.06	0.09	0.16	0.11	0.145	0.065	0.065	0.04	0.065	0.035	0.035	0.13
0.075	0.155	0.115	0.13	0.1	0.065	0.05	0.055	0.065	0.045	0.01	0.135
0.03	0.235	0.135	0.095	0.075	0.105	0.06	0.045	0.03	0.04	0.055	0.095
0.065	0.185	0.155	0.125	0.1	0.05	0.065	0.04	0.035	0.045	0.035	0.1
0.1	0.16	0.135	0.16	0.085	0.045	0.055	0.06	0.04	0.02	0.035	0.105
0.075	0.21	0.125	0.055	0.11	0.08	0.06	0.055	0.055	0.025	0.03	0.12
0.09	0.215	0.18	0.12	0.08	0.06	0.04	0.015	0.035	0.035	0.04	0.09
0.06	0.175	0.195	0.185	0.085	0.065	0.065	0.035	0.025	0.02	0.03	0.06
0.05	0.16	0.21	0.165	0.1	0.105	0.045	0.045	0.025	0.02	0.02	0.055
0.1	0.15	0.135	0.155	0.11	0.095	0.075	0.025	0.05	0.025	0.015	0.065
0.03	0.17	0.19	0.11	0.16	0.125	0.06	0.03	0.02	0.025	0.005	0.075
0.075	0.095	0.195	0.185	0.105	0.105	0.06	0.06	0.05	0	0.02	0.05
0.14	0.21	0.1	0.13	0.115	0.08	0.035	0.045	0.05	0.02	0.01	0.065
0.095	0.195	0.19	0.105	0.095	0.075	0.075	0.07	0.035	0.02	0.015	0.03
0.145	0.125	0.22	0.185	0.05	0.07	0.06	0.045	0.035	0.02	0.015	0.03
0.065	0.26	0.145	0.19	0.13	0.045	0.02	0.035	0.025	0.015	0.025	0.045
0.105	0.205	0.21	0.11	0.125	0.06	0.075	0.01	0.045	0.02	0	0.035
0.14	0.14	0.22	0.21	0.065	0.08	0.035	0.015	0.045	0.015	0.015	0.02
0.08	0.235	0.275	0.1	0.155	0.045	0.03	0.02	0.01	0.025	0.005	0.02
0.125	0.235	0.22	0.17	0.07	0.06	0.045	0.025	0.005	0.015	0.01	0.02
0.15	0.235	0.215	0.15	0.09	0.06	0.04	0.01	0.025	0.015	0.005	0.005
0.1	0.315	0.185	0.13	0.1	0.075	0.02	0.02	0.03	0	0.005	0.02
0.125	0.21	0.305	0.13	0.075	0.035	0.065	0.025	0.02	0	0	0.01
0.08	0.375	0.135	0.165	0.085	0.065	0.03	0.025	0.015	0.005	0.005	0.015
0.155	0.185	0.27	0.11	0.12	0.04	0.035	0.035	0.025	0.015	0	0.01
0.12	0.26	0.21	0.175	0.065	0.095	0.03	0.015	0.015	0.01	0	0.005
0.11	0.215	0.275	0.07	0.145	0.06	0.06	0.02	0.025	0.01	0.005	0.005
#######LANDINGS DATA#######
1
30
161.381598814986	458.5204715644	743.08403534828	952.348190315895	721.940678909018	1245.66374809554	1176.50736515674	2280.38384534102	1210.34589332189	1424.75165232371	1553.22062896853	1573.45630860343	1106.93395497507	1565.22895649963	1523.61451362356	1272.45461760879	2222.45558048016	1581.76373029668	1403.02416127014	1290.64866866748	1608.92655745305	1065.96391867988	1598.33917121001	1194.70426474439	1130.31387268857	1018.18801878432	1015.17242664385	1357.90069187245	963.576116907746	1360.95517162981
0.01	0.01	0.01	0.01	0.01	0.01	0.01	0.01	0.01	0.01	0.01	0.01	0.01	0.01	0.01	0.01	0.01	0.01	0.01	0.01	0.01	0.01	0.01	0.01	0.01	0.01	0.01	0.01	0.01	0.01
30
1	2	3	4	5	6	7	8	9	10	11	12	13	14	15	16	17	18	19	20	21	22	23	24	25	26	27	28	29	30
200	200	200	200	200	200	200	200	200	200	200	200	200	200	200	200	200	200	200	200	200	200	200	200	200	200	200	200	200	200
200	200	200	200	200	200	200	200	200	200	200	200	200	200	200	200	200	200	200	200	200	200	200	200	200	200	200	200	200	200
0.065	0.085	0.15	0.13	0.1	0.125	0.025	0.085	0.055	0.035	0.025	0.12
0.08	0.13	0.085	0.135	0.085	0.095	0.075	0.04	0.075	0.06	0.03	0.11
0.055	0.095	0.12	0.085	0.105	0.08	0.075	0.055	0.04	0.06	0.035	0.195
0.045	0.095	0.13	0.105	0.095	0.125	0.05	0.07	0.04	0.02	0.055	0.17
0.07	0.1	0.105	0.19	0.11	0.09	0.09	0.075	0.005	0.05	0.01	0.105
0.075	0.12	0.145	0.09	0.105	0.11	0.075	0.065	0.055	0.035	0.035	0.09
0.07	0.145	0.12	0.135	0.11	0.065	0.07	0.04	0.04	0.01	0.055	0.14
0.09	0.115	0.155	0.155	0.105	0.06	0.06	0.07	0.05	0.025	0.02	0.095
0.125	0.15	0.16	0.095	0.11	0.065	0.06	0.05	0.04	0.025	0.03	0.09
0.095	0.14	0.225	0.155	0.065	0.06	0.06	0.02	0.05	0.025	0.01	0.095
0.12	0.13	0.165	0.205	0.105	0.055	0.05	0.055	0.015	0.02	0.015	0.065
0.13	0.12	0.19	0.155	0.115	0.055	0.05	0.06	0.03	0	0.015	0.08
0.075	0.155	0.125	0.175	0.12	0.09	0.03	0.065	0.04	0.03	0.015	0.08
0.045	0.14	0.205	0.105	0.16	0.095	0.07	0.02	0.055	0.035	0.025	0.045
0.12	0.08	0.15	0.17	0.11	0.13	0.085	0.065	0.025	0.015	0.005	0.045
0.085	0.2	0.09	0.16	0.115	0.065	0.07	0.05	0.055	0.035	0.01	0.065
0.08	0.175	0.175	0.075	0.175	0.105	0.055	0.05	0.03	0.005	0.035	0.04
0.145	0.115	0.235	0.18	0.06	0.055	0.05	0.025	0.045	0.015	0.025	0.05
0.12	0.2	0.13	0.205	0.135	0.04	0.025	0.04	0.015	0.025	0.02	0.045
0.12	0.2	0.2	0.08	0.13	0.085	0.035	0.03	0.03	0.03	0.015	0.045
0.155	0.175	0.145	0.165	0.06	0.095	0.075	0.01	0.03	0.045	0.015	0.03
0.13	0.19	0.25	0.14	0.12	0.05	0.035	0.03	0.01	0.005	0.01	0.03
0.195	0.135	0.15	0.175	0.09	0.075	0.035	0.03	0.03	0.015	0.015	0.055
0.16	0.22	0.18	0.155	0.12	0.045	0.035	0.03	0.01	0.01	0.005	0.03
0.14	0.31	0.195	0.12	0.105	0.035	0.015	0.025	0.01	0.015	0.01	0.02
0.17	0.21	0.235	0.14	0.06	0.055	0.045	0.03	0.02	0.005	0.01	0.02
0.095	0.28	0.195	0.205	0.1	0.04	0.025	0.015	0.015	0.01	0.005	0.015
0.13	0.15	0.245	0.17	0.14	0.065	0.045	0.015	0.01	0.01	0.01	0.01
0.18	0.25	0.145	0.215	0.07	0.07	0.04	0.01	0.005	0.005	0.005	0.005
0.17	0.175	0.215	0.135	0.15	0.06	0.04	0.02	0.015	0.015	0	0.005
#######PARAMETER SECTION#######
800	400	1200	-4	800	-0.25	1
0.18	0.01	1	-4	0.18	-0.25	1
-1.36	-5	-0.001	-4	-1.36	-0.25	1
0.1	0.05	0.3	-4	0.1	-0.25	1
0.2	0.01	0.5	-4	0.2	-0.25	1
0.75	0.20001	1	-3	0.75	-0.25	1
13.815511	-1	200	1	13.815511	-0.25	1
0	-1	1	-4	0	-0.25	1
0.2	1e-04	1.2	-3	0.2	-0.25	1
0	-10	10	-6	0	-1	1
0	-10	10	-6	0	-1	1
2	0	12	2	2	-0.5	1
1	0	12	2	1	-0.5	1
2	0	12	-2	2	-0.5	1
1	0	12	-2	1	-0.5	1
1.5	0	12	2	1.5	-0.5	1
2	0	12	2	2	-0.5	1
-14.8617617490095	-30	5	1	-14.8617617490095	-1	1
1	0.1	2	-1	1	-1	1
-1.54399197800355	-10	1.39	1	-1.54399197800355	-1	1
#######DEV CONSTRAINTS and DEVS#######
-15	15	2
-15	15	2
-15	15	2
0	0	0	0	0	0	0	0	0	0	0	0	0	0	0	0	0	0	0	0	0	0	0	0	0	0	0	0	0	0
0	0	0	0	0	0	0	0	0	0	0	0	0	0	0	0	0	0	0	0	0	0	0	0	0	0	0	0	0	0
0	0	0	0	0	0	0	0	0	0	0
#######LIKELIHOOD WEIGHTS#######
1
1
1
1
0
1
0
0
0
#######MISCELLANEOUS STUFF SECTION#######
2.5e-08
3
0.5	0.5	0.5	0.5	0.5	0.5	0.5	0.5	0.5	0.5	0.5	0.5
0.0229773699100256	0.320821300824607	0.904650535100891	0.994779874306442	0.999738809680904	0.999986992871533	0.999999352405202	0.999999967758134	0.999999998394772	0.99999999992008	0.999999999996021	0.999999999999802
0.2	0.2	0.2	0.2	0.2	0.2	0.2	0.2	0.2	0.2	0.2	0.2
0
1
10
0.2
1
1	0	0	0	0	0	0	0	0	0	0	0
0	1	0	0	0	0	0	0	0	0	0	0
0	0	1	0	0	0	0	0	0	0	0	0
0	0	0	1	0	0	0	0	0	0	0	0
0	0	0	0	1	0	0	0	0	0	0	0
0	0	0	0	0	1	0	0	0	0	0	0
0	0	0	0	0	0	1	0	0	0	0	0
0	0	0	0	0	0	0	1	0	0	0	0
0	0	0	0	0	0	0	0	1	0	0	0
0	0	0	0	0	0	0	0	0	1	0	0
0	0	0	0	0	0	0	0	0	0	1	0
0	0	0	0	0	0	0	0	0	0	0	1
40
31
2
1
#######END OF DATA FILE#######
999
