#styr												
1
#endyr												
30
#rec_age										
1															
#n_ages										
12
# numbers of length intervals
81
#Length	bin
10	11	12	13	14	15	16	17	18	19	20	21	22	23	24	25	26	27	28	29	30	31	32	33	34	35	36	37	38	39	40	41	42	43	44	45	46	47	48	49	50	51	52	53	54	55	56	57	58	59	60	61	62	63	64	65	66	67	68	69	70	71	72	73	74	75	76	77	78	79	80	81	82	83	84	85	86	87	88	89	90
#nfsh
1
#names_fsh
FLEET1												
#catch												
160.658407204	461.243467372733	730.917125717225	943.248981681452	711.662005664603	1183.40651054587	1100.19044949564	2108.40490061342	1172.59616988183	1421.37250189926	1623.86091270216	1722.30663570579	1208.95297438615	1644.0722885465	1594.8658916442	1291.95871005329	2191.11935422811	1539.98054936671	1464.19353521682	1466.72841882821	2040.58017510348	1474.89391656725	2288.21600426597	1653.15976567819	1515.03241366683	1285.48332831873	1206.42903465289	1495.94143479615	984.959849754988	1305.38773850056
#catch_cv											
0.01	0.01	0.01	0.01	0.01	0.01	0.01	0.01	0.01	0.01	0.01	0.01	0.01	0.01	0.01	0.01	0.01	0.01	0.01	0.01	0.01	0.01	0.01	0.01	0.01	0.01	0.01	0.01	0.01	0.01
#n_ages_fsh								
30		
#n_lengths_fsh								
0															
#yrs_ages_fsh								
1	2	3	4	5	6	7	8	9	10	11	12	13	14	15	16	17	18	19	20	21	22	23	24	25	26	27	28	29	30	
#sample_ages_fsh							
200	200	200	200	200	200	200	200	200	200	200	200	200	200	200	200	200	200	200	200	200	200	200	200	200	200	200	200	200	200
#page_fsh	2	3	4	5	6	7	8	9	10	11						
0.08	0.1	0.165	0.115	0.095	0.07	0.055	0.045	0.06	0.02	0.025	0.17
0.07	0.14	0.115	0.125	0.135	0.085	0.085	0.045	0.025	0.04	0.03	0.105
0.035	0.095	0.105	0.115	0.12	0.09	0.095	0.06	0.065	0.045	0.03	0.145
0.055	0.085	0.105	0.14	0.105	0.06	0.09	0.06	0.055	0.03	0.05	0.165
0.045	0.065	0.095	0.135	0.135	0.08	0.095	0.07	0.065	0.02	0.025	0.17
0.145	0.05	0.105	0.115	0.135	0.07	0.055	0.06	0.05	0.015	0.035	0.165
0.14	0.165	0.06	0.065	0.07	0.085	0.065	0.09	0.055	0.04	0.025	0.14
0.055	0.26	0.165	0.04	0.08	0.06	0.07	0.06	0.04	0.05	0.025	0.095
0.21	0.13	0.17	0.12	0.045	0.065	0.05	0.025	0.035	0.02	0.025	0.105
0.14	0.235	0.095	0.11	0.145	0.04	0.02	0.02	0.025	0.02	0.025	0.125
0.09	0.21	0.225	0.09	0.09	0.075	0.02	0.035	0.015	0.03	0.025	0.095
0.04	0.065	0.265	0.285	0.045	0.115	0.05	0.01	0.03	0.005	0.01	0.08
0.075	0.055	0.085	0.27	0.22	0.04	0.11	0.055	0.015	0.005	0.015	0.055
0.125	0.105	0.08	0.065	0.18	0.24	0.03	0.07	0.025	0	0.015	0.065
0.045	0.165	0.1	0.1	0.115	0.165	0.12	0.05	0.055	0.02	0.01	0.055
0.09	0.11	0.165	0.145	0.055	0.05	0.125	0.125	0.04	0.025	0.025	0.045
0.105	0.13	0.135	0.18	0.085	0.05	0.035	0.07	0.09	0.015	0.045	0.06
0.22	0.16	0.15	0.09	0.11	0.045	0.05	0.05	0.065	0.025	0.015	0.02
0.14	0.3	0.155	0.125	0.05	0.1	0.035	0.015	0.025	0.01	0.015	0.03
0.225	0.21	0.22	0.135	0.065	0.015	0.04	0.03	0.01	0	0.02	0.03
0.135	0.23	0.21	0.16	0.11	0.04	0.04	0.035	0.01	0	0.005	0.025
0.04	0.235	0.25	0.175	0.125	0.045	0.045	0.015	0.035	0.01	0.005	0.02
0.15	0.085	0.265	0.245	0.105	0.085	0.015	0.015	0.005	0.01	0.005	0.015
0.08	0.305	0.065	0.15	0.135	0.12	0.09	0.02	0.01	0.005	0.015	0.005
0.135	0.19	0.275	0.015	0.155	0.095	0.04	0.015	0.025	0.005	0.015	0.035
0.145	0.135	0.16	0.265	0.08	0.05	0.065	0.02	0.035	0.015	0.005	0.025
0.095	0.265	0.19	0.14	0.125	0.03	0.065	0.03	0.02	0.015	0.015	0.01
0.075	0.12	0.315	0.18	0.08	0.105	0.045	0.04	0.01	0.015	0.01	0.005
0.085	0.195	0.125	0.24	0.16	0.075	0.045	0.005	0.02	0.03	0.005	0.015
0.405	0.065	0.18	0.05	0.145	0.045	0.015	0.05	0.005	0.005	0.01	0.025
#wt_age_fsh	1 2	3	4	5	6	7	8	9	10	11						
0.000530656	0.001196328	0.002058265	0.003034987	0.004055212	0.005064698	0.006026226	0.006916921	0.007724891	0.008446113	0.009081853	0.009636695
0.000530656	0.001196328	0.002058265	0.003034987	0.004055212	0.005064698	0.006026226	0.006916921	0.007724891	0.008446113	0.009081853	0.009636695
0.000530656	0.001196328	0.002058265	0.003034987	0.004055212	0.005064698	0.006026226	0.006916921	0.007724891	0.008446113	0.009081853	0.009636695
0.000530656	0.001196328	0.002058265	0.003034987	0.004055212	0.005064698	0.006026226	0.006916921	0.007724891	0.008446113	0.009081853	0.009636695
0.000530656	0.001196328	0.002058265	0.003034987	0.004055212	0.005064698	0.006026226	0.006916921	0.007724891	0.008446113	0.009081853	0.009636695
0.000530656	0.001196328	0.002058265	0.003034987	0.004055212	0.005064698	0.006026226	0.006916921	0.007724891	0.008446113	0.009081853	0.009636695
0.000530656	0.001196328	0.002058265	0.003034987	0.004055212	0.005064698	0.006026226	0.006916921	0.007724891	0.008446113	0.009081853	0.009636695
0.000530656	0.001196328	0.002058265	0.003034987	0.004055212	0.005064698	0.006026226	0.006916921	0.007724891	0.008446113	0.009081853	0.009636695
0.000530656	0.001196328	0.002058265	0.003034987	0.004055212	0.005064698	0.006026226	0.006916921	0.007724891	0.008446113	0.009081853	0.009636695
0.000530656	0.001196328	0.002058265	0.003034987	0.004055212	0.005064698	0.006026226	0.006916921	0.007724891	0.008446113	0.009081853	0.009636695
0.000530656	0.001196328	0.002058265	0.003034987	0.004055212	0.005064698	0.006026226	0.006916921	0.007724891	0.008446113	0.009081853	0.009636695
0.000530656	0.001196328	0.002058265	0.003034987	0.004055212	0.005064698	0.006026226	0.006916921	0.007724891	0.008446113	0.009081853	0.009636695
0.000530656	0.001196328	0.002058265	0.003034987	0.004055212	0.005064698	0.006026226	0.006916921	0.007724891	0.008446113	0.009081853	0.009636695
0.000530656	0.001196328	0.002058265	0.003034987	0.004055212	0.005064698	0.006026226	0.006916921	0.007724891	0.008446113	0.009081853	0.009636695
0.000530656	0.001196328	0.002058265	0.003034987	0.004055212	0.005064698	0.006026226	0.006916921	0.007724891	0.008446113	0.009081853	0.009636695
0.000530656	0.001196328	0.002058265	0.003034987	0.004055212	0.005064698	0.006026226	0.006916921	0.007724891	0.008446113	0.009081853	0.009636695
0.000530656	0.001196328	0.002058265	0.003034987	0.004055212	0.005064698	0.006026226	0.006916921	0.007724891	0.008446113	0.009081853	0.009636695
0.000530656	0.001196328	0.002058265	0.003034987	0.004055212	0.005064698	0.006026226	0.006916921	0.007724891	0.008446113	0.009081853	0.009636695
0.000530656	0.001196328	0.002058265	0.003034987	0.004055212	0.005064698	0.006026226	0.006916921	0.007724891	0.008446113	0.009081853	0.009636695
0.000530656	0.001196328	0.002058265	0.003034987	0.004055212	0.005064698	0.006026226	0.006916921	0.007724891	0.008446113	0.009081853	0.009636695
0.000530656	0.001196328	0.002058265	0.003034987	0.004055212	0.005064698	0.006026226	0.006916921	0.007724891	0.008446113	0.009081853	0.009636695
0.000530656	0.001196328	0.002058265	0.003034987	0.004055212	0.005064698	0.006026226	0.006916921	0.007724891	0.008446113	0.009081853	0.009636695
0.000530656	0.001196328	0.002058265	0.003034987	0.004055212	0.005064698	0.006026226	0.006916921	0.007724891	0.008446113	0.009081853	0.009636695
0.000530656	0.001196328	0.002058265	0.003034987	0.004055212	0.005064698	0.006026226	0.006916921	0.007724891	0.008446113	0.009081853	0.009636695
0.000530656	0.001196328	0.002058265	0.003034987	0.004055212	0.005064698	0.006026226	0.006916921	0.007724891	0.008446113	0.009081853	0.009636695
0.000530656	0.001196328	0.002058265	0.003034987	0.004055212	0.005064698	0.006026226	0.006916921	0.007724891	0.008446113	0.009081853	0.009636695
0.000530656	0.001196328	0.002058265	0.003034987	0.004055212	0.005064698	0.006026226	0.006916921	0.007724891	0.008446113	0.009081853	0.009636695
0.000530656	0.001196328	0.002058265	0.003034987	0.004055212	0.005064698	0.006026226	0.006916921	0.007724891	0.008446113	0.009081853	0.009636695
0.000530656	0.001196328	0.002058265	0.003034987	0.004055212	0.005064698	0.006026226	0.006916921	0.007724891	0.008446113	0.009081853	0.009636695
0.000530656	0.001196328	0.002058265	0.003034987	0.004055212	0.005064698	0.006026226	0.006916921	0.007724891	0.008446113	0.009081853	0.009636695
#nind
1
#ind_names									
SURVEY1									
#nobs_ind
30
#yrs_ind											
1	2	3	4	5	6	7	8	9	10	11	12	13	14	15	16	17	18	19	20	21	22	23	24	25	26	27	28	29	30	
#month_ind										
1															
#biom_ind											
1.26327839500388	1.23577797151337	1.27724359019601	1.33925486569037	1.32184777068956	1.16033311538665	1.40518361716742	1.06846602872303	1.35175677802659	1.30421190224791	1.57619645282849	1.33525062716981	1.17422009083521	1.07265993341957	0.935981627340982	0.875535802301427	0.78132055368931	0.939022211579353	0.95231040437306	0.95263379010511	0.940907512203081	0.925918849987759	0.930976744863883	0.756671221970045	0.724313238377244	0.562644352002394	0.73082386175785	0.517171029824493	0.426660776434841	0.478141035734247
#biom_cv																
0.252655679000775	0.247155594302674	0.255448718039202	0.267850973138074	0.264369554137912	0.23206662307733	0.281036723433485	0.213693205744607	0.270351355605319	0.260842380449581	0.315239290565698	0.267050125433962	0.234844018167043	0.214531986683914	0.187196325468196	0.175107160460285	0.156264110737862	0.187804442315871	0.190462080874612	0.190526758021022	0.188181502440616	0.185183769997552	0.186195348972777	0.151334244394009	0.144862647675449	0.112528870400479	0.14616477235157	0.103434205964899	0.0853321552869682	0.0956282071468494
#n_ages_ind															
30			
#n_lengths_ind															
0															
#yrs_ages_ind															
1	2	3	4	5	6	7	8	9	10	11	12	13	14	15	16	17	18	19	20	21	22	23	24	25	26	27	28	29	30	
#sample_ages_ind					
200	200	200	200	200	200	200	200	200	200	200	200	200	200	200	200	200	200	200	200	200	200	200	200	200	200	200	200	200	200
#page_ind						
0.08	0.105	0.17	0.1	0.1	0.06	0.045	0.075	0.065	0.06	0.02	0.12
0.04	0.145	0.135	0.1	0.145	0.105	0.07	0.06	0.025	0.04	0.035	0.1
0.055	0.145	0.135	0.105	0.12	0.065	0.065	0.06	0.045	0.02	0.025	0.16
0.025	0.09	0.1	0.175	0.13	0.06	0.065	0.055	0.055	0.03	0.025	0.19
0.025	0.085	0.1	0.1	0.16	0.09	0.085	0.07	0.05	0.04	0.04	0.155
0.095	0.08	0.11	0.11	0.1	0.085	0.04	0.045	0.06	0.055	0.04	0.18
0.125	0.285	0.02	0.07	0.08	0.095	0.07	0.06	0.04	0.035	0.015	0.105
0.055	0.275	0.185	0.06	0.06	0.045	0.08	0.065	0.035	0.035	0.015	0.09
0.14	0.125	0.27	0.185	0.03	0.04	0.02	0.045	0.045	0.015	0.01	0.075
0.13	0.345	0.075	0.155	0.105	0.02	0.03	0.005	0.035	0.01	0.005	0.085
0.06	0.215	0.295	0.075	0.145	0.065	0.02	0.03	0.01	0.025	0.005	0.055
0.04	0.1	0.27	0.215	0.06	0.115	0.065	0.02	0.015	0.015	0.015	0.07
0.055	0.08	0.09	0.28	0.255	0.03	0.07	0.065	0.005	0.01	0.005	0.055
0.115	0.105	0.105	0.06	0.275	0.165	0	0.035	0.05	0.015	0.015	0.06
0.065	0.215	0.13	0.07	0.075	0.17	0.09	0.04	0.045	0.035	0.005	0.06
0.055	0.14	0.265	0.1	0.07	0.09	0.07	0.095	0.01	0.025	0.035	0.045
0.14	0.175	0.145	0.185	0.06	0.045	0.04	0.065	0.075	0.015	0.015	0.04
0.155	0.25	0.145	0.09	0.115	0.09	0.01	0.02	0.04	0.04	0.005	0.04
0.1	0.345	0.21	0.09	0.045	0.06	0.02	0.015	0.015	0.025	0.025	0.05
0.14	0.265	0.265	0.11	0.075	0.035	0.04	0.01	0.005	0.005	0.03	0.02
0.125	0.265	0.21	0.16	0.09	0.04	0.015	0.035	0.015	0	0	0.045
0.04	0.235	0.28	0.135	0.145	0.065	0.055	0.01	0.01	0	0.005	0.02
0.165	0.065	0.255	0.255	0.09	0.08	0.035	0.015	0.005	0.01	0.005	0.02
0.08	0.325	0.105	0.13	0.2	0.055	0.07	0.015	0.005	0	0	0.015
0.12	0.175	0.39	0.04	0.085	0.075	0.04	0.025	0.02	0.015	0	0.015
0.085	0.245	0.205	0.225	0.035	0.065	0.05	0.035	0.03	0.015	0	0.01
0.075	0.265	0.2	0.145	0.14	0.03	0.055	0.025	0.035	0.01	0.005	0.015
0.115	0.135	0.31	0.175	0.08	0.085	0.01	0.025	0.03	0.015	0.005	0.015
0.1	0.23	0.11	0.285	0.095	0.05	0.075	0.01	0.015	0.005	0	0.025
0.275	0.125	0.215	0.095	0.135	0.04	0.035	0.04	0.015	0.005	0	0.02
#wt_age_ind						
1 1 1 1 1 1 1 1 1 1 1 1 
1 1 1 1 1 1 1 1 1 1 1 1 
1 1 1 1 1 1 1 1 1 1 1 1 
1 1 1 1 1 1 1 1 1 1 1 1 
1 1 1 1 1 1 1 1 1 1 1 1 
1 1 1 1 1 1 1 1 1 1 1 1 
1 1 1 1 1 1 1 1 1 1 1 1 
1 1 1 1 1 1 1 1 1 1 1 1 
1 1 1 1 1 1 1 1 1 1 1 1 
1 1 1 1 1 1 1 1 1 1 1 1 
1 1 1 1 1 1 1 1 1 1 1 1 
1 1 1 1 1 1 1 1 1 1 1 1 
1 1 1 1 1 1 1 1 1 1 1 1 
1 1 1 1 1 1 1 1 1 1 1 1 
1 1 1 1 1 1 1 1 1 1 1 1 
1 1 1 1 1 1 1 1 1 1 1 1 
1 1 1 1 1 1 1 1 1 1 1 1 
1 1 1 1 1 1 1 1 1 1 1 1 
1 1 1 1 1 1 1 1 1 1 1 1 
1 1 1 1 1 1 1 1 1 1 1 1 
1 1 1 1 1 1 1 1 1 1 1 1 
1 1 1 1 1 1 1 1 1 1 1 1 
1 1 1 1 1 1 1 1 1 1 1 1 
1 1 1 1 1 1 1 1 1 1 1 1 
1 1 1 1 1 1 1 1 1 1 1 1 
1 1 1 1 1 1 1 1 1 1 1 1 
1 1 1 1 1 1 1 1 1 1 1 1 
1 1 1 1 1 1 1 1 1 1 1 1 
1 1 1 1 1 1 1 1 1 1 1 1 
1 1 1 1 1 1 1 1 1 1 1 1 
# wt_pop
0.000530656	0.001196328	0.002058265	0.003034987	0.004055212	0.005064698	0.006026226	0.006916921	0.007724891	0.008446113	0.009081853	0.009636695
#maturity
0.02297737 0.32082130 0.90465054 0.99477987 0.99973881 0.99998699 0.99999935 0.99999997 1 1 1 1
#spmonth						
1		
#age_err						
1	0	0	0	0	0	0	0	0	0	0	0
0	1	0	0	0	0	0	0	0	0	0	0
0	0	1	0	0	0	0	0	0	0	0	0
0	0	0	1	0	0	0	0	0	0	0	0
0	0	0	0	1	0	0	0	0	0	0	0
0	0	0	0	0	1	0	0	0	0	0	0
0	0	0	0	0	0	1	0	0	0	0	0
0	0	0	0	0	0	0	1	0	0	0	0
0	0	0	0	0	0	0	0	1	0	0	0
0	0	0	0	0	0	0	0	0	1	0	0
0	0	0	0	0	0	0	0	0	0	1	0
0	0	0	0	0	0	0	0	0	0	0	1																														
