# ASAP VERSION 3.0
#  
# Number of Years
30 
# First Year
1 
# Number of Ages
12 
# Number of Fleets
1 
# Number of Selectivity Blocks
1 
# Number of Available Survey Indices
1 
# Natural Mortality 
0.2 0.2 0.2 0.2 0.2 0.2 0.2 0.2 0.2 0.2 0.2 0.2
0.2 0.2 0.2 0.2 0.2 0.2 0.2 0.2 0.2 0.2 0.2 0.2
0.2 0.2 0.2 0.2 0.2 0.2 0.2 0.2 0.2 0.2 0.2 0.2
0.2 0.2 0.2 0.2 0.2 0.2 0.2 0.2 0.2 0.2 0.2 0.2
0.2 0.2 0.2 0.2 0.2 0.2 0.2 0.2 0.2 0.2 0.2 0.2
0.2 0.2 0.2 0.2 0.2 0.2 0.2 0.2 0.2 0.2 0.2 0.2
0.2 0.2 0.2 0.2 0.2 0.2 0.2 0.2 0.2 0.2 0.2 0.2
0.2 0.2 0.2 0.2 0.2 0.2 0.2 0.2 0.2 0.2 0.2 0.2
0.2 0.2 0.2 0.2 0.2 0.2 0.2 0.2 0.2 0.2 0.2 0.2
0.2 0.2 0.2 0.2 0.2 0.2 0.2 0.2 0.2 0.2 0.2 0.2
0.2 0.2 0.2 0.2 0.2 0.2 0.2 0.2 0.2 0.2 0.2 0.2
0.2 0.2 0.2 0.2 0.2 0.2 0.2 0.2 0.2 0.2 0.2 0.2
0.2 0.2 0.2 0.2 0.2 0.2 0.2 0.2 0.2 0.2 0.2 0.2
0.2 0.2 0.2 0.2 0.2 0.2 0.2 0.2 0.2 0.2 0.2 0.2
0.2 0.2 0.2 0.2 0.2 0.2 0.2 0.2 0.2 0.2 0.2 0.2
0.2 0.2 0.2 0.2 0.2 0.2 0.2 0.2 0.2 0.2 0.2 0.2
0.2 0.2 0.2 0.2 0.2 0.2 0.2 0.2 0.2 0.2 0.2 0.2
0.2 0.2 0.2 0.2 0.2 0.2 0.2 0.2 0.2 0.2 0.2 0.2
0.2 0.2 0.2 0.2 0.2 0.2 0.2 0.2 0.2 0.2 0.2 0.2
0.2 0.2 0.2 0.2 0.2 0.2 0.2 0.2 0.2 0.2 0.2 0.2
0.2 0.2 0.2 0.2 0.2 0.2 0.2 0.2 0.2 0.2 0.2 0.2
0.2 0.2 0.2 0.2 0.2 0.2 0.2 0.2 0.2 0.2 0.2 0.2
0.2 0.2 0.2 0.2 0.2 0.2 0.2 0.2 0.2 0.2 0.2 0.2
0.2 0.2 0.2 0.2 0.2 0.2 0.2 0.2 0.2 0.2 0.2 0.2
0.2 0.2 0.2 0.2 0.2 0.2 0.2 0.2 0.2 0.2 0.2 0.2
0.2 0.2 0.2 0.2 0.2 0.2 0.2 0.2 0.2 0.2 0.2 0.2
0.2 0.2 0.2 0.2 0.2 0.2 0.2 0.2 0.2 0.2 0.2 0.2
0.2 0.2 0.2 0.2 0.2 0.2 0.2 0.2 0.2 0.2 0.2 0.2
0.2 0.2 0.2 0.2 0.2 0.2 0.2 0.2 0.2 0.2 0.2 0.2
0.2 0.2 0.2 0.2 0.2 0.2 0.2 0.2 0.2 0.2 0.2 0.2
# Fecundity Option (0: multiply maturity by weight-at-age; 1: use maturity values directly)
0 
# Fraction of year that elapses prior to SSB calculation (0=Jan-1)
0 
# Maturity (devide maturity by 2 to include female fraction) 
0.011488685 0.16041065 0.45232527 0.497389935 0.499869405 0.499993495 0.499999675 0.499999985 0.5 0.5 0.5 0.5
0.011488685 0.16041065 0.45232527 0.497389935 0.499869405 0.499993495 0.499999675 0.499999985 0.5 0.5 0.5 0.5
0.011488685 0.16041065 0.45232527 0.497389935 0.499869405 0.499993495 0.499999675 0.499999985 0.5 0.5 0.5 0.5
0.011488685 0.16041065 0.45232527 0.497389935 0.499869405 0.499993495 0.499999675 0.499999985 0.5 0.5 0.5 0.5
0.011488685 0.16041065 0.45232527 0.497389935 0.499869405 0.499993495 0.499999675 0.499999985 0.5 0.5 0.5 0.5
0.011488685 0.16041065 0.45232527 0.497389935 0.499869405 0.499993495 0.499999675 0.499999985 0.5 0.5 0.5 0.5
0.011488685 0.16041065 0.45232527 0.497389935 0.499869405 0.499993495 0.499999675 0.499999985 0.5 0.5 0.5 0.5
0.011488685 0.16041065 0.45232527 0.497389935 0.499869405 0.499993495 0.499999675 0.499999985 0.5 0.5 0.5 0.5
0.011488685 0.16041065 0.45232527 0.497389935 0.499869405 0.499993495 0.499999675 0.499999985 0.5 0.5 0.5 0.5
0.011488685 0.16041065 0.45232527 0.497389935 0.499869405 0.499993495 0.499999675 0.499999985 0.5 0.5 0.5 0.5
0.011488685 0.16041065 0.45232527 0.497389935 0.499869405 0.499993495 0.499999675 0.499999985 0.5 0.5 0.5 0.5
0.011488685 0.16041065 0.45232527 0.497389935 0.499869405 0.499993495 0.499999675 0.499999985 0.5 0.5 0.5 0.5
0.011488685 0.16041065 0.45232527 0.497389935 0.499869405 0.499993495 0.499999675 0.499999985 0.5 0.5 0.5 0.5
0.011488685 0.16041065 0.45232527 0.497389935 0.499869405 0.499993495 0.499999675 0.499999985 0.5 0.5 0.5 0.5
0.011488685 0.16041065 0.45232527 0.497389935 0.499869405 0.499993495 0.499999675 0.499999985 0.5 0.5 0.5 0.5
0.011488685 0.16041065 0.45232527 0.497389935 0.499869405 0.499993495 0.499999675 0.499999985 0.5 0.5 0.5 0.5
0.011488685 0.16041065 0.45232527 0.497389935 0.499869405 0.499993495 0.499999675 0.499999985 0.5 0.5 0.5 0.5
0.011488685 0.16041065 0.45232527 0.497389935 0.499869405 0.499993495 0.499999675 0.499999985 0.5 0.5 0.5 0.5
0.011488685 0.16041065 0.45232527 0.497389935 0.499869405 0.499993495 0.499999675 0.499999985 0.5 0.5 0.5 0.5
0.011488685 0.16041065 0.45232527 0.497389935 0.499869405 0.499993495 0.499999675 0.499999985 0.5 0.5 0.5 0.5
0.011488685 0.16041065 0.45232527 0.497389935 0.499869405 0.499993495 0.499999675 0.499999985 0.5 0.5 0.5 0.5
0.011488685 0.16041065 0.45232527 0.497389935 0.499869405 0.499993495 0.499999675 0.499999985 0.5 0.5 0.5 0.5
0.011488685 0.16041065 0.45232527 0.497389935 0.499869405 0.499993495 0.499999675 0.499999985 0.5 0.5 0.5 0.5
0.011488685 0.16041065 0.45232527 0.497389935 0.499869405 0.499993495 0.499999675 0.499999985 0.5 0.5 0.5 0.5
0.011488685 0.16041065 0.45232527 0.497389935 0.499869405 0.499993495 0.499999675 0.499999985 0.5 0.5 0.5 0.5
0.011488685 0.16041065 0.45232527 0.497389935 0.499869405 0.499993495 0.499999675 0.499999985 0.5 0.5 0.5 0.5
0.011488685 0.16041065 0.45232527 0.497389935 0.499869405 0.499993495 0.499999675 0.499999985 0.5 0.5 0.5 0.5
0.011488685 0.16041065 0.45232527 0.497389935 0.499869405 0.499993495 0.499999675 0.499999985 0.5 0.5 0.5 0.5
0.011488685 0.16041065 0.45232527 0.497389935 0.499869405 0.499993495 0.499999675 0.499999985 0.5 0.5 0.5 0.5
0.011488685 0.16041065 0.45232527 0.497389935 0.499869405 0.499993495 0.499999675 0.499999985 0.5 0.5 0.5 0.5
# Number of Weights at Age Matrices
1 
# Weight Matrix - 1 (kg) 
0.5306555 1.1963283 2.0582654 3.0349873 4.0552124 5.0646975 6.0262262 6.9169206 7.7248909 8.4461128 9.0818532 9.636695
0.5306555 1.1963283 2.0582654 3.0349873 4.0552124 5.0646975 6.0262262 6.9169206 7.7248909 8.4461128 9.0818532 9.636695
0.5306555 1.1963283 2.0582654 3.0349873 4.0552124 5.0646975 6.0262262 6.9169206 7.7248909 8.4461128 9.0818532 9.636695
0.5306555 1.1963283 2.0582654 3.0349873 4.0552124 5.0646975 6.0262262 6.9169206 7.7248909 8.4461128 9.0818532 9.636695
0.5306555 1.1963283 2.0582654 3.0349873 4.0552124 5.0646975 6.0262262 6.9169206 7.7248909 8.4461128 9.0818532 9.636695
0.5306555 1.1963283 2.0582654 3.0349873 4.0552124 5.0646975 6.0262262 6.9169206 7.7248909 8.4461128 9.0818532 9.636695
0.5306555 1.1963283 2.0582654 3.0349873 4.0552124 5.0646975 6.0262262 6.9169206 7.7248909 8.4461128 9.0818532 9.636695
0.5306555 1.1963283 2.0582654 3.0349873 4.0552124 5.0646975 6.0262262 6.9169206 7.7248909 8.4461128 9.0818532 9.636695
0.5306555 1.1963283 2.0582654 3.0349873 4.0552124 5.0646975 6.0262262 6.9169206 7.7248909 8.4461128 9.0818532 9.636695
0.5306555 1.1963283 2.0582654 3.0349873 4.0552124 5.0646975 6.0262262 6.9169206 7.7248909 8.4461128 9.0818532 9.636695
0.5306555 1.1963283 2.0582654 3.0349873 4.0552124 5.0646975 6.0262262 6.9169206 7.7248909 8.4461128 9.0818532 9.636695
0.5306555 1.1963283 2.0582654 3.0349873 4.0552124 5.0646975 6.0262262 6.9169206 7.7248909 8.4461128 9.0818532 9.636695
0.5306555 1.1963283 2.0582654 3.0349873 4.0552124 5.0646975 6.0262262 6.9169206 7.7248909 8.4461128 9.0818532 9.636695
0.5306555 1.1963283 2.0582654 3.0349873 4.0552124 5.0646975 6.0262262 6.9169206 7.7248909 8.4461128 9.0818532 9.636695
0.5306555 1.1963283 2.0582654 3.0349873 4.0552124 5.0646975 6.0262262 6.9169206 7.7248909 8.4461128 9.0818532 9.636695
0.5306555 1.1963283 2.0582654 3.0349873 4.0552124 5.0646975 6.0262262 6.9169206 7.7248909 8.4461128 9.0818532 9.636695
0.5306555 1.1963283 2.0582654 3.0349873 4.0552124 5.0646975 6.0262262 6.9169206 7.7248909 8.4461128 9.0818532 9.636695
0.5306555 1.1963283 2.0582654 3.0349873 4.0552124 5.0646975 6.0262262 6.9169206 7.7248909 8.4461128 9.0818532 9.636695
0.5306555 1.1963283 2.0582654 3.0349873 4.0552124 5.0646975 6.0262262 6.9169206 7.7248909 8.4461128 9.0818532 9.636695
0.5306555 1.1963283 2.0582654 3.0349873 4.0552124 5.0646975 6.0262262 6.9169206 7.7248909 8.4461128 9.0818532 9.636695
0.5306555 1.1963283 2.0582654 3.0349873 4.0552124 5.0646975 6.0262262 6.9169206 7.7248909 8.4461128 9.0818532 9.636695
0.5306555 1.1963283 2.0582654 3.0349873 4.0552124 5.0646975 6.0262262 6.9169206 7.7248909 8.4461128 9.0818532 9.636695
0.5306555 1.1963283 2.0582654 3.0349873 4.0552124 5.0646975 6.0262262 6.9169206 7.7248909 8.4461128 9.0818532 9.636695
0.5306555 1.1963283 2.0582654 3.0349873 4.0552124 5.0646975 6.0262262 6.9169206 7.7248909 8.4461128 9.0818532 9.636695
0.5306555 1.1963283 2.0582654 3.0349873 4.0552124 5.0646975 6.0262262 6.9169206 7.7248909 8.4461128 9.0818532 9.636695
0.5306555 1.1963283 2.0582654 3.0349873 4.0552124 5.0646975 6.0262262 6.9169206 7.7248909 8.4461128 9.0818532 9.636695
0.5306555 1.1963283 2.0582654 3.0349873 4.0552124 5.0646975 6.0262262 6.9169206 7.7248909 8.4461128 9.0818532 9.636695
0.5306555 1.1963283 2.0582654 3.0349873 4.0552124 5.0646975 6.0262262 6.9169206 7.7248909 8.4461128 9.0818532 9.636695
0.5306555 1.1963283 2.0582654 3.0349873 4.0552124 5.0646975 6.0262262 6.9169206 7.7248909 8.4461128 9.0818532 9.636695
0.5306555 1.1963283 2.0582654 3.0349873 4.0552124 5.0646975 6.0262262 6.9169206 7.7248909 8.4461128 9.0818532 9.636695
# Weights at Age Pointers (Fleet 1-catch; Fleet 1-discard; catch-all fleets; discard-all; SSB; Jan-1 Biomass) 
1
1
1
1
1
1
# Fleet 1 Selectivity Block Assignment 
1
1
1
1
1
1
1
1
1
1
1
1
1
1
1
1
1
1
1
1
1
1
1
1
1
1
1
1
1
1
# Selectivity Options for each block 1=by age, 2=logisitic, 3=double logistic
2 
# Selectivity Block #1 Data (initial guess; phase; lambda; cv; a50 and slope) [slope = 1/slope'; a50 = a50'*slope'*slope] 
0 0 0 0
0 0 0 0
0 0 0 0
0 0 0 0
0 0 0 0
0 0 0 0
0 0 0 0
0 0 0 0
0 0 0 0
0 0 0 0
0 0 0 0
0 0 0 0
2 2 0 0.5
1 2 0 0.5
0 0 0 0
0 0 0 0
0 0 0 0
0 0 0 0
# Fleet Start Age
1 
# Fleet End Age
12 
# Age Range for Average F [common setting: first full selective age to max age]
6 12 
# Average F report option (1=unweighted, 2=Nweighted, 3=Bweighted)
1 
# Use Likelihood constants? (1=yes)
0 
# Release Mortality by Fleet
0 
# Fleet-1 Catch Data 
0.075 0.075 0.15 0.115 0.09 0.125 0.08 0.075 0.035 0.04 0.03 0.11 160.962390668521
0.075 0.1 0.125 0.105 0.105 0.105 0.105 0.05 0.045 0.015 0.04 0.13 464.14331393468
0.045 0.175 0.13 0.115 0.1 0.07 0.06 0.06 0.03 0.02 0.05 0.145 744.449855872756
0.045 0.08 0.135 0.11 0.07 0.09 0.075 0.065 0.065 0.075 0.045 0.145 970.848382036843
0.095 0.09 0.095 0.12 0.105 0.085 0.075 0.05 0.06 0.055 0.02 0.15 735.405132857855
0.105 0.165 0.105 0.07 0.09 0.12 0.095 0.04 0.055 0.005 0.025 0.125 1287.94273692046
0.04 0.12 0.195 0.11 0.095 0.125 0.05 0.05 0.02 0.035 0.045 0.115 1229.58687159568
0.07 0.12 0.11 0.215 0.11 0.09 0.06 0.06 0.06 0.015 0.01 0.08 2361.49635776536
0.1 0.145 0.125 0.14 0.13 0.075 0.025 0.045 0.04 0.035 0.02 0.12 1265.11125029845
0.115 0.15 0.165 0.11 0.09 0.08 0.04 0.05 0.055 0.04 0.015 0.09 1435.42364963141
0.085 0.16 0.23 0.08 0.09 0.09 0.09 0.035 0.02 0.025 0.02 0.075 1540.90587564836
0.1 0.155 0.165 0.13 0.09 0.065 0.065 0.03 0.035 0.025 0.035 0.105 1534.19557317176
0.175 0.1 0.175 0.165 0.135 0.07 0.015 0.055 0.03 0.015 0.015 0.05 1074.67235237298
0.155 0.125 0.11 0.13 0.16 0.05 0.065 0.04 0.05 0.03 0.015 0.07 1506.13426846025
0.085 0.145 0.155 0.15 0.09 0.07 0.085 0.065 0.005 0.04 0.045 0.065 1512.01469127592
0.105 0.14 0.19 0.155 0.145 0.055 0.045 0.055 0.02 0.01 0.02 0.06 1315.42678373521
0.095 0.23 0.165 0.13 0.115 0.08 0.04 0.06 0.02 0.015 0.01 0.04 2370.62329679293
0.1 0.13 0.18 0.145 0.11 0.11 0.045 0.055 0.025 0.03 0.005 0.065 1694.42753567329
0.145 0.12 0.18 0.19 0.08 0.055 0.055 0.035 0.03 0.04 0.025 0.045 1518.04440687147
0.16 0.18 0.135 0.095 0.15 0.055 0.065 0.05 0.02 0.015 0.015 0.06 1360.50801060226
0.09 0.135 0.23 0.08 0.1 0.135 0.055 0.055 0.045 0.025 0.015 0.035 1685.63619289497
0.15 0.16 0.22 0.165 0.085 0.085 0.04 0.03 0.015 0.01 0.01 0.03 1121.84020808482
0.18 0.205 0.165 0.155 0.095 0.06 0.035 0.045 0.02 0.015 0.02 0.005 1677.85102385442
0.175 0.2 0.21 0.13 0.095 0.1 0.025 0.01 0.015 0.015 0.005 0.02 1228.49322475885
0.17 0.215 0.225 0.135 0.075 0.07 0.02 0.04 0.005 0.005 0 0.04 1148.19969360549
0.185 0.16 0.17 0.165 0.145 0.075 0.025 0.03 0.005 0.015 0.01 0.015 1003.29446561531
0.205 0.275 0.145 0.145 0.085 0.045 0.03 0.035 0.015 0.01 0.005 0.005 989.191625213942
0.225 0.205 0.19 0.115 0.135 0.05 0.035 0.015 0.005 0.015 0 0.01 1358.04191787228
0.1 0.25 0.205 0.185 0.105 0.065 0.03 0.04 0 0.005 0.005 0.01 1015.7150566331
0.2 0.14 0.255 0.17 0.08 0.065 0.05 0.015 0.005 0.005 0.015 0 1451.85573871506
# Fleet-1 Discards Data 
0 0 0 0 0 0 0 0 0 0 0 0 0
0 0 0 0 0 0 0 0 0 0 0 0 0
0 0 0 0 0 0 0 0 0 0 0 0 0
0 0 0 0 0 0 0 0 0 0 0 0 0
0 0 0 0 0 0 0 0 0 0 0 0 0
0 0 0 0 0 0 0 0 0 0 0 0 0
0 0 0 0 0 0 0 0 0 0 0 0 0
0 0 0 0 0 0 0 0 0 0 0 0 0
0 0 0 0 0 0 0 0 0 0 0 0 0
0 0 0 0 0 0 0 0 0 0 0 0 0
0 0 0 0 0 0 0 0 0 0 0 0 0
0 0 0 0 0 0 0 0 0 0 0 0 0
0 0 0 0 0 0 0 0 0 0 0 0 0
0 0 0 0 0 0 0 0 0 0 0 0 0
0 0 0 0 0 0 0 0 0 0 0 0 0
0 0 0 0 0 0 0 0 0 0 0 0 0
0 0 0 0 0 0 0 0 0 0 0 0 0
0 0 0 0 0 0 0 0 0 0 0 0 0
0 0 0 0 0 0 0 0 0 0 0 0 0
0 0 0 0 0 0 0 0 0 0 0 0 0
0 0 0 0 0 0 0 0 0 0 0 0 0
0 0 0 0 0 0 0 0 0 0 0 0 0
0 0 0 0 0 0 0 0 0 0 0 0 0
0 0 0 0 0 0 0 0 0 0 0 0 0
0 0 0 0 0 0 0 0 0 0 0 0 0
0 0 0 0 0 0 0 0 0 0 0 0 0
0 0 0 0 0 0 0 0 0 0 0 0 0
0 0 0 0 0 0 0 0 0 0 0 0 0
0 0 0 0 0 0 0 0 0 0 0 0 0
0 0 0 0 0 0 0 0 0 0 0 0 0
# Fleet-1 Release Data 
0 0 0 0 0 0 0 0 0 0 0 0
0 0 0 0 0 0 0 0 0 0 0 0
0 0 0 0 0 0 0 0 0 0 0 0
0 0 0 0 0 0 0 0 0 0 0 0
0 0 0 0 0 0 0 0 0 0 0 0
0 0 0 0 0 0 0 0 0 0 0 0
0 0 0 0 0 0 0 0 0 0 0 0
0 0 0 0 0 0 0 0 0 0 0 0
0 0 0 0 0 0 0 0 0 0 0 0
0 0 0 0 0 0 0 0 0 0 0 0
0 0 0 0 0 0 0 0 0 0 0 0
0 0 0 0 0 0 0 0 0 0 0 0
0 0 0 0 0 0 0 0 0 0 0 0
0 0 0 0 0 0 0 0 0 0 0 0
0 0 0 0 0 0 0 0 0 0 0 0
0 0 0 0 0 0 0 0 0 0 0 0
0 0 0 0 0 0 0 0 0 0 0 0
0 0 0 0 0 0 0 0 0 0 0 0
0 0 0 0 0 0 0 0 0 0 0 0
0 0 0 0 0 0 0 0 0 0 0 0
0 0 0 0 0 0 0 0 0 0 0 0
0 0 0 0 0 0 0 0 0 0 0 0
0 0 0 0 0 0 0 0 0 0 0 0
0 0 0 0 0 0 0 0 0 0 0 0
0 0 0 0 0 0 0 0 0 0 0 0
0 0 0 0 0 0 0 0 0 0 0 0
0 0 0 0 0 0 0 0 0 0 0 0
0 0 0 0 0 0 0 0 0 0 0 0
0 0 0 0 0 0 0 0 0 0 0 0
0 0 0 0 0 0 0 0 0 0 0 0
# Aggregate Index Units (1: biomass; 2: number)
2 
# Age Proportion Index Units (1: biomass; 2: number)
2 
# Weight at Age Matrix
1 
# Index Month
1 
# Index Selectivity Link to Fleet
-1 
# Index Selectivity Options 1=by age, 2=logisitic, 3=double logistic
2 
# Index Start Age
1 
# Index End Age
12 
# Estimate Proportion (Yes=1)
1 
# Use Index (Yes=1)
1 
# Index-1 Selectivity Data (initial guess; phase; lambda; cv; a50 and slope) [slope = 1/slope'; a50 = a50'*slope'*slope] 
0 0 0 0
0 0 0 0
0 0 0 0
0 0 0 0
0 0 0 0
0 0 0 0
0 0 0 0
0 0 0 0
0 0 0 0
0 0 0 0
0 0 0 0
0 0 0 0
1.5 2 1 0.5
0.5 2 1 0.5
0 0 0 0
0 0 0 0
0 0 0 0
0 0 0 0
# Index-1 Data  
1 1.54654886870416 0.2 0.095 0.14 0.165 0.12 0.12 0.045 0.065 0.045 0.025 0.015 0.02 0.145 200
2 1.85863070239286 0.2 0.09 0.13 0.095 0.115 0.155 0.08 0.06 0.045 0.04 0.04 0.035 0.115 200
3 1.53527857691964 0.2 0.07 0.16 0.1 0.13 0.075 0.08 0.11 0.055 0.07 0.025 0.03 0.095 200
4 1.44503841722798 0.2 0.045 0.105 0.14 0.13 0.095 0.055 0.095 0.065 0.055 0.04 0.04 0.135 200
5 1.21138349197393 0.2 0.09 0.14 0.15 0.155 0.09 0.1 0.055 0.055 0.055 0.02 0.01 0.08 200
6 1.47739916863613 0.2 0.06 0.19 0.145 0.125 0.15 0.065 0.075 0.035 0.025 0.05 0.01 0.07 200
7 1.15995429278453 0.2 0.015 0.205 0.255 0.11 0.065 0.07 0.08 0.045 0.015 0.02 0.01 0.11 200
8 1.29426411636289 0.2 0.095 0.075 0.15 0.175 0.105 0.04 0.085 0.045 0.04 0.025 0.02 0.145 200
9 1.35074186677878 0.2 0.1 0.215 0.095 0.16 0.12 0.09 0.05 0.03 0.03 0.03 0.005 0.075 200
10 1.13409550307434 0.2 0.1 0.165 0.205 0.065 0.09 0.105 0.045 0.04 0.035 0.05 0.015 0.085 200
11 1.02352734982406 0.2 0.075 0.19 0.255 0.145 0.085 0.085 0.045 0.04 0.02 0.01 0.02 0.03 200
12 0.919556974929447 0.2 0.08 0.2 0.16 0.14 0.11 0.055 0.07 0.04 0.02 0 0.03 0.095 200
13 1.1326498660696 0.2 0.11 0.16 0.155 0.17 0.135 0.075 0.055 0.03 0.04 0.015 0.02 0.035 200
14 1.00769834173603 0.2 0.08 0.24 0.16 0.11 0.095 0.135 0.05 0.02 0.015 0.04 0.02 0.035 200
15 1.02293178910631 0.2 0.06 0.21 0.25 0.115 0.065 0.08 0.07 0.04 0.005 0.035 0.025 0.045 200
16 0.968769819804975 0.2 0.145 0.17 0.115 0.165 0.09 0.08 0.04 0.045 0.045 0.015 0.015 0.075 200
17 1.00534164449617 0.2 0.09 0.265 0.135 0.155 0.12 0.06 0.04 0.01 0.055 0.02 0.01 0.04 200
18 0.971548104567614 0.2 0.075 0.12 0.26 0.1 0.125 0.1 0.06 0.035 0.03 0.04 0.015 0.04 200
19 0.784418293245567 0.2 0.115 0.16 0.17 0.205 0.135 0.06 0.06 0.02 0.01 0.025 0.01 0.03 200
20 0.652930731449292 0.2 0.14 0.22 0.175 0.105 0.15 0.055 0.055 0.045 0.02 0 0.02 0.015 200
21 0.704035358083236 0.2 0.125 0.255 0.21 0.14 0.055 0.085 0.03 0.04 0.035 0.01 0.005 0.01 200
22 0.692825602460648 0.2 0.11 0.19 0.235 0.175 0.11 0.05 0.04 0.025 0.02 0.01 0.015 0.02 200
23 0.568200250379311 0.2 0.1 0.25 0.225 0.19 0.095 0.015 0.025 0.03 0.015 0.02 0.02 0.015 200
24 0.660701662386525 0.2 0.13 0.215 0.255 0.15 0.11 0.06 0.03 0.015 0.01 0 0 0.025 200
25 0.74476829540118 0.2 0.125 0.275 0.19 0.13 0.075 0.1 0.025 0.02 0.01 0.025 0.01 0.015 200
26 0.661254773082798 0.2 0.155 0.185 0.27 0.14 0.075 0.075 0.03 0.02 0.01 0.02 0.005 0.015 200
27 0.589393152874635 0.2 0.17 0.29 0.175 0.13 0.07 0.045 0.05 0.01 0.045 0.005 0 0.01 200
28 0.620715143541843 0.2 0.155 0.255 0.28 0.11 0.105 0.045 0.015 0.01 0.01 0.005 0 0.01 200
29 0.576329673206217 0.2 0.08 0.265 0.25 0.195 0.08 0.065 0.02 0.01 0.02 0.015 0 0 200
30 0.677834712136311 0.2 0.16 0.19 0.25 0.185 0.095 0.05 0.025 0.03 0.01 0 0 0.005 200
# Phase for F mult in 1st Year
1 
# Phase for F mult Deviations
2 
# Phase for Recruitment Deviations
2 
# Phase for N in 1st Year (common setting is 2)
2 
# Phase for Catchability in 1st Year (common setting is 1)
1 
# Phase for Catchability Deviations
-5 
# Phase for Stock Recruitment Relationship (R0)
1 
# Phase for Steepness
-3 
# Recruitment CV by Year [sqrt(exp(sd^2)-1)] 
0.20201676710706
0.20201676710706
0.20201676710706
0.20201676710706
0.20201676710706
0.20201676710706
0.20201676710706
0.20201676710706
0.20201676710706
0.20201676710706
0.20201676710706
0.20201676710706
0.20201676710706
0.20201676710706
0.20201676710706
0.20201676710706
0.20201676710706
0.20201676710706
0.20201676710706
0.20201676710706
0.20201676710706
0.20201676710706
0.20201676710706
0.20201676710706
0.20201676710706
0.20201676710706
0.20201676710706
0.20201676710706
0.20201676710706
0.20201676710706
# Lambdas by Index
1 
# Lambda for Total Catch in Weight by Fleet
1 
# Lambda for Total Discards at Age by Fleet
0 
# Catch Total CV by Year and Fleet 
0.01
0.01
0.01
0.01
0.01
0.01
0.01
0.01
0.01
0.01
0.01
0.01
0.01
0.01
0.01
0.01
0.01
0.01
0.01
0.01
0.01
0.01
0.01
0.01
0.01
0.01
0.01
0.01
0.01
0.01
# Discard Total CV by Year and Fleet 
0
0
0
0
0
0
0
0
0
0
0
0
0
0
0
0
0
0
0
0
0
0
0
0
0
0
0
0
0
0
# Catch Effective Sample Size by Year and Fleet 
200
200
200
200
200
200
200
200
200
200
200
200
200
200
200
200
200
200
200
200
200
200
200
200
200
200
200
200
200
200
# Discard Effective Sample Size by Year and Fleet 
0
0
0
0
0
0
0
0
0
0
0
0
0
0
0
0
0
0
0
0
0
0
0
0
0
0
0
0
0
0
# Lambda for F Mult in First year by Fleet (0)
0 
# CV for F Mult in First year by Fleet
1 
# Lambda for F Mult Deviations by Fleet
0 
# CV for F Mult Deviations by Fleet
1 
# Lambda for N in 1st Year Deviations
0 
# CV for N in 1st Year Deviations
1 
# Lambda for Recruitment Deviations
1 
# Lambda for Catchability in First year by Index
0 
# CV for Catchability in First year by Index
1 
# Lambda for Catchability Deviations by Index
0 
# CV for Catchability Deviations by Index
1 
# Lambda for Deviation from Initial Steepness
0 
# CV for Deviation from Initial Steepness
1 
# Lambda for Deviation from Unexploited Stock Size
0 
# CV for Deviation from Unexploited Stock Size
1 
# NAA Deviations Flag (1:deviations are from exponential decline; 2: deviations are from initial guesses)
1 
# Initial Numbers at Age in 1st Year [N'/1000]
1000 818.7308 670.32 548.8116 449.329 367.8794 301.1942 246.597 201.8965 165.2989 135.3353 611.2629 
# Initial F Mult in 1st Year by Fleet (common setting is 0.2)
0.009459165 
# Initial Catchabilty by Index [q'/1000]
0.0003431189 
# Stock Recruitment Flag (0: unexploited ssb; 1: unexploited recruitment)
1 
# Initial Unexploited Stock [R0'/1000]
1000 
# Initial Steepness
0.75 
# Maximum F
4 
# Ignore Guesses (Yes=1)
0 
# Do Projections (Yes=1)
0 
# Fleet Directed Flag
1 
# Final Year in Projection
31 
# Projection Data by Year 
31 -1 3 -99 1
# Do MCMC (Yes=1)
0 
# MCMC Year Option (0:Use final year in stock; 1: use final year plus one)
1 
# MCMC Iterations
1000 
# MCMC Thinning Factor
200 
# MCMC Random Seed
657483 
# Agepro R Option (0:use numbers at age; 1: use stock recruitment relationship; 2: use geometric mean of previous years)
0 
# Agepro R Option Start Year
1 
# Agepro R Option End Year
30 
# Export R Flag
1 
# Test Value
-23456 
######
###### FINIS ######
# Fleet Names
#$FISHERY1
# Survey Names
#$SURVEY1
#
