# Number of parameters = 77  Objective function value = 26274.7  Maximum gradient component = 0.00377953
# sel_params[1]:
2.03020424027
# sel_params[2]:
1.00852957906
# log_Fmult_year1:
 -4.64229888703
# log_Fmult_devs:
 1.04333140853 0.510035294661 0.291635442987 -0.220643971607 0.598473779103 0.0203918480336 0.751569307065 -0.525903307274 0.200046093126 0.125713757205 0.0724480194356 -0.331310864768 0.365245892664 0.0570874944559 -0.0997804117177 0.654192462475 -0.187495974853 -0.0104499795271 -0.0162102583014 0.344922159934 -0.318661146527 0.501385495074 -0.165768554464 0.00633547652865 -0.0769448347819 0.00458591879567 0.354250831863 -0.238559390706 0.455919915886
# log_recruit_devs:
 -0.0658572143618 -0.108302545833 -0.171998705117 -0.204293640402 0.199715447067 0.126914338568 0.0652173283404 0.0644148242490 -0.0294635378517 0.199158019150 -0.00747423930816 -0.0872708284078 -0.0541699866353 0.0226127270857 -0.0108247199479 0.162564984089 -0.298052144426 0.0158417948509 0.191320054189 0.110449520376 -0.111032935759 -0.183142857480 0.137387307290 -0.122173754268 0.282752373595 -0.0274153656829 -0.000142496812911 -0.0128559443609 -0.340623212118 0.256745409923
# log_N_year1_devs:
 -0.00688529900755 0.00505693700554 0.0986355952723 -0.0826128692112 -0.0461863288911 -0.0607535763149 -0.128025199078 0.0319113432675 0.165830838248 0.0573686067070 -0.324579920877
# log_q_year1:
 -7.92522783809
# log_q_devs:
 0.00000000000 0.00000000000 0.00000000000 0.00000000000 0.00000000000 0.00000000000 0.00000000000 0.00000000000 0.00000000000 0.00000000000 0.00000000000 0.00000000000 0.00000000000 0.00000000000 0.00000000000 0.00000000000 0.00000000000 0.00000000000 0.00000000000 0.00000000000 0.00000000000 0.00000000000 0.00000000000 0.00000000000 0.00000000000 0.00000000000 0.00000000000 0.00000000000 0.00000000000
# index_sel_params[1]:
1.46394107882
# index_sel_params[2]:
0.513975145139
# log_SR_scaler:
6.91547792309
# SR_steepness:
0.750000000000
