# Number of parameters = 77  Objective function value = 26315.4  Maximum gradient component = 0.00447730
# sel_params[1]:
2.08312843088
# sel_params[2]:
1.03858447174
# log_Fmult_year1:
 -4.60497401040
# log_Fmult_devs:
 1.04592034406 0.493028091333 0.317676913756 -0.232094524556 0.585377623443 0.0115036000345 0.752553436496 -0.534122090387 0.187734953211 0.118271974445 0.0757764347779 -0.331028893005 0.374475261832 0.0669987825716 -0.113616086272 0.666302092997 -0.189234994151 -0.0139079905620 -0.0200065920358 0.330303630541 -0.315926988735 0.493034190388 -0.204773538364 -0.00346411884504 -0.0936834042336 -0.0326019480344 0.356612320615 -0.249947289842 0.462599108253
# log_recruit_devs:
 -0.0489196148562 0.164867789332 -0.0683088453988 -0.199037474906 0.0790660270542 0.197117878097 0.252901258646 0.107044627994 0.00693613820350 -0.138801235425 0.264978824943 -0.00565622850789 -0.0795990041532 0.0297190153196 -0.236020270350 0.174737747400 -0.134030804268 -0.0490905196835 -0.0933238692144 0.156633782966 -0.280399146011 -0.281929259840 0.0536693594452 0.433685916708 -0.0354694532899 -0.0870050811196 -0.0885887542973 -0.0269743490117 -0.109998918313 0.0417944625376
# log_N_year1_devs:
 -0.0292915737166 -0.00302176656266 0.0297864453671 -0.0477939741373 -0.0584638245384 -0.211401222366 -0.0911137155614 -0.177181579260 -0.0133161421089 0.386200616697 -0.401009347989
# log_q_year1:
 -7.98405583511
# log_q_devs:
 0.00000000000 0.00000000000 0.00000000000 0.00000000000 0.00000000000 0.00000000000 0.00000000000 0.00000000000 0.00000000000 0.00000000000 0.00000000000 0.00000000000 0.00000000000 0.00000000000 0.00000000000 0.00000000000 0.00000000000 0.00000000000 0.00000000000 0.00000000000 0.00000000000 0.00000000000 0.00000000000 0.00000000000 0.00000000000 0.00000000000 0.00000000000 0.00000000000 0.00000000000
# index_sel_params[1]:
1.48505512941
# index_sel_params[2]:
0.556429564278
# log_SR_scaler:
6.99153601965
# SR_steepness:
0.750000000000
