# Number of parameters = 77  Objective function value = 26420.9  Maximum gradient component = 0.00148617
# sel_params[1]:
1.89829612174
# sel_params[2]:
0.995673510193
# log_Fmult_year1:
 -4.72232944499
# log_Fmult_devs:
 1.06026499445 0.507046677474 0.304532910881 -0.224341198835 0.599083794597 0.0126220349223 0.737579084301 -0.548978316211 0.195883528551 0.135911709957 0.0716512889381 -0.326566263215 0.368117015885 0.0604643064972 -0.113660192862 0.670624112887 -0.205271008974 0.00461684088187 -0.0247342751281 0.327220449155 -0.314617313406 0.484074331827 -0.187250022231 0.00505711524852 -0.0784854123974 -0.0219450271885 0.338639768254 -0.279425109394 0.401132889716
# log_recruit_devs:
 -0.0264486824364 0.0762708877057 -0.107676734209 0.287048300631 0.261000660033 -0.0419628146623 0.106977720752 -0.177686444024 0.0327366040377 0.154484695212 -0.494057761626 0.336424935406 0.217212418766 -0.110537512081 -0.261134282632 -0.130900851511 -0.248436836871 -0.126201445139 -0.174201919804 0.0588710957886 0.137365447713 -0.207542996844 0.482121033200 0.0549488042958 -0.121997714079 0.245957831891 -0.140065828699 0.0361971446895 -0.149796934175 0.0310311786710
# log_N_year1_devs:
 -0.0717006554593 0.0271000153838 0.0369943344750 0.0625774833122 -0.0164209011939 0.199337441814 -0.225658342597 0.112814710230 -0.0725328695338 -0.172700676309 -0.0710327157327
# log_q_year1:
 -7.94515905933
# log_q_devs:
 0.00000000000 0.00000000000 0.00000000000 0.00000000000 0.00000000000 0.00000000000 0.00000000000 0.00000000000 0.00000000000 0.00000000000 0.00000000000 0.00000000000 0.00000000000 0.00000000000 0.00000000000 0.00000000000 0.00000000000 0.00000000000 0.00000000000 0.00000000000 0.00000000000 0.00000000000 0.00000000000 0.00000000000 0.00000000000 0.00000000000 0.00000000000 0.00000000000 0.00000000000
# index_sel_params[1]:
1.49933305434
# index_sel_params[2]:
0.496098713115
# log_SR_scaler:
6.89475591136
# SR_steepness:
0.750000000000
