#######GENERAL HEADER INPUT#######
1
30
1
30
1
30
30
12
1	2	3	4	5	6	7	8	9	10	11	12
12
1	2	3	4	5	6	7	8	9	10	11	12
1
1001
1
1
#######SURVEY DATA#######
30
1	2	3	4	5	6	7	8	9	10	11	12	13	14	15	16	17	18	19	20	21	22	23	24	25	26	27	28	29	30
1.4399246589005	1.33384281410315	1.61139087019235	1.38164232241234	1.54860559287581	1.54783351057046	1.45857350571919	1.51421700596602	1.11159765703554	1.09432654170549	1.21712005073345	1.13299994438499	1.15218973848921	1.25543962191099	0.921003230822029	1.12627735804867	0.7744657861305	0.805276967430071	0.661734616016318	0.817415803794315	0.743345333633546	0.564825015125537	0.824101455456513	0.602881803068104	0.49649570742827	0.516030280984275	0.512110605748253	0.586270589016446	0.534550680794782	0.456979759311965
0.2	0.2	0.2	0.2	0.2	0.2	0.2	0.2	0.2	0.2	0.2	0.2	0.2	0.2	0.2	0.2	0.2	0.2	0.2	0.2	0.2	0.2	0.2	0.2	0.2	0.2	0.2	0.2	0.2	0.2
30
1	2	3	4	5	6	7	8	9	10	11	12	13	14	15	16	17	18	19	20	21	22	23	24	25	26	27	28	29	30
200	200	200	200	200	200	200	200	200	200	200	200	200	200	200	200	200	200	200	200	200	200	200	200	200	200	200	200	200	200
200	200	200	200	200	200	200	200	200	200	200	200	200	200	200	200	200	200	200	200	200	200	200	200	200	200	200	200	200	200
0.055	0.165	0.15	0.08	0.125	0.07	0.085	0.03	0.06	0.04	0.025	0.115
0.07	0.11	0.135	0.11	0.13	0.085	0.055	0.07	0.025	0.055	0.02	0.135
0.085	0.1	0.13	0.145	0.145	0.1	0.05	0.065	0.04	0.015	0.015	0.11
0.085	0.14	0.14	0.125	0.09	0.075	0.085	0.055	0.03	0.04	0.04	0.095
0.035	0.225	0.14	0.12	0.075	0.07	0.055	0.05	0.05	0.05	0.01	0.12
0.07	0.105	0.205	0.145	0.105	0.08	0.035	0.04	0.04	0.035	0.02	0.12
0.045	0.195	0.115	0.155	0.095	0.075	0.035	0.065	0.06	0.025	0.02	0.115
0.065	0.175	0.2	0.08	0.125	0.085	0.065	0.03	0.045	0.02	0.02	0.09
0.08	0.1	0.175	0.145	0.085	0.115	0.05	0.065	0.025	0.04	0.015	0.105
0.06	0.2	0.175	0.115	0.145	0.05	0.095	0.05	0.025	0.02	0.015	0.05
0.105	0.185	0.215	0.075	0.1	0.085	0.035	0.05	0.055	0.025	0.01	0.06
0.055	0.185	0.215	0.12	0.07	0.115	0.08	0.015	0.035	0.02	0.01	0.08
0.09	0.15	0.23	0.115	0.115	0.055	0.07	0.05	0.025	0.025	0.01	0.065
0.065	0.145	0.175	0.135	0.16	0.09	0.08	0.045	0.025	0	0.005	0.075
0.075	0.15	0.21	0.11	0.11	0.08	0.04	0.05	0.04	0.025	0.005	0.105
0.11	0.125	0.17	0.16	0.1	0.095	0.065	0.05	0.035	0.035	0.015	0.04
0.105	0.235	0.115	0.14	0.115	0.04	0.055	0.05	0.025	0.02	0.025	0.075
0.11	0.2	0.245	0.11	0.07	0.075	0.04	0.04	0.035	0.015	0.015	0.045
0.05	0.255	0.215	0.18	0.065	0.04	0.055	0.025	0.035	0.03	0.01	0.04
0.1	0.195	0.195	0.13	0.09	0.05	0.045	0.065	0.05	0.01	0.025	0.045
0.075	0.245	0.205	0.175	0.07	0.095	0.03	0.03	0.01	0.005	0.035	0.025
0.125	0.15	0.24	0.17	0.095	0.06	0.075	0.005	0.01	0.015	0.005	0.05
0.11	0.235	0.19	0.17	0.1	0.065	0.045	0.03	0	0.01	0.005	0.04
0.09	0.28	0.22	0.12	0.095	0.07	0.05	0.025	0.03	0.005	0	0.015
0.14	0.215	0.235	0.15	0.11	0.07	0.025	0.015	0.005	0.005	0.005	0.025
0.1	0.265	0.215	0.15	0.105	0.025	0.03	0.03	0.025	0.005	0.03	0.02
0.145	0.205	0.235	0.135	0.105	0.07	0.03	0.03	0.005	0.025	0.005	0.01
0.18	0.28	0.17	0.165	0.06	0.045	0.02	0.03	0.015	0.025	0	0.01
0.135	0.23	0.255	0.155	0.095	0.045	0.035	0.035	0.01	0.005	0	0
0.11	0.26	0.215	0.175	0.045	0.105	0.025	0.04	0.015	0.005	0	0.005
#######LANDINGS DATA#######
1
30
161.370850411914	460.431778933743	744.914522715986	992.402577037415	763.748978691651	1348.56993680837	1315.43931072001	2551.59015265048	1359.73353244367	1580.57871049833	1664.39688582406	1669.51501091257	1147.99928344633	1606.41790451622	1555.63786746546	1304.0257160246	2261.23082822832	1604.97461068211	1439.87318013557	1336.8695659721	1671.74852217688	1122.12888553914	1687.00621664421	1225.78367202134	1121.25337685649	984.214587216967	947.353199805157	1262.84833114513	920.640477087215	1304.01976257555
0.01	0.01	0.01	0.01	0.01	0.01	0.01	0.01	0.01	0.01	0.01	0.01	0.01	0.01	0.01	0.01	0.01	0.01	0.01	0.01	0.01	0.01	0.01	0.01	0.01	0.01	0.01	0.01	0.01	0.01
30
1	2	3	4	5	6	7	8	9	10	11	12	13	14	15	16	17	18	19	20	21	22	23	24	25	26	27	28	29	30
200	200	200	200	200	200	200	200	200	200	200	200	200	200	200	200	200	200	200	200	200	200	200	200	200	200	200	200	200	200
200	200	200	200	200	200	200	200	200	200	200	200	200	200	200	200	200	200	200	200	200	200	200	200	200	200	200	200	200	200
0.055	0.075	0.13	0.125	0.175	0.055	0.045	0.09	0.06	0.03	0.015	0.145
0.07	0.1	0.105	0.145	0.11	0.115	0.085	0.055	0.045	0.04	0.025	0.105
0.085	0.08	0.095	0.14	0.145	0.075	0.1	0.04	0.03	0.02	0.025	0.165
0.11	0.09	0.14	0.12	0.1	0.1	0.055	0.06	0.045	0.045	0.045	0.09
0.055	0.155	0.155	0.11	0.08	0.075	0.08	0.055	0.06	0.02	0.03	0.125
0.075	0.09	0.24	0.115	0.125	0.045	0.02	0.055	0.045	0.03	0.035	0.125
0.05	0.13	0.09	0.16	0.135	0.08	0.055	0.065	0.04	0.03	0.025	0.14
0.065	0.12	0.17	0.08	0.175	0.08	0.05	0.05	0.06	0.02	0.01	0.12
0.09	0.12	0.135	0.135	0.075	0.135	0.065	0.05	0.03	0.055	0.025	0.085
0.115	0.13	0.12	0.13	0.14	0.045	0.095	0.045	0.055	0.02	0.03	0.075
0.13	0.22	0.175	0.095	0.095	0.07	0.05	0.04	0.04	0.01	0.01	0.065
0.09	0.17	0.14	0.12	0.11	0.11	0.085	0.03	0.05	0.025	0.02	0.05
0.075	0.125	0.18	0.165	0.1	0.11	0.065	0.045	0.025	0.05	0.045	0.015
0.08	0.11	0.125	0.16	0.135	0.085	0.09	0.055	0.035	0.025	0.02	0.08
0.105	0.12	0.23	0.105	0.095	0.085	0.075	0.03	0.04	0.025	0.025	0.065
0.11	0.13	0.17	0.105	0.09	0.1	0.085	0.04	0.04	0.03	0.03	0.07
0.1	0.175	0.105	0.14	0.095	0.09	0.07	0.08	0.04	0.035	0.01	0.06
0.145	0.145	0.265	0.085	0.1	0.095	0.015	0.04	0.045	0.015	0.015	0.035
0.09	0.15	0.19	0.19	0.065	0.065	0.09	0.025	0.035	0.025	0.01	0.065
0.1	0.205	0.19	0.12	0.135	0.04	0.055	0.025	0.04	0.025	0.01	0.055
0.135	0.2	0.175	0.165	0.115	0.09	0.025	0.03	0.025	0.015	0.01	0.015
0.165	0.155	0.235	0.125	0.1	0.065	0.05	0.015	0.035	0.015	0	0.04
0.19	0.165	0.18	0.165	0.115	0.08	0.05	0.035	0	0.005	0	0.015
0.15	0.2	0.175	0.155	0.14	0.06	0.02	0.04	0.01	0.02	0.01	0.02
0.195	0.17	0.23	0.13	0.125	0.055	0.03	0.035	0.005	0.015	0	0.01
0.105	0.235	0.215	0.16	0.095	0.105	0.035	0.015	0.03	0.005	0	0
0.195	0.15	0.215	0.19	0.09	0.07	0.03	0.03	0.015	0.01	0	0.005
0.18	0.25	0.22	0.155	0.05	0.06	0.03	0.01	0.005	0.01	0.015	0.015
0.145	0.23	0.22	0.14	0.11	0.06	0.035	0.025	0.015	0.005	0.005	0.01
0.145	0.265	0.155	0.125	0.12	0.085	0.055	0.02	0.015	0.01	0	0.005
#######PARAMETER SECTION#######
800	400	1200	-4	800	-0.25	1
0.18	0.01	1	-4	0.18	-0.25	1
-1.36	-5	-0.001	-4	-1.36	-0.25	1
0.1	0.05	0.3	-4	0.1	-0.25	1
0.2	0.01	0.5	-4	0.2	-0.25	1
0.75	0.20001	1	-3	0.75	-0.25	1
13.815511	-1	200	1	13.815511	-0.25	1
0	-1	1	-4	0	-0.25	1
0.2	1e-04	1.2	-3	0.2	-0.25	1
0	-10	10	-6	0	-1	1
0	-10	10	-6	0	-1	1
2	0	12	2	2	-0.5	1
1	0	12	2	1	-0.5	1
2	0	12	-2	2	-0.5	1
1	0	12	-2	1	-0.5	1
1.5	0	12	2	1.5	-0.5	1
2	0	12	2	2	-0.5	1
-14.9032803307443	-30	5	1	-14.9032803307443	-1	1
1	0.1	2	-1	1	-1	1
-1.54399197800355	-10	1.39	1	-1.54399197800355	-1	1
#######DEV CONSTRAINTS and DEVS#######
-15	15	2
-15	15	2
-15	15	2
0	0	0	0	0	0	0	0	0	0	0	0	0	0	0	0	0	0	0	0	0	0	0	0	0	0	0	0	0	0
0	0	0	0	0	0	0	0	0	0	0	0	0	0	0	0	0	0	0	0	0	0	0	0	0	0	0	0	0	0
0	0	0	0	0	0	0	0	0	0	0
#######LIKELIHOOD WEIGHTS#######
1
1
1
1
0
1
0
0
0
#######MISCELLANEOUS STUFF SECTION#######
2.5e-08
3
0.5	0.5	0.5	0.5	0.5	0.5	0.5	0.5	0.5	0.5	0.5	0.5
0.0229773699100256	0.320821300824607	0.904650535100891	0.994779874306442	0.999738809680904	0.999986992871533	0.999999352405202	0.999999967758134	0.999999998394772	0.99999999992008	0.999999999996021	0.999999999999802
0.2	0.2	0.2	0.2	0.2	0.2	0.2	0.2	0.2	0.2	0.2	0.2
0
1
10
0.2
1
1	0	0	0	0	0	0	0	0	0	0	0
0	1	0	0	0	0	0	0	0	0	0	0
0	0	1	0	0	0	0	0	0	0	0	0
0	0	0	1	0	0	0	0	0	0	0	0
0	0	0	0	1	0	0	0	0	0	0	0
0	0	0	0	0	1	0	0	0	0	0	0
0	0	0	0	0	0	1	0	0	0	0	0
0	0	0	0	0	0	0	1	0	0	0	0
0	0	0	0	0	0	0	0	1	0	0	0
0	0	0	0	0	0	0	0	0	1	0	0
0	0	0	0	0	0	0	0	0	0	1	0
0	0	0	0	0	0	0	0	0	0	0	1
40
31
2
1
#######END OF DATA FILE#######
999
