#######GENERAL HEADER INPUT#######
1
30
1
30
1
30
30
12
1	2	3	4	5	6	7	8	9	10	11	12
12
1	2	3	4	5	6	7	8	9	10	11	12
1
1001
1
1
#######SURVEY DATA#######
30
1	2	3	4	5	6	7	8	9	10	11	12	13	14	15	16	17	18	19	20	21	22	23	24	25	26	27	28	29	30
1.41862675150812	1.60480205223558	1.49877653760257	1.26569664665605	1.50521606350667	1.33988738855825	1.21265899379467	1.50133603676768	1.3223312588517	1.22653473423938	0.9349343282487	1.15585190535694	1.16269173288742	1.14367646575256	1.23426482879052	0.944906230351228	0.948215179249269	0.897026268484467	0.827907529089041	0.844807413782436	0.761871183564509	0.755607220124014	0.663643691644537	0.606047993028786	0.795822433020396	0.635934498474381	0.759552620816553	0.65713787913275	0.65609689222772	0.527748002815589
0.2	0.2	0.2	0.2	0.2	0.2	0.2	0.2	0.2	0.2	0.2	0.2	0.2	0.2	0.2	0.2	0.2	0.2	0.2	0.2	0.2	0.2	0.2	0.2	0.2	0.2	0.2	0.2	0.2	0.2
30
1	2	3	4	5	6	7	8	9	10	11	12	13	14	15	16	17	18	19	20	21	22	23	24	25	26	27	28	29	30
200	200	200	200	200	200	200	200	200	200	200	200	200	200	200	200	200	200	200	200	200	200	200	200	200	200	200	200	200	200
200	200	200	200	200	200	200	200	200	200	200	200	200	200	200	200	200	200	200	200	200	200	200	200	200	200	200	200	200	200
0.07	0.145	0.13	0.12	0.08	0.08	0.04	0.065	0.035	0.04	0.015	0.18
0.045	0.18	0.09	0.155	0.12	0.08	0.1	0.03	0.04	0.025	0.02	0.115
0.08	0.135	0.14	0.125	0.075	0.095	0.085	0.03	0.05	0.025	0.05	0.11
0.065	0.135	0.16	0.11	0.115	0.1	0.06	0.035	0.03	0.04	0.05	0.1
0.065	0.14	0.16	0.14	0.105	0.075	0.07	0.05	0.045	0.03	0.045	0.075
0.06	0.145	0.185	0.115	0.145	0.045	0.065	0.03	0.015	0.02	0.035	0.14
0.06	0.19	0.145	0.13	0.1	0.08	0.055	0.065	0.03	0.02	0.03	0.095
0.075	0.17	0.14	0.125	0.095	0.055	0.035	0.04	0.055	0.035	0.03	0.145
0.095	0.19	0.18	0.12	0.075	0.07	0.035	0.07	0.03	0.025	0.035	0.075
0.05	0.215	0.205	0.135	0.085	0.02	0.035	0.045	0.06	0.025	0.015	0.11
0.09	0.16	0.285	0.125	0.075	0.06	0.025	0.04	0.02	0.025	0.02	0.075
0.085	0.205	0.135	0.16	0.12	0.085	0.06	0.03	0.03	0	0.02	0.07
0.085	0.21	0.165	0.125	0.14	0.055	0.045	0.035	0.04	0.02	0.025	0.055
0.085	0.165	0.215	0.155	0.095	0.095	0.055	0.03	0.005	0.015	0.01	0.075
0.055	0.175	0.18	0.135	0.125	0.09	0.075	0.03	0.045	0.02	0.01	0.06
0.13	0.14	0.2	0.155	0.09	0.1	0.055	0.055	0.01	0.005	0.005	0.055
0.075	0.195	0.19	0.125	0.08	0.13	0.045	0.03	0.045	0.02	0.02	0.045
0.185	0.185	0.2	0.1	0.085	0.07	0.055	0.055	0.015	0.01	0.02	0.02
0.09	0.265	0.19	0.22	0.07	0.045	0.02	0.045	0.015	0.015	0.015	0.01
0.07	0.245	0.275	0.12	0.145	0.04	0.03	0.035	0.02	0.01	0.005	0.005
0.08	0.165	0.225	0.21	0.12	0.1	0.015	0.02	0.015	0.015	0.005	0.03
0.095	0.225	0.22	0.125	0.145	0.05	0.035	0.03	0.015	0.025	0.015	0.02
0.085	0.29	0.185	0.08	0.105	0.135	0.03	0.05	0.015	0.005	0	0.02
0.125	0.2	0.23	0.12	0.11	0.08	0.065	0.02	0.025	0.01	0	0.015
0.14	0.3	0.18	0.14	0.11	0.02	0.03	0.03	0.015	0.02	0.005	0.01
0.1	0.34	0.24	0.1	0.095	0.055	0.005	0.04	0.005	0.015	0	0.005
0.09	0.185	0.3	0.205	0.065	0.065	0.03	0.015	0.01	0.015	0.005	0.015
0.115	0.18	0.205	0.225	0.09	0.075	0.06	0.015	0.005	0.01	0.01	0.01
0.11	0.205	0.14	0.195	0.19	0.06	0.02	0.045	0.015	0.01	0	0.01
0.135	0.205	0.255	0.1	0.105	0.09	0.04	0.035	0.015	0.01	0	0.01
#######LANDINGS DATA#######
1
30
159.205353335376	462.987614172296	740.976859635547	972.341495044268	743.02675906938	1258.98978109765	1196.92446845611	2249.23803989457	1199.09503856292	1368.22603893207	1479.8683775367	1478.29201563312	1042.13693325337	1463.18293825268	1457.49709536688	1235.60315268578	2157.05900633845	1556.85478805196	1419.13891260612	1348.7159723415	1721.48940427543	1155.30571698103	1739.84207359688	1317.58346990187	1239.03089063165	1122.30065166213	1119.08507515763	1463.5005135447	1011.0711719888	1418.080999813
0.01	0.01	0.01	0.01	0.01	0.01	0.01	0.01	0.01	0.01	0.01	0.01	0.01	0.01	0.01	0.01	0.01	0.01	0.01	0.01	0.01	0.01	0.01	0.01	0.01	0.01	0.01	0.01	0.01	0.01
30
1	2	3	4	5	6	7	8	9	10	11	12	13	14	15	16	17	18	19	20	21	22	23	24	25	26	27	28	29	30
200	200	200	200	200	200	200	200	200	200	200	200	200	200	200	200	200	200	200	200	200	200	200	200	200	200	200	200	200	200
200	200	200	200	200	200	200	200	200	200	200	200	200	200	200	200	200	200	200	200	200	200	200	200	200	200	200	200	200	200
0.06	0.095	0.09	0.115	0.125	0.095	0.07	0.04	0.045	0.035	0.03	0.2
0.1	0.07	0.13	0.125	0.08	0.075	0.07	0.045	0.055	0.055	0.015	0.18
0.06	0.115	0.09	0.14	0.105	0.105	0.135	0.035	0.05	0.01	0.035	0.12
0.055	0.1	0.16	0.14	0.11	0.08	0.06	0.065	0.03	0.035	0.05	0.115
0.055	0.075	0.115	0.145	0.095	0.105	0.105	0.09	0.025	0.035	0.04	0.115
0.055	0.095	0.135	0.095	0.09	0.075	0.09	0.08	0.05	0.02	0.045	0.17
0.095	0.145	0.09	0.125	0.075	0.075	0.09	0.07	0.07	0.045	0.01	0.11
0.075	0.115	0.13	0.125	0.095	0.115	0.055	0.04	0.045	0.06	0.025	0.12
0.105	0.155	0.145	0.1	0.1	0.08	0.05	0.065	0.035	0.025	0.025	0.115
0.08	0.2	0.14	0.115	0.12	0.04	0.05	0.045	0.045	0.04	0.02	0.105
0.115	0.125	0.205	0.17	0.09	0.025	0.05	0.04	0.045	0.045	0.015	0.075
0.11	0.17	0.115	0.14	0.115	0.085	0.07	0.035	0.04	0.02	0.02	0.08
0.095	0.16	0.155	0.11	0.13	0.08	0.05	0.065	0.04	0.02	0.015	0.08
0.085	0.14	0.195	0.145	0.14	0.075	0.055	0.04	0.015	0.02	0.015	0.075
0.125	0.105	0.175	0.16	0.14	0.06	0.075	0.05	0.035	0.03	0.015	0.03
0.12	0.135	0.15	0.14	0.13	0.11	0.045	0.025	0.035	0.025	0.01	0.075
0.14	0.2	0.14	0.12	0.09	0.09	0.065	0.02	0.02	0.035	0.025	0.055
0.19	0.17	0.135	0.15	0.075	0.035	0.075	0.055	0.025	0.025	0.02	0.045
0.1	0.22	0.12	0.24	0.07	0.055	0.045	0.025	0.035	0.025	0.01	0.055
0.09	0.155	0.29	0.12	0.145	0.06	0.05	0.015	0.025	0.02	0.01	0.02
0.145	0.135	0.21	0.2	0.105	0.06	0.05	0.015	0.005	0.02	0.025	0.03
0.16	0.24	0.12	0.125	0.14	0.055	0.065	0.05	0.015	0	0.02	0.01
0.085	0.225	0.21	0.155	0.075	0.075	0.055	0.065	0.01	0.01	0	0.035
0.2	0.175	0.205	0.135	0.08	0.075	0.05	0.025	0.02	0.01	0	0.025
0.155	0.205	0.145	0.23	0.09	0.055	0.04	0.025	0.035	0.005	0	0.015
0.12	0.28	0.22	0.09	0.15	0.055	0.04	0.025	0.005	0	0	0.015
0.18	0.13	0.275	0.145	0.09	0.055	0.05	0.01	0.02	0.04	0	0.005
0.18	0.19	0.115	0.265	0.11	0.035	0.055	0.015	0	0.015	0.005	0.015
0.14	0.2	0.17	0.135	0.17	0.075	0.045	0.03	0.005	0.01	0.005	0.015
0.175	0.14	0.205	0.135	0.13	0.14	0.015	0.015	0.02	0.015	0	0.01
#######PARAMETER SECTION#######
800	400	1200	-4	800	-0.25	1
0.18	0.01	1	-4	0.18	-0.25	1
-1.36	-5	-0.001	-4	-1.36	-0.25	1
0.1	0.05	0.3	-4	0.1	-0.25	1
0.2	0.01	0.5	-4	0.2	-0.25	1
0.75	0.20001	1	-3	0.75	-0.25	1
13.815511	-1	200	1	13.815511	-0.25	1
0	-1	1	-4	0	-0.25	1
0.2	1e-04	1.2	-3	0.2	-0.25	1
0	-10	10	-6	0	-1	1
0	-10	10	-6	0	-1	1
2	0	12	2	2	-0.5	1
1	0	12	2	1	-0.5	1
2	0	12	-2	2	-0.5	1
1	0	12	-2	1	-0.5	1
1.5	0	12	2	1.5	-0.5	1
2	0	12	2	2	-0.5	1
-14.8679713134575	-30	5	1	-14.8679713134575	-1	1
1	0.1	2	-1	1	-1	1
-1.54399197800355	-10	1.39	1	-1.54399197800355	-1	1
#######DEV CONSTRAINTS and DEVS#######
-15	15	2
-15	15	2
-15	15	2
0	0	0	0	0	0	0	0	0	0	0	0	0	0	0	0	0	0	0	0	0	0	0	0	0	0	0	0	0	0
0	0	0	0	0	0	0	0	0	0	0	0	0	0	0	0	0	0	0	0	0	0	0	0	0	0	0	0	0	0
0	0	0	0	0	0	0	0	0	0	0
#######LIKELIHOOD WEIGHTS#######
1
1
1
1
0
1
0
0
0
#######MISCELLANEOUS STUFF SECTION#######
2.5e-08
3
0.5	0.5	0.5	0.5	0.5	0.5	0.5	0.5	0.5	0.5	0.5	0.5
0.0229773699100256	0.320821300824607	0.904650535100891	0.994779874306442	0.999738809680904	0.999986992871533	0.999999352405202	0.999999967758134	0.999999998394772	0.99999999992008	0.999999999996021	0.999999999999802
0.2	0.2	0.2	0.2	0.2	0.2	0.2	0.2	0.2	0.2	0.2	0.2
0
1
10
0.2
1
1	0	0	0	0	0	0	0	0	0	0	0
0	1	0	0	0	0	0	0	0	0	0	0
0	0	1	0	0	0	0	0	0	0	0	0
0	0	0	1	0	0	0	0	0	0	0	0
0	0	0	0	1	0	0	0	0	0	0	0
0	0	0	0	0	1	0	0	0	0	0	0
0	0	0	0	0	0	1	0	0	0	0	0
0	0	0	0	0	0	0	1	0	0	0	0
0	0	0	0	0	0	0	0	1	0	0	0
0	0	0	0	0	0	0	0	0	1	0	0
0	0	0	0	0	0	0	0	0	0	1	0
0	0	0	0	0	0	0	0	0	0	0	1
40
31
2
1
#######END OF DATA FILE#######
999
