#######GENERAL HEADER INPUT#######
1
30
1
30
1
30
30
12
1	2	3	4	5	6	7	8	9	10	11	12
12
1	2	3	4	5	6	7	8	9	10	11	12
1
1001
1
1
#######SURVEY DATA#######
30
1	2	3	4	5	6	7	8	9	10	11	12	13	14	15	16	17	18	19	20	21	22	23	24	25	26	27	28	29	30
1.33320881936857	1.31935009707612	1.41241672001198	1.52676711438847	1.35134904497509	1.19238958085711	1.16973386082494	1.35742160977501	1.49107907619752	1.30505209519302	1.16420225964744	1.13209046544322	1.10988484738087	1.08399118830803	1.25371020089291	1.09676369735858	1.1704754815294	0.919440238101078	0.744744713733605	0.665286556115795	0.707713393943433	0.738273377327111	0.601870899854455	0.665153570358359	0.655531653203505	0.64639909192683	0.688025523495892	0.514361847439474	0.507929843825253	0.707472087611544
0.2	0.2	0.2	0.2	0.2	0.2	0.2	0.2	0.2	0.2	0.2	0.2	0.2	0.2	0.2	0.2	0.2	0.2	0.2	0.2	0.2	0.2	0.2	0.2	0.2	0.2	0.2	0.2	0.2	0.2
30
1	2	3	4	5	6	7	8	9	10	11	12	13	14	15	16	17	18	19	20	21	22	23	24	25	26	27	28	29	30
200	200	200	200	200	200	200	200	200	200	200	200	200	200	200	200	200	200	200	200	200	200	200	200	200	200	200	200	200	200
200	200	200	200	200	200	200	200	200	200	200	200	200	200	200	200	200	200	200	200	200	200	200	200	200	200	200	200	200	200
0.065	0.12	0.125	0.155	0.115	0.055	0.07	0.045	0.05	0.045	0.03	0.125
0.065	0.155	0.135	0.1	0.105	0.095	0.075	0.07	0.035	0.05	0.01	0.105
0.08	0.13	0.145	0.105	0.105	0.085	0.08	0.075	0.04	0.035	0.02	0.1
0.06	0.165	0.115	0.11	0.105	0.095	0.07	0.075	0.05	0.035	0.005	0.115
0.06	0.115	0.115	0.17	0.085	0.085	0.05	0.04	0.04	0.055	0.015	0.17
0.04	0.145	0.09	0.165	0.135	0.075	0.08	0.055	0.025	0.03	0.05	0.11
0.1	0.12	0.135	0.105	0.095	0.085	0.055	0.07	0.07	0.015	0.025	0.125
0.035	0.23	0.075	0.135	0.105	0.08	0.065	0.085	0.045	0.03	0.015	0.1
0.095	0.175	0.245	0.11	0.07	0.05	0.05	0.025	0.05	0.015	0.045	0.07
0.125	0.29	0.12	0.155	0.055	0.055	0.03	0.03	0.015	0.015	0.025	0.085
0.045	0.155	0.29	0.07	0.13	0.07	0.035	0.065	0.03	0.015	0.02	0.075
0.13	0.19	0.175	0.195	0.075	0.065	0.03	0.02	0.025	0.03	0.01	0.055
0.075	0.25	0.12	0.175	0.095	0.045	0.09	0.03	0.015	0.02	0.025	0.06
0.085	0.16	0.23	0.095	0.13	0.095	0.055	0.055	0.01	0.01	0.015	0.06
0.065	0.175	0.205	0.2	0.09	0.075	0.06	0.03	0.025	0.02	0	0.055
0.125	0.2	0.195	0.11	0.105	0.08	0.04	0.06	0.02	0.025	0.025	0.015
0.04	0.255	0.17	0.13	0.12	0.1	0.045	0.035	0.02	0.015	0.02	0.05
0.07	0.22	0.23	0.125	0.095	0.065	0.06	0.015	0.035	0.06	0.01	0.015
0.105	0.13	0.22	0.175	0.06	0.095	0.035	0.055	0.02	0.015	0.045	0.045
0.055	0.24	0.18	0.15	0.155	0.06	0.035	0.03	0.015	0.01	0.015	0.055
0.065	0.13	0.335	0.15	0.075	0.08	0.05	0.025	0.025	0.015	0.02	0.03
0.105	0.195	0.13	0.235	0.095	0.08	0.06	0.025	0.02	0.01	0.015	0.03
0.155	0.25	0.16	0.12	0.13	0.07	0.04	0.03	0.005	0.01	0.01	0.02
0.135	0.28	0.195	0.11	0.095	0.105	0.025	0.015	0.015	0.005	0	0.02
0.19	0.195	0.255	0.15	0.04	0.05	0.06	0.025	0.015	0.005	0.005	0.01
0.11	0.295	0.215	0.18	0.065	0.02	0.055	0.02	0.005	0.015	0.005	0.015
0.11	0.23	0.26	0.14	0.12	0.04	0.03	0.03	0.02	0.005	0.005	0.01
0.12	0.185	0.235	0.15	0.12	0.095	0.025	0.02	0.01	0.005	0.005	0.03
0.155	0.265	0.16	0.14	0.145	0.04	0.02	0.03	0.02	0	0.01	0.015
0.18	0.22	0.22	0.09	0.12	0.09	0.01	0.035	0.015	0.01	0	0.01
#######LANDINGS DATA#######
1
30
160.238940845175	467.347005996384	748.358538723829	978.343315359916	751.672876267421	1301.86117762944	1220.65557766526	2349.67615218212	1243.42219614965	1456.92903389838	1580.78271838132	1605.18167563299	1137.31566098077	1589.42914423657	1624.75111491082	1372.92141657149	2446.2490243412	1755.09914022505	1605.68552003962	1485.35430069519	1842.34134374021	1183.27828020097	1708.90055772901	1254.42903256907	1206.34276721978	1091.31398513195	1077.04546555846	1408.10669696974	984.225369246178	1362.87468811267
0.01	0.01	0.01	0.01	0.01	0.01	0.01	0.01	0.01	0.01	0.01	0.01	0.01	0.01	0.01	0.01	0.01	0.01	0.01	0.01	0.01	0.01	0.01	0.01	0.01	0.01	0.01	0.01	0.01	0.01
30
1	2	3	4	5	6	7	8	9	10	11	12	13	14	15	16	17	18	19	20	21	22	23	24	25	26	27	28	29	30
200	200	200	200	200	200	200	200	200	200	200	200	200	200	200	200	200	200	200	200	200	200	200	200	200	200	200	200	200	200
200	200	200	200	200	200	200	200	200	200	200	200	200	200	200	200	200	200	200	200	200	200	200	200	200	200	200	200	200	200
0.07	0.085	0.14	0.145	0.075	0.085	0.075	0.06	0.075	0.03	0.04	0.12
0.105	0.12	0.13	0.09	0.1	0.08	0.06	0.045	0.045	0.035	0.06	0.13
0.095	0.115	0.115	0.125	0.055	0.095	0.055	0.09	0.05	0.03	0.01	0.165
0.055	0.125	0.17	0.105	0.12	0.085	0.055	0.045	0.05	0.02	0.025	0.145
0.08	0.08	0.13	0.13	0.09	0.065	0.09	0.075	0.035	0.035	0.035	0.155
0.095	0.12	0.11	0.155	0.07	0.1	0.075	0.06	0.025	0.025	0.045	0.12
0.105	0.08	0.115	0.13	0.155	0.075	0.065	0.035	0.04	0.025	0.035	0.14
0.025	0.205	0.1	0.1	0.06	0.105	0.075	0.06	0.05	0.045	0.035	0.14
0.11	0.095	0.19	0.115	0.065	0.08	0.1	0.055	0.06	0.035	0.005	0.09
0.075	0.17	0.115	0.185	0.09	0.075	0.03	0.05	0.06	0.025	0.025	0.1
0.1	0.16	0.235	0.115	0.1	0.045	0.025	0.045	0.045	0.01	0.045	0.075
0.125	0.1	0.19	0.16	0.085	0.07	0.05	0.03	0.02	0.05	0.01	0.11
0.06	0.22	0.105	0.205	0.145	0.03	0.065	0.035	0.02	0.035	0.01	0.07
0.07	0.115	0.215	0.12	0.13	0.13	0.035	0.08	0.02	0.035	0.005	0.045
0.08	0.185	0.14	0.19	0.08	0.075	0.115	0.015	0.06	0.015	0.005	0.04
0.175	0.145	0.165	0.14	0.11	0.045	0.065	0.055	0.03	0.025	0.01	0.035
0.09	0.2	0.17	0.12	0.145	0.1	0.04	0.03	0.03	0.015	0.02	0.04
0.095	0.18	0.205	0.15	0.14	0.05	0.05	0.025	0.02	0.03	0.01	0.045
0.145	0.16	0.195	0.155	0.125	0.055	0.04	0.02	0.02	0.035	0.035	0.015
0.085	0.19	0.17	0.17	0.125	0.085	0.045	0.015	0.03	0.02	0.015	0.05
0.06	0.09	0.31	0.155	0.095	0.105	0.04	0.065	0.025	0.02	0.01	0.025
0.15	0.16	0.145	0.16	0.115	0.075	0.075	0.035	0.015	0.01	0.025	0.035
0.175	0.195	0.17	0.085	0.175	0.065	0.06	0.02	0.01	0.03	0	0.015
0.14	0.265	0.15	0.16	0.055	0.115	0.045	0.03	0.015	0.005	0.005	0.015
0.19	0.235	0.27	0.14	0.065	0.01	0.055	0.01	0.01	0	0	0.015
0.09	0.255	0.19	0.225	0.11	0.055	0.02	0.01	0.015	0.005	0.015	0.01
0.145	0.22	0.195	0.18	0.125	0.045	0.02	0.02	0.015	0.015	0.005	0.015
0.195	0.12	0.245	0.15	0.12	0.07	0.04	0.015	0.01	0.02	0	0.015
0.195	0.22	0.115	0.22	0.09	0.035	0.07	0.025	0.015	0	0.01	0.005
0.155	0.31	0.175	0.12	0.1	0.035	0.05	0.025	0.005	0.01	0.01	0.005
#######PARAMETER SECTION#######
800	400	1200	-4	800	-0.25	1
0.18	0.01	1	-4	0.18	-0.25	1
-1.36	-5	-0.001	-4	-1.36	-0.25	1
0.1	0.05	0.3	-4	0.1	-0.25	1
0.2	0.01	0.5	-4	0.2	-0.25	1
0.75	0.20001	1	-3	0.75	-0.25	1
13.815511	-1	200	1	13.815511	-0.25	1
0	-1	1	-4	0	-0.25	1
0.2	1e-04	1.2	-3	0.2	-0.25	1
0	-10	10	-6	0	-1	1
0	-10	10	-6	0	-1	1
2	0	12	2	2	-0.5	1
1	0	12	2	1	-0.5	1
2	0	12	-2	2	-0.5	1
1	0	12	-2	1	-0.5	1
1.5	0	12	2	1.5	-0.5	1
2	0	12	2	2	-0.5	1
-14.9131002594927	-30	5	1	-14.9131002594927	-1	1
1	0.1	2	-1	1	-1	1
-1.54399197800355	-10	1.39	1	-1.54399197800355	-1	1
#######DEV CONSTRAINTS and DEVS#######
-15	15	2
-15	15	2
-15	15	2
0	0	0	0	0	0	0	0	0	0	0	0	0	0	0	0	0	0	0	0	0	0	0	0	0	0	0	0	0	0
0	0	0	0	0	0	0	0	0	0	0	0	0	0	0	0	0	0	0	0	0	0	0	0	0	0	0	0	0	0
0	0	0	0	0	0	0	0	0	0	0
#######LIKELIHOOD WEIGHTS#######
1
1
1
1
0
1
0
0
0
#######MISCELLANEOUS STUFF SECTION#######
2.5e-08
3
0.5	0.5	0.5	0.5	0.5	0.5	0.5	0.5	0.5	0.5	0.5	0.5
0.0229773699100256	0.320821300824607	0.904650535100891	0.994779874306442	0.999738809680904	0.999986992871533	0.999999352405202	0.999999967758134	0.999999998394772	0.99999999992008	0.999999999996021	0.999999999999802
0.2	0.2	0.2	0.2	0.2	0.2	0.2	0.2	0.2	0.2	0.2	0.2
0
1
10
0.2
1
1	0	0	0	0	0	0	0	0	0	0	0
0	1	0	0	0	0	0	0	0	0	0	0
0	0	1	0	0	0	0	0	0	0	0	0
0	0	0	1	0	0	0	0	0	0	0	0
0	0	0	0	1	0	0	0	0	0	0	0
0	0	0	0	0	1	0	0	0	0	0	0
0	0	0	0	0	0	1	0	0	0	0	0
0	0	0	0	0	0	0	1	0	0	0	0
0	0	0	0	0	0	0	0	1	0	0	0
0	0	0	0	0	0	0	0	0	1	0	0
0	0	0	0	0	0	0	0	0	0	1	0
0	0	0	0	0	0	0	0	0	0	0	1
40
31
2
1
#######END OF DATA FILE#######
999
