#######GENERAL HEADER INPUT#######
1
30
1
30
1
30
30
12
1	2	3	4	5	6	7	8	9	10	11	12
12
1	2	3	4	5	6	7	8	9	10	11	12
1
1001
1
1
#######SURVEY DATA#######
30
1	2	3	4	5	6	7	8	9	10	11	12	13	14	15	16	17	18	19	20	21	22	23	24	25	26	27	28	29	30
1.46839822480503	1.52970550261432	1.55069185528271	1.67252228960164	1.42480829342391	1.44101944316827	1.27269342521627	1.21783565010753	0.997759246272893	1.18479123137944	1.18231845223499	1.19264477694232	0.880093468287649	0.907618576178736	0.994804211334	0.990486047640206	0.847025770100011	0.982389495225242	0.752261210187218	0.719438773977933	0.892021770396064	0.782261982904808	0.803199107119229	0.718402382051481	0.716442458473592	0.771408753186938	0.721879709491588	0.701100631521512	0.582596446628479	0.644254180630796
0.2	0.2	0.2	0.2	0.2	0.2	0.2	0.2	0.2	0.2	0.2	0.2	0.2	0.2	0.2	0.2	0.2	0.2	0.2	0.2	0.2	0.2	0.2	0.2	0.2	0.2	0.2	0.2	0.2	0.2
30
1	2	3	4	5	6	7	8	9	10	11	12	13	14	15	16	17	18	19	20	21	22	23	24	25	26	27	28	29	30
200	200	200	200	200	200	200	200	200	200	200	200	200	200	200	200	200	200	200	200	200	200	200	200	200	200	200	200	200	200
200	200	200	200	200	200	200	200	200	200	200	200	200	200	200	200	200	200	200	200	200	200	200	200	200	200	200	200	200	200
0.03	0.135	0.13	0.09	0.065	0.075	0.09	0.09	0.065	0.04	0.005	0.185
0.08	0.135	0.15	0.09	0.085	0.115	0.06	0.06	0.055	0.04	0.04	0.09
0.065	0.14	0.18	0.12	0.11	0.06	0.085	0.065	0.015	0.035	0.035	0.09
0.105	0.215	0.14	0.14	0.06	0.055	0.07	0.04	0.03	0.03	0.03	0.085
0.065	0.145	0.165	0.115	0.09	0.07	0.05	0.065	0.05	0.035	0.045	0.105
0.04	0.135	0.215	0.16	0.085	0.06	0.045	0.055	0.04	0.025	0.025	0.115
0.05	0.11	0.115	0.16	0.145	0.07	0.05	0.08	0.05	0.03	0.02	0.12
0.095	0.16	0.105	0.085	0.115	0.115	0.04	0.035	0.065	0.045	0.01	0.13
0.035	0.17	0.185	0.085	0.07	0.1	0.115	0.045	0.055	0.025	0.015	0.1
0.075	0.165	0.195	0.1	0.09	0.045	0.07	0.06	0.05	0.015	0.02	0.115
0.03	0.16	0.15	0.165	0.14	0.04	0.035	0.06	0.08	0.04	0.025	0.075
0.07	0.15	0.15	0.17	0.13	0.1	0.045	0.025	0.06	0.015	0.02	0.065
0.085	0.165	0.19	0.145	0.12	0.065	0.06	0.01	0.02	0.02	0.03	0.09
0.06	0.14	0.15	0.12	0.115	0.15	0.07	0.03	0.015	0.015	0.01	0.125
0.14	0.19	0.12	0.095	0.085	0.06	0.065	0.075	0.045	0.015	0.01	0.1
0.125	0.18	0.185	0.09	0.08	0.105	0.07	0.035	0.035	0.01	0.015	0.07
0.125	0.135	0.195	0.165	0.075	0.07	0.055	0.055	0.035	0.04	0.02	0.03
0.105	0.22	0.195	0.12	0.11	0.07	0.055	0.02	0.025	0.03	0.015	0.035
0.07	0.23	0.265	0.095	0.09	0.085	0.025	0.045	0.03	0.025	0.015	0.025
0.075	0.26	0.16	0.225	0.05	0.08	0.06	0.01	0.025	0.015	0.02	0.02
0.145	0.165	0.225	0.125	0.135	0.06	0.06	0.025	0.015	0.015	0.005	0.025
0.12	0.275	0.205	0.15	0.085	0.07	0.03	0.03	0.005	0.005	0	0.025
0.145	0.18	0.225	0.16	0.095	0.08	0.04	0.02	0.015	0.02	0	0.02
0.16	0.285	0.24	0.125	0.075	0.035	0.025	0.015	0.005	0.005	0.01	0.02
0.095	0.38	0.15	0.135	0.085	0.065	0.03	0.04	0.005	0.005	0.01	0
0.115	0.185	0.32	0.165	0.105	0.055	0.015	0.02	0.005	0.005	0	0.01
0.06	0.3	0.195	0.245	0.075	0.04	0.03	0.025	0.005	0.005	0.01	0.01
0.095	0.195	0.23	0.155	0.15	0.045	0.065	0.03	0	0.02	0.005	0.01
0.1	0.315	0.18	0.13	0.07	0.1	0.05	0.01	0.035	0	0.005	0.005
0.13	0.28	0.25	0.11	0.095	0.03	0.055	0.03	0.005	0.01	0	0.005
#######LANDINGS DATA#######
1
30
160.328375789265	461.03854664471	746.625596410883	983.999976141882	766.718694726852	1329.55385178145	1276.86009907872	2403.83101218325	1255.31984952025	1418.281494806	1510.50740197781	1488.85853385271	1002.67229441666	1358.43505989968	1321.37098045056	1104.8378223403	1969.86247896163	1439.18425262793	1318.72078948587	1237.003972266	1592.5791569269	1105.40718635868	1717.49299852429	1314.56794203456	1313.37045170871	1211.59639329936	1187.3401516137	1549.42044637656	1084.25155915027	1544.54879940826
0.01	0.01	0.01	0.01	0.01	0.01	0.01	0.01	0.01	0.01	0.01	0.01	0.01	0.01	0.01	0.01	0.01	0.01	0.01	0.01	0.01	0.01	0.01	0.01	0.01	0.01	0.01	0.01	0.01	0.01
30
1	2	3	4	5	6	7	8	9	10	11	12	13	14	15	16	17	18	19	20	21	22	23	24	25	26	27	28	29	30
200	200	200	200	200	200	200	200	200	200	200	200	200	200	200	200	200	200	200	200	200	200	200	200	200	200	200	200	200	200
200	200	200	200	200	200	200	200	200	200	200	200	200	200	200	200	200	200	200	200	200	200	200	200	200	200	200	200	200	200
0.055	0.085	0.145	0.125	0.115	0.075	0.095	0.05	0.045	0.035	0.04	0.135
0.065	0.125	0.125	0.095	0.085	0.1	0.07	0.05	0.06	0.05	0.02	0.155
0.08	0.105	0.105	0.155	0.09	0.085	0.06	0.065	0.045	0.04	0.045	0.125
0.095	0.145	0.095	0.11	0.08	0.12	0.07	0.07	0.05	0.045	0.02	0.1
0.06	0.1	0.155	0.12	0.065	0.115	0.06	0.04	0.05	0.04	0.035	0.16
0.035	0.09	0.175	0.17	0.105	0.065	0.085	0.04	0.045	0.02	0.015	0.155
0.08	0.045	0.09	0.115	0.14	0.11	0.105	0.06	0.05	0.04	0.04	0.125
0.09	0.09	0.09	0.085	0.145	0.14	0.075	0.035	0.055	0.02	0.02	0.155
0.05	0.135	0.155	0.075	0.105	0.125	0.1	0.065	0.035	0.025	0.03	0.1
0.1	0.125	0.165	0.11	0.055	0.07	0.085	0.065	0.04	0.03	0.02	0.135
0.065	0.095	0.17	0.165	0.095	0.045	0.035	0.065	0.07	0.035	0.035	0.125
0.085	0.125	0.165	0.135	0.15	0.08	0.015	0.025	0.025	0.055	0.035	0.105
0.055	0.115	0.11	0.18	0.15	0.115	0.075	0.03	0.03	0.05	0.025	0.065
0.1	0.11	0.135	0.15	0.12	0.11	0.07	0.065	0.025	0.01	0.03	0.075
0.15	0.18	0.12	0.135	0.075	0.085	0.065	0.045	0.015	0.015	0.015	0.1
0.065	0.18	0.135	0.135	0.13	0.085	0.07	0.06	0.02	0.04	0.02	0.06
0.205	0.11	0.125	0.135	0.115	0.085	0.06	0.05	0.04	0.015	0.005	0.055
0.075	0.22	0.125	0.205	0.085	0.075	0.05	0.025	0.04	0.015	0.02	0.065
0.105	0.115	0.275	0.135	0.085	0.075	0.025	0.035	0.045	0.035	0.03	0.04
0.17	0.13	0.18	0.185	0.1	0.085	0.015	0.04	0.015	0.015	0.015	0.05
0.13	0.185	0.215	0.15	0.115	0.075	0.065	0.03	0.005	0.02	0	0.01
0.15	0.215	0.19	0.155	0.055	0.12	0.035	0.025	0.015	0.005	0.005	0.03
0.175	0.18	0.185	0.19	0.095	0.045	0.06	0.02	0.015	0.005	0.005	0.025
0.2	0.16	0.225	0.115	0.07	0.085	0.05	0.04	0.01	0.005	0.02	0.02
0.155	0.26	0.225	0.145	0.05	0.075	0.03	0.02	0.01	0.015	0.01	0.005
0.165	0.17	0.255	0.145	0.105	0.055	0.045	0.035	0.01	0.015	0	0
0.12	0.22	0.15	0.24	0.11	0.065	0.035	0.03	0.015	0	0	0.015
0.2	0.19	0.15	0.115	0.2	0.065	0.025	0.025	0.005	0	0.005	0.02
0.14	0.21	0.165	0.2	0.12	0.09	0.025	0.02	0.01	0.01	0.005	0.005
0.205	0.18	0.23	0.12	0.085	0.045	0.065	0.025	0.03	0.005	0.01	0
#######PARAMETER SECTION#######
800	400	1200	-4	800	-0.25	1
0.18	0.01	1	-4	0.18	-0.25	1
-1.36	-5	-0.001	-4	-1.36	-0.25	1
0.1	0.05	0.3	-4	0.1	-0.25	1
0.2	0.01	0.5	-4	0.2	-0.25	1
0.75	0.20001	1	-3	0.75	-0.25	1
13.815511	-1	200	1	13.815511	-0.25	1
0	-1	1	-4	0	-0.25	1
0.2	1e-04	1.2	-3	0.2	-0.25	1
0	-10	10	-6	0	-1	1
0	-10	10	-6	0	-1	1
2	0	12	2	2	-0.5	1
1	0	12	2	1	-0.5	1
2	0	12	-2	2	-0.5	1
1	0	12	-2	1	-0.5	1
1.5	0	12	2	1.5	-0.5	1
2	0	12	2	2	-0.5	1
-14.8727490039977	-30	5	1	-14.8727490039977	-1	1
1	0.1	2	-1	1	-1	1
-1.54399197800355	-10	1.39	1	-1.54399197800355	-1	1
#######DEV CONSTRAINTS and DEVS#######
-15	15	2
-15	15	2
-15	15	2
0	0	0	0	0	0	0	0	0	0	0	0	0	0	0	0	0	0	0	0	0	0	0	0	0	0	0	0	0	0
0	0	0	0	0	0	0	0	0	0	0	0	0	0	0	0	0	0	0	0	0	0	0	0	0	0	0	0	0	0
0	0	0	0	0	0	0	0	0	0	0
#######LIKELIHOOD WEIGHTS#######
1
1
1
1
0
1
0
0
0
#######MISCELLANEOUS STUFF SECTION#######
2.5e-08
3
0.5	0.5	0.5	0.5	0.5	0.5	0.5	0.5	0.5	0.5	0.5	0.5
0.0229773699100256	0.320821300824607	0.904650535100891	0.994779874306442	0.999738809680904	0.999986992871533	0.999999352405202	0.999999967758134	0.999999998394772	0.99999999992008	0.999999999996021	0.999999999999802
0.2	0.2	0.2	0.2	0.2	0.2	0.2	0.2	0.2	0.2	0.2	0.2
0
1
10
0.2
1
1	0	0	0	0	0	0	0	0	0	0	0
0	1	0	0	0	0	0	0	0	0	0	0
0	0	1	0	0	0	0	0	0	0	0	0
0	0	0	1	0	0	0	0	0	0	0	0
0	0	0	0	1	0	0	0	0	0	0	0
0	0	0	0	0	1	0	0	0	0	0	0
0	0	0	0	0	0	1	0	0	0	0	0
0	0	0	0	0	0	0	1	0	0	0	0
0	0	0	0	0	0	0	0	1	0	0	0
0	0	0	0	0	0	0	0	0	1	0	0
0	0	0	0	0	0	0	0	0	0	1	0
0	0	0	0	0	0	0	0	0	0	0	1
40
31
2
1
#######END OF DATA FILE#######
999
