#######GENERAL HEADER INPUT#######
1
30
1
30
1
30
30
12
1	2	3	4	5	6	7	8	9	10	11	12
12
1	2	3	4	5	6	7	8	9	10	11	12
1
1001
1
1
#######SURVEY DATA#######
30
1	2	3	4	5	6	7	8	9	10	11	12	13	14	15	16	17	18	19	20	21	22	23	24	25	26	27	28	29	30
1.68654035880347	1.63366478543731	1.69310779125712	1.31062771129361	1.38983946734688	1.70886574668919	1.42064159887949	1.56757398030027	1.25839815995428	1.1887771516127	0.988563231153625	1.08618519631975	0.983610363414435	1.15973622899414	0.961373971177829	1.02149518671136	0.882528143082455	0.987241693316662	0.865357473333766	0.76954467650472	0.967106336237953	0.6573823606009	0.713592025573923	0.640481261417061	0.553627647289225	0.523076821183201	0.463984358089541	0.511765792240029	0.545671682945682	0.484246982748082
0.2	0.2	0.2	0.2	0.2	0.2	0.2	0.2	0.2	0.2	0.2	0.2	0.2	0.2	0.2	0.2	0.2	0.2	0.2	0.2	0.2	0.2	0.2	0.2	0.2	0.2	0.2	0.2	0.2	0.2
30
1	2	3	4	5	6	7	8	9	10	11	12	13	14	15	16	17	18	19	20	21	22	23	24	25	26	27	28	29	30
200	200	200	200	200	200	200	200	200	200	200	200	200	200	200	200	200	200	200	200	200	200	200	200	200	200	200	200	200	200
200	200	200	200	200	200	200	200	200	200	200	200	200	200	200	200	200	200	200	200	200	200	200	200	200	200	200	200	200	200
0.055	0.15	0.16	0.12	0.075	0.075	0.095	0.06	0.015	0.03	0.025	0.14
0.075	0.115	0.105	0.17	0.095	0.085	0.065	0.07	0.05	0.05	0.045	0.075
0.09	0.13	0.11	0.155	0.055	0.09	0.09	0.05	0.035	0.04	0.03	0.125
0.05	0.08	0.15	0.165	0.1	0.09	0.045	0.07	0.05	0.055	0.035	0.11
0.085	0.145	0.13	0.105	0.08	0.085	0.06	0.05	0.06	0.04	0.015	0.145
0.065	0.19	0.165	0.11	0.105	0.055	0.05	0.08	0.06	0.035	0.01	0.075
0.115	0.145	0.14	0.085	0.085	0.09	0.065	0.065	0.035	0.04	0.015	0.12
0.065	0.18	0.205	0.12	0.125	0.08	0.05	0.025	0.04	0.035	0.015	0.06
0.05	0.14	0.28	0.085	0.065	0.085	0.05	0.055	0.04	0.02	0.025	0.105
0.05	0.16	0.21	0.18	0.095	0.07	0.04	0.035	0.015	0.03	0.005	0.11
0.135	0.165	0.12	0.155	0.1	0.07	0.08	0.04	0.02	0.02	0.01	0.085
0.055	0.17	0.175	0.105	0.13	0.135	0.05	0.03	0.04	0.025	0.015	0.07
0.085	0.125	0.23	0.155	0.09	0.1	0.06	0.04	0.015	0.01	0.015	0.075
0.075	0.19	0.165	0.17	0.135	0.04	0.065	0.07	0.03	0.01	0.01	0.04
0.085	0.195	0.18	0.135	0.09	0.105	0.05	0.06	0.015	0.015	0.015	0.055
0.09	0.195	0.22	0.125	0.145	0.065	0.025	0.015	0.015	0.04	0	0.065
0.1	0.185	0.15	0.145	0.1	0.085	0.065	0.045	0.02	0.015	0.03	0.06
0.155	0.23	0.18	0.105	0.075	0.095	0.02	0.065	0.02	0.005	0.01	0.04
0.07	0.305	0.185	0.13	0.07	0.055	0.04	0.05	0.04	0.025	0.01	0.02
0.075	0.235	0.275	0.155	0.07	0.045	0.03	0.025	0.03	0.01	0.01	0.04
0.075	0.2	0.27	0.2	0.08	0.015	0.065	0.025	0.015	0.005	0.03	0.02
0.15	0.15	0.285	0.14	0.12	0.055	0.025	0.015	0.01	0.02	0.015	0.015
0.12	0.245	0.165	0.135	0.15	0.08	0.045	0.025	0.01	0	0	0.025
0.17	0.235	0.22	0.11	0.095	0.06	0.055	0.01	0.005	0.015	0.01	0.015
0.095	0.285	0.225	0.105	0.06	0.075	0.055	0.01	0.055	0.005	0.005	0.025
0.105	0.225	0.26	0.155	0.085	0.04	0.03	0.025	0.035	0.01	0.01	0.02
0.075	0.25	0.245	0.23	0.065	0.04	0.03	0.025	0.005	0.005	0.01	0.02
0.095	0.195	0.26	0.155	0.135	0.075	0.025	0.03	0.01	0.005	0.01	0.005
0.145	0.255	0.205	0.15	0.085	0.05	0.03	0.04	0.005	0.015	0.005	0.015
0.095	0.29	0.195	0.155	0.115	0.05	0.035	0.03	0.01	0.02	0	0.005
#######LANDINGS DATA#######
1
30
160.920648460595	460.730685404956	737.253831120051	965.868318820908	742.779842774513	1285.80141848887	1218.07565090185	2343.32744099786	1258.25148380296	1477.06089410483	1554.85790595303	1556.0638031255	1072.7320207035	1490.59774404234	1488.70676686769	1250.50851383195	2163.16843940916	1548.77266929522	1421.12296198546	1346.86038495459	1725.07067294809	1160.63238807881	1724.53366208661	1246.46802770511	1130.44860168609	988.486154188161	947.828689848216	1231.55783151409	884.58277982435	1230.71093445512
0.01	0.01	0.01	0.01	0.01	0.01	0.01	0.01	0.01	0.01	0.01	0.01	0.01	0.01	0.01	0.01	0.01	0.01	0.01	0.01	0.01	0.01	0.01	0.01	0.01	0.01	0.01	0.01	0.01	0.01
30
1	2	3	4	5	6	7	8	9	10	11	12	13	14	15	16	17	18	19	20	21	22	23	24	25	26	27	28	29	30
200	200	200	200	200	200	200	200	200	200	200	200	200	200	200	200	200	200	200	200	200	200	200	200	200	200	200	200	200	200
200	200	200	200	200	200	200	200	200	200	200	200	200	200	200	200	200	200	200	200	200	200	200	200	200	200	200	200	200	200
0.08	0.09	0.165	0.145	0.095	0.085	0.05	0.01	0.02	0.05	0.04	0.17
0.11	0.11	0.125	0.135	0.095	0.105	0.065	0.06	0.03	0.045	0.025	0.095
0.075	0.12	0.085	0.115	0.14	0.075	0.05	0.08	0.035	0.025	0.035	0.165
0.08	0.09	0.165	0.085	0.095	0.08	0.075	0.065	0.035	0.05	0.03	0.15
0.065	0.08	0.115	0.145	0.09	0.135	0.065	0.035	0.06	0.055	0.025	0.13
0.11	0.135	0.075	0.125	0.095	0.11	0.07	0.08	0.05	0.015	0.02	0.115
0.105	0.135	0.135	0.065	0.125	0.09	0.045	0.075	0.055	0.04	0.01	0.12
0.12	0.135	0.145	0.075	0.075	0.085	0.085	0.06	0.03	0.045	0.03	0.115
0.09	0.13	0.18	0.135	0.09	0.09	0.065	0.04	0.02	0.025	0.015	0.12
0.095	0.08	0.145	0.2	0.1	0.06	0.055	0.055	0.04	0.045	0.025	0.1
0.11	0.125	0.11	0.135	0.17	0.07	0.04	0.045	0.045	0.025	0.02	0.105
0.06	0.14	0.195	0.095	0.11	0.135	0.09	0.02	0.035	0.02	0.04	0.06
0.06	0.145	0.145	0.16	0.11	0.065	0.105	0.045	0.025	0.015	0.025	0.1
0.11	0.135	0.195	0.145	0.11	0.08	0.05	0.04	0.04	0.025	0.005	0.065
0.07	0.185	0.12	0.11	0.135	0.1	0.095	0.04	0.035	0.025	0.015	0.07
0.075	0.09	0.22	0.135	0.145	0.09	0.08	0.04	0.02	0.045	0.02	0.04
0.135	0.14	0.16	0.195	0.065	0.125	0.05	0.045	0.01	0.02	0.02	0.035
0.175	0.175	0.155	0.105	0.08	0.09	0.075	0.04	0.035	0.005	0.01	0.055
0.115	0.22	0.205	0.08	0.085	0.1	0.03	0.025	0.035	0.03	0.015	0.06
0.08	0.205	0.255	0.155	0.085	0.055	0.055	0.035	0.025	0.01	0.01	0.03
0.115	0.235	0.165	0.185	0.115	0.055	0.04	0.035	0.005	0.02	0.01	0.02
0.07	0.15	0.18	0.19	0.17	0.105	0.035	0.025	0.01	0.01	0.015	0.04
0.105	0.205	0.16	0.18	0.095	0.09	0.07	0.02	0.01	0.015	0.02	0.03
0.14	0.205	0.16	0.115	0.115	0.08	0.085	0.04	0.02	0.005	0.01	0.025
0.135	0.28	0.175	0.135	0.07	0.055	0.045	0.055	0.015	0.005	0.015	0.015
0.165	0.175	0.19	0.145	0.12	0.05	0.04	0.045	0.015	0.02	0.005	0.03
0.12	0.245	0.2	0.16	0.09	0.09	0.03	0.025	0.01	0.025	0	0.005
0.115	0.22	0.25	0.14	0.125	0.055	0.04	0.03	0.005	0.005	0.005	0.01
0.145	0.235	0.195	0.19	0.065	0.065	0.03	0.015	0.025	0.01	0.005	0.02
0.145	0.35	0.145	0.145	0.085	0.055	0.01	0.03	0.02	0.005	0	0.01
#######PARAMETER SECTION#######
800	400	1200	-4	800	-0.25	1
0.18	0.01	1	-4	0.18	-0.25	1
-1.36	-5	-0.001	-4	-1.36	-0.25	1
0.1	0.05	0.3	-4	0.1	-0.25	1
0.2	0.01	0.5	-4	0.2	-0.25	1
0.75	0.20001	1	-3	0.75	-0.25	1
13.815511	-1	200	1	13.815511	-0.25	1
0	-1	1	-4	0	-0.25	1
0.2	1e-04	1.2	-3	0.2	-0.25	1
0	-10	10	-6	0	-1	1
0	-10	10	-6	0	-1	1
2	0	12	2	2	-0.5	1
1	0	12	2	1	-0.5	1
2	0	12	-2	2	-0.5	1
1	0	12	-2	1	-0.5	1
1.5	0	12	2	1.5	-0.5	1
2	0	12	2	2	-0.5	1
-14.8633130748505	-30	5	1	-14.8633130748505	-1	1
1	0.1	2	-1	1	-1	1
-1.54399197800355	-10	1.39	1	-1.54399197800355	-1	1
#######DEV CONSTRAINTS and DEVS#######
-15	15	2
-15	15	2
-15	15	2
0	0	0	0	0	0	0	0	0	0	0	0	0	0	0	0	0	0	0	0	0	0	0	0	0	0	0	0	0	0
0	0	0	0	0	0	0	0	0	0	0	0	0	0	0	0	0	0	0	0	0	0	0	0	0	0	0	0	0	0
0	0	0	0	0	0	0	0	0	0	0
#######LIKELIHOOD WEIGHTS#######
1
1
1
1
0
1
0
0
0
#######MISCELLANEOUS STUFF SECTION#######
2.5e-08
3
0.5	0.5	0.5	0.5	0.5	0.5	0.5	0.5	0.5	0.5	0.5	0.5
0.0229773699100256	0.320821300824607	0.904650535100891	0.994779874306442	0.999738809680904	0.999986992871533	0.999999352405202	0.999999967758134	0.999999998394772	0.99999999992008	0.999999999996021	0.999999999999802
0.2	0.2	0.2	0.2	0.2	0.2	0.2	0.2	0.2	0.2	0.2	0.2
0
1
10
0.2
1
1	0	0	0	0	0	0	0	0	0	0	0
0	1	0	0	0	0	0	0	0	0	0	0
0	0	1	0	0	0	0	0	0	0	0	0
0	0	0	1	0	0	0	0	0	0	0	0
0	0	0	0	1	0	0	0	0	0	0	0
0	0	0	0	0	1	0	0	0	0	0	0
0	0	0	0	0	0	1	0	0	0	0	0
0	0	0	0	0	0	0	1	0	0	0	0
0	0	0	0	0	0	0	0	1	0	0	0
0	0	0	0	0	0	0	0	0	1	0	0
0	0	0	0	0	0	0	0	0	0	1	0
0	0	0	0	0	0	0	0	0	0	0	1
40
31
2
1
#######END OF DATA FILE#######
999
