# ASAP VERSION 3.0
#  
# Number of Years
30 
# First Year
1 
# Number of Ages
12 
# Number of Fleets
1 
# Number of Selectivity Blocks
1 
# Number of Available Survey Indices
1 
# Natural Mortality 
0.2 0.2 0.2 0.2 0.2 0.2 0.2 0.2 0.2 0.2 0.2 0.2
0.2 0.2 0.2 0.2 0.2 0.2 0.2 0.2 0.2 0.2 0.2 0.2
0.2 0.2 0.2 0.2 0.2 0.2 0.2 0.2 0.2 0.2 0.2 0.2
0.2 0.2 0.2 0.2 0.2 0.2 0.2 0.2 0.2 0.2 0.2 0.2
0.2 0.2 0.2 0.2 0.2 0.2 0.2 0.2 0.2 0.2 0.2 0.2
0.2 0.2 0.2 0.2 0.2 0.2 0.2 0.2 0.2 0.2 0.2 0.2
0.2 0.2 0.2 0.2 0.2 0.2 0.2 0.2 0.2 0.2 0.2 0.2
0.2 0.2 0.2 0.2 0.2 0.2 0.2 0.2 0.2 0.2 0.2 0.2
0.2 0.2 0.2 0.2 0.2 0.2 0.2 0.2 0.2 0.2 0.2 0.2
0.2 0.2 0.2 0.2 0.2 0.2 0.2 0.2 0.2 0.2 0.2 0.2
0.2 0.2 0.2 0.2 0.2 0.2 0.2 0.2 0.2 0.2 0.2 0.2
0.2 0.2 0.2 0.2 0.2 0.2 0.2 0.2 0.2 0.2 0.2 0.2
0.2 0.2 0.2 0.2 0.2 0.2 0.2 0.2 0.2 0.2 0.2 0.2
0.2 0.2 0.2 0.2 0.2 0.2 0.2 0.2 0.2 0.2 0.2 0.2
0.2 0.2 0.2 0.2 0.2 0.2 0.2 0.2 0.2 0.2 0.2 0.2
0.2 0.2 0.2 0.2 0.2 0.2 0.2 0.2 0.2 0.2 0.2 0.2
0.2 0.2 0.2 0.2 0.2 0.2 0.2 0.2 0.2 0.2 0.2 0.2
0.2 0.2 0.2 0.2 0.2 0.2 0.2 0.2 0.2 0.2 0.2 0.2
0.2 0.2 0.2 0.2 0.2 0.2 0.2 0.2 0.2 0.2 0.2 0.2
0.2 0.2 0.2 0.2 0.2 0.2 0.2 0.2 0.2 0.2 0.2 0.2
0.2 0.2 0.2 0.2 0.2 0.2 0.2 0.2 0.2 0.2 0.2 0.2
0.2 0.2 0.2 0.2 0.2 0.2 0.2 0.2 0.2 0.2 0.2 0.2
0.2 0.2 0.2 0.2 0.2 0.2 0.2 0.2 0.2 0.2 0.2 0.2
0.2 0.2 0.2 0.2 0.2 0.2 0.2 0.2 0.2 0.2 0.2 0.2
0.2 0.2 0.2 0.2 0.2 0.2 0.2 0.2 0.2 0.2 0.2 0.2
0.2 0.2 0.2 0.2 0.2 0.2 0.2 0.2 0.2 0.2 0.2 0.2
0.2 0.2 0.2 0.2 0.2 0.2 0.2 0.2 0.2 0.2 0.2 0.2
0.2 0.2 0.2 0.2 0.2 0.2 0.2 0.2 0.2 0.2 0.2 0.2
0.2 0.2 0.2 0.2 0.2 0.2 0.2 0.2 0.2 0.2 0.2 0.2
0.2 0.2 0.2 0.2 0.2 0.2 0.2 0.2 0.2 0.2 0.2 0.2
# Fecundity Option (0: multiply maturity by weight-at-age; 1: use maturity values directly)
0 
# Fraction of year that elapses prior to SSB calculation (0=Jan-1)
0 
# Maturity (devide maturity by 2 to include female fraction) 
0.011488685 0.16041065 0.45232527 0.497389935 0.499869405 0.499993495 0.499999675 0.499999985 0.5 0.5 0.5 0.5
0.011488685 0.16041065 0.45232527 0.497389935 0.499869405 0.499993495 0.499999675 0.499999985 0.5 0.5 0.5 0.5
0.011488685 0.16041065 0.45232527 0.497389935 0.499869405 0.499993495 0.499999675 0.499999985 0.5 0.5 0.5 0.5
0.011488685 0.16041065 0.45232527 0.497389935 0.499869405 0.499993495 0.499999675 0.499999985 0.5 0.5 0.5 0.5
0.011488685 0.16041065 0.45232527 0.497389935 0.499869405 0.499993495 0.499999675 0.499999985 0.5 0.5 0.5 0.5
0.011488685 0.16041065 0.45232527 0.497389935 0.499869405 0.499993495 0.499999675 0.499999985 0.5 0.5 0.5 0.5
0.011488685 0.16041065 0.45232527 0.497389935 0.499869405 0.499993495 0.499999675 0.499999985 0.5 0.5 0.5 0.5
0.011488685 0.16041065 0.45232527 0.497389935 0.499869405 0.499993495 0.499999675 0.499999985 0.5 0.5 0.5 0.5
0.011488685 0.16041065 0.45232527 0.497389935 0.499869405 0.499993495 0.499999675 0.499999985 0.5 0.5 0.5 0.5
0.011488685 0.16041065 0.45232527 0.497389935 0.499869405 0.499993495 0.499999675 0.499999985 0.5 0.5 0.5 0.5
0.011488685 0.16041065 0.45232527 0.497389935 0.499869405 0.499993495 0.499999675 0.499999985 0.5 0.5 0.5 0.5
0.011488685 0.16041065 0.45232527 0.497389935 0.499869405 0.499993495 0.499999675 0.499999985 0.5 0.5 0.5 0.5
0.011488685 0.16041065 0.45232527 0.497389935 0.499869405 0.499993495 0.499999675 0.499999985 0.5 0.5 0.5 0.5
0.011488685 0.16041065 0.45232527 0.497389935 0.499869405 0.499993495 0.499999675 0.499999985 0.5 0.5 0.5 0.5
0.011488685 0.16041065 0.45232527 0.497389935 0.499869405 0.499993495 0.499999675 0.499999985 0.5 0.5 0.5 0.5
0.011488685 0.16041065 0.45232527 0.497389935 0.499869405 0.499993495 0.499999675 0.499999985 0.5 0.5 0.5 0.5
0.011488685 0.16041065 0.45232527 0.497389935 0.499869405 0.499993495 0.499999675 0.499999985 0.5 0.5 0.5 0.5
0.011488685 0.16041065 0.45232527 0.497389935 0.499869405 0.499993495 0.499999675 0.499999985 0.5 0.5 0.5 0.5
0.011488685 0.16041065 0.45232527 0.497389935 0.499869405 0.499993495 0.499999675 0.499999985 0.5 0.5 0.5 0.5
0.011488685 0.16041065 0.45232527 0.497389935 0.499869405 0.499993495 0.499999675 0.499999985 0.5 0.5 0.5 0.5
0.011488685 0.16041065 0.45232527 0.497389935 0.499869405 0.499993495 0.499999675 0.499999985 0.5 0.5 0.5 0.5
0.011488685 0.16041065 0.45232527 0.497389935 0.499869405 0.499993495 0.499999675 0.499999985 0.5 0.5 0.5 0.5
0.011488685 0.16041065 0.45232527 0.497389935 0.499869405 0.499993495 0.499999675 0.499999985 0.5 0.5 0.5 0.5
0.011488685 0.16041065 0.45232527 0.497389935 0.499869405 0.499993495 0.499999675 0.499999985 0.5 0.5 0.5 0.5
0.011488685 0.16041065 0.45232527 0.497389935 0.499869405 0.499993495 0.499999675 0.499999985 0.5 0.5 0.5 0.5
0.011488685 0.16041065 0.45232527 0.497389935 0.499869405 0.499993495 0.499999675 0.499999985 0.5 0.5 0.5 0.5
0.011488685 0.16041065 0.45232527 0.497389935 0.499869405 0.499993495 0.499999675 0.499999985 0.5 0.5 0.5 0.5
0.011488685 0.16041065 0.45232527 0.497389935 0.499869405 0.499993495 0.499999675 0.499999985 0.5 0.5 0.5 0.5
0.011488685 0.16041065 0.45232527 0.497389935 0.499869405 0.499993495 0.499999675 0.499999985 0.5 0.5 0.5 0.5
0.011488685 0.16041065 0.45232527 0.497389935 0.499869405 0.499993495 0.499999675 0.499999985 0.5 0.5 0.5 0.5
# Number of Weights at Age Matrices
1 
# Weight Matrix - 1 (kg) 
0.5306555 1.1963283 2.0582654 3.0349873 4.0552124 5.0646975 6.0262262 6.9169206 7.7248909 8.4461128 9.0818532 9.636695
0.5306555 1.1963283 2.0582654 3.0349873 4.0552124 5.0646975 6.0262262 6.9169206 7.7248909 8.4461128 9.0818532 9.636695
0.5306555 1.1963283 2.0582654 3.0349873 4.0552124 5.0646975 6.0262262 6.9169206 7.7248909 8.4461128 9.0818532 9.636695
0.5306555 1.1963283 2.0582654 3.0349873 4.0552124 5.0646975 6.0262262 6.9169206 7.7248909 8.4461128 9.0818532 9.636695
0.5306555 1.1963283 2.0582654 3.0349873 4.0552124 5.0646975 6.0262262 6.9169206 7.7248909 8.4461128 9.0818532 9.636695
0.5306555 1.1963283 2.0582654 3.0349873 4.0552124 5.0646975 6.0262262 6.9169206 7.7248909 8.4461128 9.0818532 9.636695
0.5306555 1.1963283 2.0582654 3.0349873 4.0552124 5.0646975 6.0262262 6.9169206 7.7248909 8.4461128 9.0818532 9.636695
0.5306555 1.1963283 2.0582654 3.0349873 4.0552124 5.0646975 6.0262262 6.9169206 7.7248909 8.4461128 9.0818532 9.636695
0.5306555 1.1963283 2.0582654 3.0349873 4.0552124 5.0646975 6.0262262 6.9169206 7.7248909 8.4461128 9.0818532 9.636695
0.5306555 1.1963283 2.0582654 3.0349873 4.0552124 5.0646975 6.0262262 6.9169206 7.7248909 8.4461128 9.0818532 9.636695
0.5306555 1.1963283 2.0582654 3.0349873 4.0552124 5.0646975 6.0262262 6.9169206 7.7248909 8.4461128 9.0818532 9.636695
0.5306555 1.1963283 2.0582654 3.0349873 4.0552124 5.0646975 6.0262262 6.9169206 7.7248909 8.4461128 9.0818532 9.636695
0.5306555 1.1963283 2.0582654 3.0349873 4.0552124 5.0646975 6.0262262 6.9169206 7.7248909 8.4461128 9.0818532 9.636695
0.5306555 1.1963283 2.0582654 3.0349873 4.0552124 5.0646975 6.0262262 6.9169206 7.7248909 8.4461128 9.0818532 9.636695
0.5306555 1.1963283 2.0582654 3.0349873 4.0552124 5.0646975 6.0262262 6.9169206 7.7248909 8.4461128 9.0818532 9.636695
0.5306555 1.1963283 2.0582654 3.0349873 4.0552124 5.0646975 6.0262262 6.9169206 7.7248909 8.4461128 9.0818532 9.636695
0.5306555 1.1963283 2.0582654 3.0349873 4.0552124 5.0646975 6.0262262 6.9169206 7.7248909 8.4461128 9.0818532 9.636695
0.5306555 1.1963283 2.0582654 3.0349873 4.0552124 5.0646975 6.0262262 6.9169206 7.7248909 8.4461128 9.0818532 9.636695
0.5306555 1.1963283 2.0582654 3.0349873 4.0552124 5.0646975 6.0262262 6.9169206 7.7248909 8.4461128 9.0818532 9.636695
0.5306555 1.1963283 2.0582654 3.0349873 4.0552124 5.0646975 6.0262262 6.9169206 7.7248909 8.4461128 9.0818532 9.636695
0.5306555 1.1963283 2.0582654 3.0349873 4.0552124 5.0646975 6.0262262 6.9169206 7.7248909 8.4461128 9.0818532 9.636695
0.5306555 1.1963283 2.0582654 3.0349873 4.0552124 5.0646975 6.0262262 6.9169206 7.7248909 8.4461128 9.0818532 9.636695
0.5306555 1.1963283 2.0582654 3.0349873 4.0552124 5.0646975 6.0262262 6.9169206 7.7248909 8.4461128 9.0818532 9.636695
0.5306555 1.1963283 2.0582654 3.0349873 4.0552124 5.0646975 6.0262262 6.9169206 7.7248909 8.4461128 9.0818532 9.636695
0.5306555 1.1963283 2.0582654 3.0349873 4.0552124 5.0646975 6.0262262 6.9169206 7.7248909 8.4461128 9.0818532 9.636695
0.5306555 1.1963283 2.0582654 3.0349873 4.0552124 5.0646975 6.0262262 6.9169206 7.7248909 8.4461128 9.0818532 9.636695
0.5306555 1.1963283 2.0582654 3.0349873 4.0552124 5.0646975 6.0262262 6.9169206 7.7248909 8.4461128 9.0818532 9.636695
0.5306555 1.1963283 2.0582654 3.0349873 4.0552124 5.0646975 6.0262262 6.9169206 7.7248909 8.4461128 9.0818532 9.636695
0.5306555 1.1963283 2.0582654 3.0349873 4.0552124 5.0646975 6.0262262 6.9169206 7.7248909 8.4461128 9.0818532 9.636695
0.5306555 1.1963283 2.0582654 3.0349873 4.0552124 5.0646975 6.0262262 6.9169206 7.7248909 8.4461128 9.0818532 9.636695
# Weights at Age Pointers (Fleet 1-catch; Fleet 1-discard; catch-all fleets; discard-all; SSB; Jan-1 Biomass) 
1
1
1
1
1
1
# Fleet 1 Selectivity Block Assignment 
1
1
1
1
1
1
1
1
1
1
1
1
1
1
1
1
1
1
1
1
1
1
1
1
1
1
1
1
1
1
# Selectivity Options for each block 1=by age, 2=logisitic, 3=double logistic
2 
# Selectivity Block #1 Data (initial guess; phase; lambda; cv; a50 and slope) [slope = 1/slope'; a50 = a50'*slope'*slope] 
0 0 0 0
0 0 0 0
0 0 0 0
0 0 0 0
0 0 0 0
0 0 0 0
0 0 0 0
0 0 0 0
0 0 0 0
0 0 0 0
0 0 0 0
0 0 0 0
2 2 0 0.5
1 2 0 0.5
0 0 0 0
0 0 0 0
0 0 0 0
0 0 0 0
# Fleet Start Age
1 
# Fleet End Age
12 
# Age Range for Average F [common setting: first full selective age to max age]
6 12 
# Average F report option (1=unweighted, 2=Nweighted, 3=Bweighted)
1 
# Use Likelihood constants? (1=yes)
0 
# Release Mortality by Fleet
0 
# Fleet-1 Catch Data 
0.065 0.09 0.12 0.15 0.085 0.055 0.065 0.08 0.085 0.03 0.03 0.145 160.59753774824
0.08 0.115 0.16 0.11 0.115 0.065 0.105 0.04 0.03 0.03 0.05 0.1 457.949312620954
0.045 0.12 0.17 0.115 0.095 0.08 0.07 0.065 0.06 0.03 0.03 0.12 746.897634651141
0.06 0.115 0.175 0.18 0.08 0.12 0.05 0.045 0.05 0.035 0.02 0.07 973.762829865822
0.055 0.07 0.125 0.14 0.11 0.06 0.06 0.05 0.06 0.065 0.02 0.185 742.78368649895
0.065 0.105 0.08 0.13 0.155 0.09 0.075 0.035 0.04 0.04 0.01 0.175 1273.56301383091
0.09 0.12 0.1 0.13 0.09 0.13 0.105 0.055 0.02 0.045 0.03 0.085 1189.95562259026
0.06 0.14 0.135 0.105 0.075 0.105 0.085 0.035 0.055 0.035 0.03 0.14 2258.6674874961
0.16 0.125 0.155 0.095 0.1 0.075 0.055 0.07 0.055 0.015 0.01 0.085 1196.13228684805
0.115 0.15 0.125 0.11 0.105 0.095 0.035 0.07 0.04 0.03 0.025 0.1 1387.79260961035
0.04 0.16 0.23 0.13 0.115 0.085 0.045 0.015 0.02 0.035 0.03 0.095 1487.19034597937
0.135 0.1 0.2 0.155 0.105 0.105 0.04 0.015 0.015 0.01 0.035 0.085 1529.42039550926
0.08 0.14 0.145 0.17 0.165 0.08 0.055 0.03 0.025 0.005 0.04 0.065 1079.62051336255
0.07 0.115 0.14 0.16 0.145 0.125 0.035 0.06 0.025 0.02 0.02 0.085 1517.20199197799
0.12 0.19 0.125 0.15 0.125 0.09 0.08 0.015 0.025 0.01 0.015 0.055 1544.48908993944
0.1 0.175 0.135 0.14 0.135 0.08 0.035 0.055 0.035 0.04 0.02 0.05 1346.39049378704
0.09 0.16 0.185 0.17 0.075 0.06 0.07 0.065 0.055 0.015 0.01 0.045 2410.9849387728
0.07 0.17 0.21 0.19 0.105 0.085 0.05 0.04 0.04 0.005 0.01 0.025 1771.31690495965
0.14 0.175 0.18 0.145 0.165 0.06 0.06 0.025 0.02 0.005 0.02 0.005 1619.54324333731
0.14 0.185 0.11 0.125 0.14 0.085 0.075 0.035 0.015 0.025 0.015 0.05 1494.38030931618
0.11 0.18 0.28 0.115 0.105 0.06 0.07 0.025 0.015 0.03 0 0.01 1882.94048516119
0.165 0.135 0.195 0.15 0.09 0.055 0.05 0.045 0.045 0.01 0.01 0.05 1260.72630377949
0.15 0.195 0.17 0.185 0.1 0.045 0.04 0.03 0.015 0.015 0 0.055 1892.29280434237
0.14 0.205 0.23 0.14 0.095 0.075 0.05 0.015 0.005 0.01 0.01 0.025 1408.39685814961
0.115 0.11 0.265 0.185 0.145 0.05 0.05 0.025 0.005 0.025 0.005 0.02 1342.76616780722
0.07 0.215 0.21 0.21 0.085 0.065 0.065 0.005 0.03 0.01 0.015 0.02 1174.23819809839
0.13 0.155 0.215 0.2 0.13 0.07 0.03 0.025 0.02 0.015 0 0.01 1098.76598069852
0.135 0.195 0.125 0.19 0.105 0.105 0.07 0.02 0.025 0.005 0.01 0.015 1420.69680661213
0.215 0.165 0.21 0.095 0.115 0.1 0.04 0.025 0.015 0.005 0 0.015 988.670563746589
0.175 0.34 0.19 0.13 0.05 0.04 0.035 0.015 0.01 0.01 0 0.005 1398.83834909936
# Fleet-1 Discards Data 
0 0 0 0 0 0 0 0 0 0 0 0 0
0 0 0 0 0 0 0 0 0 0 0 0 0
0 0 0 0 0 0 0 0 0 0 0 0 0
0 0 0 0 0 0 0 0 0 0 0 0 0
0 0 0 0 0 0 0 0 0 0 0 0 0
0 0 0 0 0 0 0 0 0 0 0 0 0
0 0 0 0 0 0 0 0 0 0 0 0 0
0 0 0 0 0 0 0 0 0 0 0 0 0
0 0 0 0 0 0 0 0 0 0 0 0 0
0 0 0 0 0 0 0 0 0 0 0 0 0
0 0 0 0 0 0 0 0 0 0 0 0 0
0 0 0 0 0 0 0 0 0 0 0 0 0
0 0 0 0 0 0 0 0 0 0 0 0 0
0 0 0 0 0 0 0 0 0 0 0 0 0
0 0 0 0 0 0 0 0 0 0 0 0 0
0 0 0 0 0 0 0 0 0 0 0 0 0
0 0 0 0 0 0 0 0 0 0 0 0 0
0 0 0 0 0 0 0 0 0 0 0 0 0
0 0 0 0 0 0 0 0 0 0 0 0 0
0 0 0 0 0 0 0 0 0 0 0 0 0
0 0 0 0 0 0 0 0 0 0 0 0 0
0 0 0 0 0 0 0 0 0 0 0 0 0
0 0 0 0 0 0 0 0 0 0 0 0 0
0 0 0 0 0 0 0 0 0 0 0 0 0
0 0 0 0 0 0 0 0 0 0 0 0 0
0 0 0 0 0 0 0 0 0 0 0 0 0
0 0 0 0 0 0 0 0 0 0 0 0 0
0 0 0 0 0 0 0 0 0 0 0 0 0
0 0 0 0 0 0 0 0 0 0 0 0 0
0 0 0 0 0 0 0 0 0 0 0 0 0
# Fleet-1 Release Data 
0 0 0 0 0 0 0 0 0 0 0 0
0 0 0 0 0 0 0 0 0 0 0 0
0 0 0 0 0 0 0 0 0 0 0 0
0 0 0 0 0 0 0 0 0 0 0 0
0 0 0 0 0 0 0 0 0 0 0 0
0 0 0 0 0 0 0 0 0 0 0 0
0 0 0 0 0 0 0 0 0 0 0 0
0 0 0 0 0 0 0 0 0 0 0 0
0 0 0 0 0 0 0 0 0 0 0 0
0 0 0 0 0 0 0 0 0 0 0 0
0 0 0 0 0 0 0 0 0 0 0 0
0 0 0 0 0 0 0 0 0 0 0 0
0 0 0 0 0 0 0 0 0 0 0 0
0 0 0 0 0 0 0 0 0 0 0 0
0 0 0 0 0 0 0 0 0 0 0 0
0 0 0 0 0 0 0 0 0 0 0 0
0 0 0 0 0 0 0 0 0 0 0 0
0 0 0 0 0 0 0 0 0 0 0 0
0 0 0 0 0 0 0 0 0 0 0 0
0 0 0 0 0 0 0 0 0 0 0 0
0 0 0 0 0 0 0 0 0 0 0 0
0 0 0 0 0 0 0 0 0 0 0 0
0 0 0 0 0 0 0 0 0 0 0 0
0 0 0 0 0 0 0 0 0 0 0 0
0 0 0 0 0 0 0 0 0 0 0 0
0 0 0 0 0 0 0 0 0 0 0 0
0 0 0 0 0 0 0 0 0 0 0 0
0 0 0 0 0 0 0 0 0 0 0 0
0 0 0 0 0 0 0 0 0 0 0 0
0 0 0 0 0 0 0 0 0 0 0 0
# Aggregate Index Units (1: biomass; 2: number)
2 
# Age Proportion Index Units (1: biomass; 2: number)
2 
# Weight at Age Matrix
1 
# Index Month
1 
# Index Selectivity Link to Fleet
-1 
# Index Selectivity Options 1=by age, 2=logisitic, 3=double logistic
2 
# Index Start Age
1 
# Index End Age
12 
# Estimate Proportion (Yes=1)
1 
# Use Index (Yes=1)
1 
# Index-1 Selectivity Data (initial guess; phase; lambda; cv; a50 and slope) [slope = 1/slope'; a50 = a50'*slope'*slope] 
0 0 0 0
0 0 0 0
0 0 0 0
0 0 0 0
0 0 0 0
0 0 0 0
0 0 0 0
0 0 0 0
0 0 0 0
0 0 0 0
0 0 0 0
0 0 0 0
1.5 2 1 0.5
0.5 2 1 0.5
0 0 0 0
0 0 0 0
0 0 0 0
0 0 0 0
# Index-1 Data  
1 1.48470984142945 0.2 0.045 0.165 0.115 0.125 0.125 0.065 0.075 0.07 0.03 0.04 0.045 0.1 200
2 1.40634164233281 0.2 0.045 0.11 0.19 0.085 0.085 0.07 0.065 0.085 0.045 0.06 0.025 0.135 200
3 1.54484704280032 0.2 0.03 0.14 0.155 0.125 0.075 0.085 0.055 0.045 0.075 0.055 0.035 0.125 200
4 1.42236432074145 0.2 0.02 0.15 0.2 0.135 0.1 0.085 0.065 0.045 0.035 0.035 0.025 0.105 200
5 1.18607991350199 0.2 0.035 0.095 0.135 0.2 0.09 0.125 0.02 0.07 0.03 0.025 0.02 0.155 200
6 1.28023038808369 0.2 0.06 0.13 0.12 0.11 0.14 0.08 0.065 0.04 0.05 0.04 0.04 0.125 200
7 1.17511276836016 0.2 0.07 0.135 0.125 0.115 0.08 0.11 0.075 0.09 0.015 0.025 0.03 0.13 200
8 1.11452307789477 0.2 0.09 0.13 0.215 0.1 0.075 0.07 0.05 0.065 0.04 0 0.02 0.145 200
9 1.08677230939384 0.2 0.15 0.12 0.195 0.11 0.065 0.05 0.065 0.08 0.045 0.015 0 0.105 200
10 1.27722712371643 0.2 0.115 0.26 0.095 0.19 0.05 0.04 0.05 0.02 0.07 0.01 0.025 0.075 200
11 1.34113793988163 0.2 0.1 0.16 0.28 0.1 0.115 0.04 0.03 0.02 0.03 0.035 0.01 0.08 200
12 1.19332071780632 0.2 0.105 0.15 0.21 0.15 0.065 0.09 0.035 0.025 0.025 0.02 0.03 0.095 200
13 1.18168272329095 0.2 0.055 0.18 0.18 0.17 0.14 0.065 0.06 0.03 0.02 0.02 0.02 0.06 200
14 1.07293457836535 0.2 0.07 0.145 0.195 0.16 0.07 0.14 0.045 0.05 0.035 0.01 0.02 0.06 200
15 1.15728281022024 0.2 0.095 0.185 0.15 0.125 0.125 0.08 0.1 0.025 0.035 0.015 0.01 0.055 200
16 1.20044085701097 0.2 0.1 0.27 0.165 0.115 0.115 0.045 0.04 0.05 0.025 0.015 0.015 0.045 200
17 0.929627790485128 0.2 0.075 0.255 0.23 0.11 0.115 0.04 0.055 0.02 0.045 0.01 0.015 0.03 200
18 0.994917619294093 0.2 0.095 0.195 0.155 0.205 0.1 0.08 0.065 0.035 0.015 0.01 0.005 0.04 200
19 0.959691305584829 0.2 0.09 0.21 0.145 0.12 0.13 0.11 0.05 0.04 0.025 0.02 0.005 0.055 200
20 0.752031363939306 0.2 0.115 0.255 0.21 0.11 0.095 0.075 0.04 0.025 0.03 0.005 0.005 0.035 200
21 0.804197755092816 0.2 0.1 0.195 0.25 0.145 0.105 0.07 0.035 0.055 0.01 0.01 0.005 0.02 200
22 0.739193023050263 0.2 0.08 0.26 0.19 0.17 0.08 0.07 0.045 0.035 0.02 0.025 0.01 0.015 200
23 0.904110714741985 0.2 0.15 0.25 0.205 0.155 0.09 0.04 0.025 0.04 0.025 0 0.005 0.015 200
24 0.630869309545502 0.2 0.18 0.225 0.225 0.13 0.095 0.07 0.03 0.015 0.01 0.02 0 0 200
25 0.77026373403308 0.2 0.13 0.27 0.22 0.185 0.06 0.025 0.03 0.04 0.01 0.01 0 0.02 200
26 0.585464800021291 0.2 0.065 0.27 0.22 0.17 0.145 0.04 0.035 0.035 0.01 0 0.005 0.005 200
27 0.65984793111918 0.2 0.125 0.15 0.25 0.165 0.125 0.09 0.04 0.015 0.02 0.005 0.01 0.005 200
28 0.536096701869541 0.2 0.12 0.235 0.165 0.155 0.095 0.095 0.05 0.03 0.005 0.02 0.005 0.025 200
29 0.47476532368585 0.2 0.125 0.175 0.25 0.13 0.105 0.085 0.065 0.035 0.015 0.005 0 0.01 200
30 0.549737169586165 0.2 0.11 0.315 0.195 0.14 0.105 0.04 0.035 0.025 0.01 0.01 0.015 0 200
# Phase for F mult in 1st Year
1 
# Phase for F mult Deviations
2 
# Phase for Recruitment Deviations
2 
# Phase for N in 1st Year (common setting is 2)
2 
# Phase for Catchability in 1st Year (common setting is 1)
1 
# Phase for Catchability Deviations
-5 
# Phase for Stock Recruitment Relationship (R0)
1 
# Phase for Steepness
-3 
# Recruitment CV by Year [sqrt(exp(sd^2)-1)] 
0.20201676710706
0.20201676710706
0.20201676710706
0.20201676710706
0.20201676710706
0.20201676710706
0.20201676710706
0.20201676710706
0.20201676710706
0.20201676710706
0.20201676710706
0.20201676710706
0.20201676710706
0.20201676710706
0.20201676710706
0.20201676710706
0.20201676710706
0.20201676710706
0.20201676710706
0.20201676710706
0.20201676710706
0.20201676710706
0.20201676710706
0.20201676710706
0.20201676710706
0.20201676710706
0.20201676710706
0.20201676710706
0.20201676710706
0.20201676710706
# Lambdas by Index
1 
# Lambda for Total Catch in Weight by Fleet
1 
# Lambda for Total Discards at Age by Fleet
0 
# Catch Total CV by Year and Fleet 
0.01
0.01
0.01
0.01
0.01
0.01
0.01
0.01
0.01
0.01
0.01
0.01
0.01
0.01
0.01
0.01
0.01
0.01
0.01
0.01
0.01
0.01
0.01
0.01
0.01
0.01
0.01
0.01
0.01
0.01
# Discard Total CV by Year and Fleet 
0
0
0
0
0
0
0
0
0
0
0
0
0
0
0
0
0
0
0
0
0
0
0
0
0
0
0
0
0
0
# Catch Effective Sample Size by Year and Fleet 
200
200
200
200
200
200
200
200
200
200
200
200
200
200
200
200
200
200
200
200
200
200
200
200
200
200
200
200
200
200
# Discard Effective Sample Size by Year and Fleet 
0
0
0
0
0
0
0
0
0
0
0
0
0
0
0
0
0
0
0
0
0
0
0
0
0
0
0
0
0
0
# Lambda for F Mult in First year by Fleet (0)
0 
# CV for F Mult in First year by Fleet
1 
# Lambda for F Mult Deviations by Fleet
0 
# CV for F Mult Deviations by Fleet
1 
# Lambda for N in 1st Year Deviations
0 
# CV for N in 1st Year Deviations
1 
# Lambda for Recruitment Deviations
1 
# Lambda for Catchability in First year by Index
0 
# CV for Catchability in First year by Index
1 
# Lambda for Catchability Deviations by Index
0 
# CV for Catchability Deviations by Index
1 
# Lambda for Deviation from Initial Steepness
0 
# CV for Deviation from Initial Steepness
1 
# Lambda for Deviation from Unexploited Stock Size
0 
# CV for Deviation from Unexploited Stock Size
1 
# NAA Deviations Flag (1:deviations are from exponential decline; 2: deviations are from initial guesses)
1 
# Initial Numbers at Age in 1st Year [N'/1000]
1000 818.7308 670.32 548.8116 449.329 367.8794 301.1942 246.597 201.8965 165.2989 135.3353 611.2629 
# Initial F Mult in 1st Year by Fleet (common setting is 0.2)
0.009459165 
# Initial Catchabilty by Index [q'/1000]
0.0003360612 
# Stock Recruitment Flag (0: unexploited ssb; 1: unexploited recruitment)
1 
# Initial Unexploited Stock [R0'/1000]
1000 
# Initial Steepness
0.75 
# Maximum F
4 
# Ignore Guesses (Yes=1)
0 
# Do Projections (Yes=1)
0 
# Fleet Directed Flag
1 
# Final Year in Projection
31 
# Projection Data by Year 
31 -1 3 -99 1
# Do MCMC (Yes=1)
0 
# MCMC Year Option (0:Use final year in stock; 1: use final year plus one)
1 
# MCMC Iterations
1000 
# MCMC Thinning Factor
200 
# MCMC Random Seed
657483 
# Agepro R Option (0:use numbers at age; 1: use stock recruitment relationship; 2: use geometric mean of previous years)
0 
# Agepro R Option Start Year
1 
# Agepro R Option End Year
30 
# Export R Flag
1 
# Test Value
-23456 
######
###### FINIS ######
# Fleet Names
#$FISHERY1
# Survey Names
#$SURVEY1
#
