# Number of parameters = 77  Objective function value = 26335.3  Maximum gradient component = 0.00383283
# sel_params[1]:
2.02800010755
# sel_params[2]:
0.933394662754
# log_Fmult_year1:
 -4.67181285903
# log_Fmult_devs:
 1.05549152411 0.507983131164 0.297163205478 -0.232544487492 0.595321573637 0.00618387873597 0.749452962693 -0.535572459514 0.196979083639 0.111440483998 0.0701798397659 -0.322052302696 0.369365946953 0.0699122345284 -0.101912903125 0.662024638804 -0.187035751648 0.000201778127160 -0.00607015344657 0.328160232490 -0.319734846095 0.488002504409 -0.198386379396 -0.000842853340819 -0.0907850835869 -0.0212948727467 0.367398528820 -0.255845152284 0.440168254026
# log_recruit_devs:
 0.0412183855347 0.215415037717 -0.108049282768 -0.341823851008 -0.282914904628 -0.143847745478 0.0804430301638 -0.194422664784 0.374315455787 0.136550388886 0.00796899855077 0.0678886725258 -0.0889528942915 0.0687500865024 0.274697464357 0.105050376337 -0.0743478478167 -0.0888405671466 0.140319646635 0.0351573228800 -0.00954377850642 0.152234046079 0.187131019012 0.0280644858555 -0.00980796778123 -0.431007349709 -0.113823552593 -0.234703414872 0.195543307537 0.0113380970229
# log_N_year1_devs:
 0.0687409053761 -0.260250228631 -0.0174608582621 -0.0853934774346 -0.0648951721337 0.0394841955637 0.0545173187406 0.115036801075 -0.00671038476504 0.0846548944294 -0.239207037275
# log_q_year1:
 -7.98170221946
# log_q_devs:
 0.00000000000 0.00000000000 0.00000000000 0.00000000000 0.00000000000 0.00000000000 0.00000000000 0.00000000000 0.00000000000 0.00000000000 0.00000000000 0.00000000000 0.00000000000 0.00000000000 0.00000000000 0.00000000000 0.00000000000 0.00000000000 0.00000000000 0.00000000000 0.00000000000 0.00000000000 0.00000000000 0.00000000000 0.00000000000 0.00000000000 0.00000000000 0.00000000000 0.00000000000
# index_sel_params[1]:
1.52726712650
# index_sel_params[2]:
0.515997886202
# log_SR_scaler:
6.95601704132
# SR_steepness:
0.750000000000
