#styr												
1
#endyr												
30
#rec_age										
1															
#n_ages										
12
# numbers of length intervals
81
#Length	bin
10	11	12	13	14	15	16	17	18	19	20	21	22	23	24	25	26	27	28	29	30	31	32	33	34	35	36	37	38	39	40	41	42	43	44	45	46	47	48	49	50	51	52	53	54	55	56	57	58	59	60	61	62	63	64	65	66	67	68	69	70	71	72	73	74	75	76	77	78	79	80	81	82	83	84	85	86	87	88	89	90
#nfsh
1
#names_fsh
FLEET1												
#catch												
161.163238735359	459.775711037073	743.985943039381	962.133402780912	741.209261755032	1277.88700103897	1218.52030810367	2367.41288326453	1258.78587355564	1472.85371921941	1589.0773290578	1593.60545965391	1109.32678237759	1546.31141360713	1537.98356901536	1332.37429319369	2346.19659831401	1656.53784424902	1491.11212406856	1362.84863481306	1724.51065153612	1123.61175733125	1657.58716366112	1178.79300974961	1103.07349951737	1019.30781083893	1035.85273224266	1432.89416339608	1040.18225512955	1470.35881919745
#catch_cv											
0.01	0.01	0.01	0.01	0.01	0.01	0.01	0.01	0.01	0.01	0.01	0.01	0.01	0.01	0.01	0.01	0.01	0.01	0.01	0.01	0.01	0.01	0.01	0.01	0.01	0.01	0.01	0.01	0.01	0.01
#n_ages_fsh								
30		
#n_lengths_fsh								
0															
#yrs_ages_fsh								
1	2	3	4	5	6	7	8	9	10	11	12	13	14	15	16	17	18	19	20	21	22	23	24	25	26	27	28	29	30	
#sample_ages_fsh							
200	200	200	200	200	200	200	200	200	200	200	200	200	200	200	200	200	200	200	200	200	200	200	200	200	200	200	200	200	200
#page_fsh	2	3	4	5	6	7	8	9	10	11						
0.035	0.105	0.115	0.115	0.13	0.095	0.135	0.03	0.04	0.03	0.055	0.115
0.06	0.08	0.12	0.11	0.12	0.1	0.065	0.055	0.06	0.045	0.045	0.14
0.045	0.095	0.17	0.155	0.14	0.095	0.05	0.055	0.025	0.05	0.035	0.085
0.065	0.12	0.11	0.15	0.085	0.085	0.06	0.075	0.055	0.045	0.025	0.125
0.075	0.085	0.095	0.13	0.105	0.09	0.045	0.085	0.05	0.065	0.02	0.155
0.085	0.14	0.135	0.115	0.1	0.1	0.04	0.055	0.04	0.05	0.02	0.12
0.06	0.165	0.18	0.135	0.125	0.065	0.07	0.03	0.04	0.045	0.005	0.08
0.105	0.115	0.115	0.11	0.09	0.08	0.07	0.055	0.045	0.025	0.03	0.16
0.1	0.205	0.105	0.125	0.115	0.1	0.03	0.03	0.03	0.025	0.01	0.125
0.065	0.125	0.21	0.115	0.115	0.095	0.065	0.065	0.025	0.03	0.01	0.08
0.085	0.135	0.105	0.15	0.055	0.13	0.095	0.03	0.04	0.015	0.01	0.15
0.08	0.16	0.195	0.135	0.14	0.05	0.045	0.065	0.025	0.02	0.015	0.07
0.08	0.1	0.17	0.215	0.105	0.09	0.035	0.04	0.035	0.025	0.02	0.085
0.075	0.13	0.155	0.155	0.14	0.09	0.065	0.05	0.02	0.02	0.04	0.06
0.095	0.16	0.15	0.13	0.125	0.1	0.075	0.045	0.02	0.005	0.025	0.07
0.11	0.155	0.16	0.125	0.1	0.125	0.065	0.055	0.02	0.01	0.015	0.06
0.09	0.16	0.175	0.145	0.14	0.07	0.065	0.04	0.025	0.02	0.01	0.06
0.1	0.165	0.18	0.135	0.125	0.075	0.03	0.05	0.045	0.025	0.015	0.055
0.205	0.115	0.185	0.115	0.12	0.095	0.045	0.025	0.02	0.03	0.01	0.035
0.13	0.205	0.15	0.11	0.085	0.115	0.065	0.015	0.02	0.03	0.015	0.06
0.1	0.125	0.24	0.115	0.13	0.1	0.06	0.04	0.025	0.005	0.015	0.045
0.115	0.155	0.185	0.175	0.09	0.105	0.04	0.04	0.055	0.005	0.005	0.03
0.165	0.145	0.165	0.17	0.08	0.075	0.08	0.04	0.025	0.025	0.01	0.02
0.16	0.24	0.16	0.105	0.14	0.085	0.035	0.02	0.01	0.02	0.005	0.02
0.225	0.24	0.17	0.095	0.11	0.035	0.035	0.04	0.01	0.02	0.01	0.01
0.145	0.26	0.26	0.13	0.07	0.045	0.025	0.035	0.01	0.01	0.005	0.005
0.13	0.2	0.305	0.15	0.085	0.025	0.035	0.025	0.01	0.01	0.01	0.015
0.14	0.2	0.185	0.26	0.105	0.055	0.015	0.015	0.005	0.01	0.005	0.005
0.135	0.17	0.235	0.21	0.11	0.07	0.025	0.01	0.015	0.01	0	0.01
0.18	0.18	0.195	0.15	0.12	0.08	0.05	0.01	0.01	0.015	0.005	0.005
#wt_age_fsh	1 2	3	4	5	6	7	8	9	10	11						
0.000530656	0.001196328	0.002058265	0.003034987	0.004055212	0.005064698	0.006026226	0.006916921	0.007724891	0.008446113	0.009081853	0.009636695
0.000530656	0.001196328	0.002058265	0.003034987	0.004055212	0.005064698	0.006026226	0.006916921	0.007724891	0.008446113	0.009081853	0.009636695
0.000530656	0.001196328	0.002058265	0.003034987	0.004055212	0.005064698	0.006026226	0.006916921	0.007724891	0.008446113	0.009081853	0.009636695
0.000530656	0.001196328	0.002058265	0.003034987	0.004055212	0.005064698	0.006026226	0.006916921	0.007724891	0.008446113	0.009081853	0.009636695
0.000530656	0.001196328	0.002058265	0.003034987	0.004055212	0.005064698	0.006026226	0.006916921	0.007724891	0.008446113	0.009081853	0.009636695
0.000530656	0.001196328	0.002058265	0.003034987	0.004055212	0.005064698	0.006026226	0.006916921	0.007724891	0.008446113	0.009081853	0.009636695
0.000530656	0.001196328	0.002058265	0.003034987	0.004055212	0.005064698	0.006026226	0.006916921	0.007724891	0.008446113	0.009081853	0.009636695
0.000530656	0.001196328	0.002058265	0.003034987	0.004055212	0.005064698	0.006026226	0.006916921	0.007724891	0.008446113	0.009081853	0.009636695
0.000530656	0.001196328	0.002058265	0.003034987	0.004055212	0.005064698	0.006026226	0.006916921	0.007724891	0.008446113	0.009081853	0.009636695
0.000530656	0.001196328	0.002058265	0.003034987	0.004055212	0.005064698	0.006026226	0.006916921	0.007724891	0.008446113	0.009081853	0.009636695
0.000530656	0.001196328	0.002058265	0.003034987	0.004055212	0.005064698	0.006026226	0.006916921	0.007724891	0.008446113	0.009081853	0.009636695
0.000530656	0.001196328	0.002058265	0.003034987	0.004055212	0.005064698	0.006026226	0.006916921	0.007724891	0.008446113	0.009081853	0.009636695
0.000530656	0.001196328	0.002058265	0.003034987	0.004055212	0.005064698	0.006026226	0.006916921	0.007724891	0.008446113	0.009081853	0.009636695
0.000530656	0.001196328	0.002058265	0.003034987	0.004055212	0.005064698	0.006026226	0.006916921	0.007724891	0.008446113	0.009081853	0.009636695
0.000530656	0.001196328	0.002058265	0.003034987	0.004055212	0.005064698	0.006026226	0.006916921	0.007724891	0.008446113	0.009081853	0.009636695
0.000530656	0.001196328	0.002058265	0.003034987	0.004055212	0.005064698	0.006026226	0.006916921	0.007724891	0.008446113	0.009081853	0.009636695
0.000530656	0.001196328	0.002058265	0.003034987	0.004055212	0.005064698	0.006026226	0.006916921	0.007724891	0.008446113	0.009081853	0.009636695
0.000530656	0.001196328	0.002058265	0.003034987	0.004055212	0.005064698	0.006026226	0.006916921	0.007724891	0.008446113	0.009081853	0.009636695
0.000530656	0.001196328	0.002058265	0.003034987	0.004055212	0.005064698	0.006026226	0.006916921	0.007724891	0.008446113	0.009081853	0.009636695
0.000530656	0.001196328	0.002058265	0.003034987	0.004055212	0.005064698	0.006026226	0.006916921	0.007724891	0.008446113	0.009081853	0.009636695
0.000530656	0.001196328	0.002058265	0.003034987	0.004055212	0.005064698	0.006026226	0.006916921	0.007724891	0.008446113	0.009081853	0.009636695
0.000530656	0.001196328	0.002058265	0.003034987	0.004055212	0.005064698	0.006026226	0.006916921	0.007724891	0.008446113	0.009081853	0.009636695
0.000530656	0.001196328	0.002058265	0.003034987	0.004055212	0.005064698	0.006026226	0.006916921	0.007724891	0.008446113	0.009081853	0.009636695
0.000530656	0.001196328	0.002058265	0.003034987	0.004055212	0.005064698	0.006026226	0.006916921	0.007724891	0.008446113	0.009081853	0.009636695
0.000530656	0.001196328	0.002058265	0.003034987	0.004055212	0.005064698	0.006026226	0.006916921	0.007724891	0.008446113	0.009081853	0.009636695
0.000530656	0.001196328	0.002058265	0.003034987	0.004055212	0.005064698	0.006026226	0.006916921	0.007724891	0.008446113	0.009081853	0.009636695
0.000530656	0.001196328	0.002058265	0.003034987	0.004055212	0.005064698	0.006026226	0.006916921	0.007724891	0.008446113	0.009081853	0.009636695
0.000530656	0.001196328	0.002058265	0.003034987	0.004055212	0.005064698	0.006026226	0.006916921	0.007724891	0.008446113	0.009081853	0.009636695
0.000530656	0.001196328	0.002058265	0.003034987	0.004055212	0.005064698	0.006026226	0.006916921	0.007724891	0.008446113	0.009081853	0.009636695
0.000530656	0.001196328	0.002058265	0.003034987	0.004055212	0.005064698	0.006026226	0.006916921	0.007724891	0.008446113	0.009081853	0.009636695
#nind
1
#ind_names									
SURVEY1									
#nobs_ind
30
#yrs_ind											
1	2	3	4	5	6	7	8	9	10	11	12	13	14	15	16	17	18	19	20	21	22	23	24	25	26	27	28	29	30	
#month_ind										
1															
#biom_ind											
1.45205171927762	1.47789625087899	1.55746996852801	1.45261250135726	1.39467241987287	1.50830525384609	1.50235195599645	1.36907596432651	1.30229876870567	1.00205501165729	1.20387660159324	1.12904580287526	1.21331694151586	1.02665857180042	0.919862311223658	0.921874729283506	0.825774447513291	0.795439155221764	0.778424061848647	0.88488227453787	0.744308607022105	0.634882210622066	0.603212078673137	0.589085584852372	0.59578978336457	0.587999906074189	0.621191021802152	0.561095562469755	0.619999868421559	0.581846056145973
#biom_cv																
0.290410343855523	0.295579250175799	0.311493993705601	0.290522500271451	0.278934483974575	0.301661050769217	0.30047039119929	0.273815192865301	0.260459753741135	0.200411002331457	0.240775320318649	0.225809160575052	0.242663388303172	0.205331714360085	0.183972462244732	0.184374945856701	0.165154889502658	0.159087831044353	0.155684812369729	0.176976454907574	0.148861721404421	0.126976442124413	0.120642415734627	0.117817116970474	0.119157956672914	0.117599981214838	0.12423820436043	0.112219112493951	0.123999973684312	0.116369211229195
#n_ages_ind															
30			
#n_lengths_ind															
0															
#yrs_ages_ind															
1	2	3	4	5	6	7	8	9	10	11	12	13	14	15	16	17	18	19	20	21	22	23	24	25	26	27	28	29	30	
#sample_ages_ind					
200	200	200	200	200	200	200	200	200	200	200	200	200	200	200	200	200	200	200	200	200	200	200	200	200	200	200	200	200	200
#page_ind						
0.055	0.1	0.175	0.16	0.085	0.085	0.085	0.06	0.045	0.02	0.025	0.105
0.06	0.2	0.115	0.115	0.085	0.08	0.06	0.04	0.075	0.035	0.02	0.115
0.07	0.145	0.13	0.15	0.08	0.07	0.055	0.055	0.02	0.015	0.05	0.16
0.065	0.14	0.16	0.15	0.105	0.05	0.05	0.05	0.04	0.03	0.025	0.135
0.09	0.16	0.155	0.105	0.085	0.095	0.055	0.045	0.045	0.025	0.05	0.09
0.05	0.195	0.145	0.16	0.05	0.075	0.055	0.065	0.035	0.05	0.035	0.085
0.085	0.17	0.195	0.1	0.07	0.08	0.065	0.035	0.04	0.04	0.01	0.11
0.07	0.145	0.195	0.14	0.105	0.045	0.06	0.045	0.045	0.005	0.015	0.13
0.08	0.24	0.135	0.13	0.14	0.055	0.065	0.015	0.025	0.025	0.02	0.07
0.11	0.17	0.2	0.115	0.08	0.085	0.055	0.04	0.025	0.03	0.015	0.075
0.08	0.135	0.23	0.155	0.12	0.07	0.065	0.035	0.02	0.03	0	0.06
0.075	0.125	0.22	0.13	0.105	0.095	0.06	0.055	0.02	0.03	0.03	0.055
0.075	0.19	0.19	0.14	0.09	0.07	0.055	0.04	0.03	0.015	0.01	0.095
0.11	0.115	0.145	0.18	0.145	0.085	0.09	0.035	0.03	0.03	0.015	0.02
0.09	0.235	0.175	0.12	0.12	0.085	0.07	0.04	0.025	0.01	0.005	0.025
0.085	0.2	0.22	0.13	0.09	0.06	0.045	0.055	0.03	0.015	0.005	0.065
0.075	0.16	0.215	0.225	0.06	0.09	0.03	0.06	0.005	0.035	0.01	0.035
0.085	0.165	0.215	0.135	0.115	0.055	0.045	0.04	0.04	0.025	0.02	0.06
0.1	0.205	0.22	0.145	0.09	0.055	0.04	0.055	0.02	0.02	0.01	0.04
0.095	0.265	0.17	0.135	0.1	0.075	0.03	0.04	0.01	0.015	0.035	0.03
0.065	0.205	0.285	0.15	0.095	0.045	0.045	0.04	0.015	0.01	0.01	0.035
0.065	0.235	0.2	0.18	0.115	0.04	0.04	0.035	0.005	0.01	0.015	0.06
0.13	0.24	0.14	0.13	0.155	0.06	0.065	0.015	0.025	0.01	0	0.03
0.135	0.215	0.2	0.145	0.1	0.085	0.035	0.015	0.03	0.025	0.005	0.01
0.18	0.25	0.215	0.095	0.09	0.045	0.045	0.025	0.005	0.015	0.005	0.03
0.14	0.265	0.265	0.145	0.045	0.055	0.04	0.025	0.015	0	0.005	0
0.135	0.245	0.305	0.14	0.065	0.005	0.035	0.02	0.03	0	0	0.02
0.105	0.26	0.3	0.145	0.075	0.05	0.03	0.005	0.01	0.01	0.01	0
0.15	0.23	0.185	0.17	0.14	0.06	0.02	0.015	0.005	0.015	0	0.01
0.165	0.22	0.15	0.2	0.12	0.06	0.045	0.02	0.01	0.005	0	0.005
#wt_age_ind						
1 1 1 1 1 1 1 1 1 1 1 1 
1 1 1 1 1 1 1 1 1 1 1 1 
1 1 1 1 1 1 1 1 1 1 1 1 
1 1 1 1 1 1 1 1 1 1 1 1 
1 1 1 1 1 1 1 1 1 1 1 1 
1 1 1 1 1 1 1 1 1 1 1 1 
1 1 1 1 1 1 1 1 1 1 1 1 
1 1 1 1 1 1 1 1 1 1 1 1 
1 1 1 1 1 1 1 1 1 1 1 1 
1 1 1 1 1 1 1 1 1 1 1 1 
1 1 1 1 1 1 1 1 1 1 1 1 
1 1 1 1 1 1 1 1 1 1 1 1 
1 1 1 1 1 1 1 1 1 1 1 1 
1 1 1 1 1 1 1 1 1 1 1 1 
1 1 1 1 1 1 1 1 1 1 1 1 
1 1 1 1 1 1 1 1 1 1 1 1 
1 1 1 1 1 1 1 1 1 1 1 1 
1 1 1 1 1 1 1 1 1 1 1 1 
1 1 1 1 1 1 1 1 1 1 1 1 
1 1 1 1 1 1 1 1 1 1 1 1 
1 1 1 1 1 1 1 1 1 1 1 1 
1 1 1 1 1 1 1 1 1 1 1 1 
1 1 1 1 1 1 1 1 1 1 1 1 
1 1 1 1 1 1 1 1 1 1 1 1 
1 1 1 1 1 1 1 1 1 1 1 1 
1 1 1 1 1 1 1 1 1 1 1 1 
1 1 1 1 1 1 1 1 1 1 1 1 
1 1 1 1 1 1 1 1 1 1 1 1 
1 1 1 1 1 1 1 1 1 1 1 1 
1 1 1 1 1 1 1 1 1 1 1 1 
# wt_pop
0.000530656	0.001196328	0.002058265	0.003034987	0.004055212	0.005064698	0.006026226	0.006916921	0.007724891	0.008446113	0.009081853	0.009636695
#maturity
0.02297737 0.32082130 0.90465054 0.99477987 0.99973881 0.99998699 0.99999935 0.99999997 1 1 1 1
#spmonth						
1		
#age_err						
1	0	0	0	0	0	0	0	0	0	0	0
0	1	0	0	0	0	0	0	0	0	0	0
0	0	1	0	0	0	0	0	0	0	0	0
0	0	0	1	0	0	0	0	0	0	0	0
0	0	0	0	1	0	0	0	0	0	0	0
0	0	0	0	0	1	0	0	0	0	0	0
0	0	0	0	0	0	1	0	0	0	0	0
0	0	0	0	0	0	0	1	0	0	0	0
0	0	0	0	0	0	0	0	1	0	0	0
0	0	0	0	0	0	0	0	0	1	0	0
0	0	0	0	0	0	0	0	0	0	1	0
0	0	0	0	0	0	0	0	0	0	0	1																														
