# Number of parameters = 77  Objective function value = 25660.0  Maximum gradient component = 0.00656183
# sel_params[1]:
2.03374865654
# sel_params[2]:
1.01041395507
# log_Fmult_year1:
 -4.68575766899
# log_Fmult_devs:
 1.05550330604 0.493700217892 0.288078458770 -0.227975843920 0.600109622197 0.0148672798714 0.763974914366 -0.535955003975 0.195247867105 0.136049459217 0.0668637260412 -0.328613332556 0.374682791652 0.0716263977610 -0.108153285435 0.669506591950 -0.217383032626 -0.0141353066615 -0.00870945926192 0.352613257373 -0.319148112285 0.520426728941 -0.165655564394 0.00712969967413 -0.0730426492565 -0.00763261165668 0.357264978794 -0.237511630747 0.477379315123
# log_recruit_devs:
 -0.0279595573285 -0.333839093730 -0.532715022946 -0.564462797127 0.789410811177 0.608839379498 0.190638645277 0.181125623795 -0.0242324315346 0.508669583575 -0.0761853589599 -0.378632557700 -0.358772647496 0.242343659883 -0.146666524256 0.530951334351 -0.923520305108 0.0131860177089 0.573053783297 0.173946779972 -0.560029398621 -0.648255787547 0.615366348840 -0.292031402578 0.754000950918 0.0148641028418 -0.0887292489894 -0.0824355675268 -0.650984447277 0.493055127592
# log_N_year1_devs:
 0.113856569820 0.0438196830942 0.0960002659366 -0.0177310590315 -0.0378683533188 0.0100302865234 0.0259028602830 -0.0412218363919 0.0390335607043 -0.612185025652 -0.0831512258469
# log_q_year1:
 -8.09177026785
# log_q_devs:
 0.00000000000 0.00000000000 0.00000000000 0.00000000000 0.00000000000 0.00000000000 0.00000000000 0.00000000000 0.00000000000 0.00000000000 0.00000000000 0.00000000000 0.00000000000 0.00000000000 0.00000000000 0.00000000000 0.00000000000 0.00000000000 0.00000000000 0.00000000000 0.00000000000 0.00000000000 0.00000000000 0.00000000000 0.00000000000 0.00000000000 0.00000000000 0.00000000000 0.00000000000
# index_sel_params[1]:
1.52612966531
# index_sel_params[2]:
0.533199527506
# log_SR_scaler:
6.96407131956
# SR_steepness:
0.750000000000
