#######GENERAL HEADER INPUT#######
1
30
1
30
1
30
30
12
1	2	3	4	5	6	7	8	9	10	11	12
12
1	2	3	4	5	6	7	8	9	10	11	12
1
1001
1
1
#######SURVEY DATA#######
30
1	2	3	4	5	6	7	8	9	10	11	12	13	14	15	16	17	18	19	20	21	22	23	24	25	26	27	28	29	30
1.55020919030984	1.34808491466832	1.55936024528692	1.31185065892897	1.42202587195957	1.36778506625234	1.23204128860556	1.24325396571077	1.20621887984552	1.38291277126035	1.2139017770265	1.24756644201312	1.26515983486321	0.92902004020876	1.15923463222659	0.87204827632132	1.02696155839616	0.732099394001562	0.660240939798456	0.8075490645463	0.577535714014318	0.681177214629973	0.609117200014275	0.532035900733917	0.615118811620985	0.584401353052389	0.554263248253917	0.642259358779838	0.645635679110894	0.560792116882516
0.2	0.2	0.2	0.2	0.2	0.2	0.2	0.2	0.2	0.2	0.2	0.2	0.2	0.2	0.2	0.2	0.2	0.2	0.2	0.2	0.2	0.2	0.2	0.2	0.2	0.2	0.2	0.2	0.2	0.2
30
1	2	3	4	5	6	7	8	9	10	11	12	13	14	15	16	17	18	19	20	21	22	23	24	25	26	27	28	29	30
200	200	200	200	200	200	200	200	200	200	200	200	200	200	200	200	200	200	200	200	200	200	200	200	200	200	200	200	200	200
200	200	200	200	200	200	200	200	200	200	200	200	200	200	200	200	200	200	200	200	200	200	200	200	200	200	200	200	200	200
0.035	0.09	0.11	0.145	0.115	0.065	0.1	0.035	0.05	0.02	0.02	0.215
0.05	0.1	0.155	0.1	0.105	0.08	0.045	0.07	0.05	0.05	0.015	0.18
0.075	0.1	0.145	0.165	0.11	0.08	0.07	0.04	0.035	0.04	0.03	0.11
0.065	0.15	0.125	0.065	0.065	0.07	0.08	0.07	0.025	0.045	0.05	0.19
0.075	0.125	0.17	0.095	0.09	0.08	0.07	0.055	0.02	0.025	0.04	0.155
0.07	0.15	0.155	0.105	0.055	0.135	0.095	0.025	0.025	0.05	0.03	0.105
0.1	0.135	0.15	0.115	0.13	0.08	0.07	0.05	0.055	0.025	0.03	0.06
0.045	0.27	0.145	0.095	0.1	0.075	0.04	0.055	0.025	0.04	0	0.11
0.065	0.135	0.28	0.115	0.09	0.055	0.05	0.045	0.035	0.035	0.015	0.08
0.055	0.185	0.18	0.245	0.075	0.065	0.06	0.02	0.02	0.025	0.02	0.05
0.055	0.2	0.235	0.115	0.155	0.04	0.03	0.025	0.025	0.015	0.02	0.085
0.085	0.165	0.205	0.135	0.075	0.105	0.065	0.035	0.045	0.035	0.02	0.03
0.07	0.16	0.15	0.14	0.14	0.1	0.1	0.04	0.03	0.015	0.025	0.03
0.085	0.22	0.14	0.115	0.09	0.085	0.045	0.065	0.05	0.025	0.035	0.045
0.07	0.2	0.22	0.115	0.04	0.085	0.08	0.025	0.045	0.02	0.005	0.095
0.11	0.115	0.21	0.205	0.085	0.05	0.04	0.065	0.035	0.03	0.005	0.05
0.07	0.205	0.125	0.115	0.18	0.06	0.04	0.045	0.05	0.015	0.03	0.065
0.085	0.175	0.185	0.15	0.075	0.125	0.05	0.05	0.03	0.015	0.015	0.045
0.185	0.145	0.16	0.18	0.095	0.05	0.05	0.03	0.02	0.025	0.005	0.055
0.055	0.235	0.225	0.125	0.065	0.08	0.085	0.045	0.01	0.03	0.005	0.04
0.12	0.21	0.225	0.125	0.09	0.09	0.025	0.035	0.035	0.01	0.005	0.03
0.13	0.285	0.18	0.14	0.08	0.04	0.035	0.03	0.015	0.025	0.01	0.03
0.11	0.215	0.295	0.145	0.1	0.025	0.035	0.04	0.02	0	0.015	0
0.17	0.165	0.18	0.2	0.065	0.095	0.03	0.035	0.03	0.005	0	0.025
0.075	0.345	0.18	0.135	0.11	0.04	0.03	0.01	0.01	0.01	0.01	0.045
0.08	0.24	0.325	0.085	0.125	0.06	0.04	0.025	0.005	0.01	0	0.005
0.145	0.22	0.185	0.235	0.075	0.045	0.015	0.015	0.03	0.01	0	0.025
0.14	0.285	0.19	0.145	0.11	0.05	0.025	0.03	0.005	0.005	0.005	0.01
0.095	0.27	0.255	0.13	0.1	0.06	0.02	0.03	0.02	0.005	0.01	0.005
0.12	0.195	0.275	0.2	0.055	0.06	0.06	0.01	0.02	0.005	0	0
#######LANDINGS DATA#######
1
30
160.473126426693	464.498989420217	733.76654242191	958.885848452887	735.644606414805	1270.27865835045	1213.84943192142	2361.00839557308	1298.01481285391	1535.56880211559	1657.17759167477	1649.88086235312	1130.7528961143	1567.62813092043	1546.47286497918	1297.60959225167	2218.5649114469	1566.64869518252	1379.19773077623	1250.19248915032	1563.95188312354	1052.50773932166	1594.89618465687	1191.49734528488	1120.30134650477	990.481462599325	971.924422951572	1295.7778799284	940.449017636101	1345.37742907111
0.01	0.01	0.01	0.01	0.01	0.01	0.01	0.01	0.01	0.01	0.01	0.01	0.01	0.01	0.01	0.01	0.01	0.01	0.01	0.01	0.01	0.01	0.01	0.01	0.01	0.01	0.01	0.01	0.01	0.01
30
1	2	3	4	5	6	7	8	9	10	11	12	13	14	15	16	17	18	19	20	21	22	23	24	25	26	27	28	29	30
200	200	200	200	200	200	200	200	200	200	200	200	200	200	200	200	200	200	200	200	200	200	200	200	200	200	200	200	200	200
200	200	200	200	200	200	200	200	200	200	200	200	200	200	200	200	200	200	200	200	200	200	200	200	200	200	200	200	200	200
0.075	0.12	0.075	0.125	0.105	0.095	0.085	0.08	0.025	0.04	0.045	0.13
0.045	0.135	0.125	0.12	0.085	0.1	0.055	0.065	0.03	0.06	0.025	0.155
0.1	0.095	0.14	0.105	0.11	0.095	0.055	0.055	0.05	0.035	0.035	0.125
0.07	0.09	0.14	0.125	0.075	0.115	0.08	0.06	0.065	0.035	0.035	0.11
0.08	0.07	0.16	0.07	0.09	0.085	0.08	0.075	0.055	0.045	0.02	0.17
0.07	0.135	0.17	0.17	0.085	0.08	0.035	0.03	0.015	0.025	0.02	0.165
0.1	0.115	0.135	0.12	0.12	0.035	0.075	0.03	0.055	0.055	0.025	0.135
0.07	0.175	0.12	0.13	0.085	0.135	0.04	0.04	0.045	0.02	0.035	0.105
0.08	0.12	0.185	0.15	0.09	0.065	0.07	0.04	0.02	0.035	0.02	0.125
0.12	0.145	0.145	0.14	0.085	0.08	0.08	0.025	0.01	0.035	0.03	0.105
0.095	0.125	0.125	0.155	0.155	0.05	0.055	0.07	0.025	0.005	0.03	0.11
0.05	0.09	0.175	0.185	0.11	0.15	0.045	0.045	0.03	0.01	0.035	0.075
0.105	0.09	0.105	0.14	0.115	0.085	0.11	0.03	0.07	0.03	0.045	0.075
0.12	0.2	0.11	0.14	0.12	0.11	0.03	0.05	0.025	0.01	0.03	0.055
0.055	0.18	0.165	0.11	0.11	0.075	0.07	0.04	0.075	0.02	0.02	0.08
0.105	0.11	0.145	0.175	0.075	0.095	0.06	0.06	0.03	0.035	0.045	0.065
0.06	0.12	0.17	0.195	0.18	0.06	0.005	0.05	0.045	0.045	0.015	0.055
0.115	0.13	0.21	0.155	0.1	0.11	0.04	0.015	0.055	0.03	0.01	0.03
0.135	0.125	0.185	0.15	0.06	0.07	0.09	0.035	0.04	0.035	0.02	0.055
0.115	0.215	0.21	0.155	0.06	0.065	0.045	0.05	0.015	0.02	0.01	0.04
0.135	0.18	0.21	0.165	0.085	0.065	0.06	0.025	0.04	0.005	0.005	0.025
0.17	0.235	0.135	0.185	0.085	0.04	0.045	0.03	0.025	0.03	0.01	0.01
0.135	0.18	0.205	0.11	0.18	0.05	0.015	0.035	0.025	0.015	0.01	0.04
0.22	0.09	0.225	0.15	0.105	0.085	0.035	0.03	0.02	0.01	0.025	0.005
0.175	0.295	0.125	0.135	0.11	0.065	0.04	0.02	0.015	0.005	0.01	0.005
0.095	0.215	0.275	0.115	0.12	0.08	0.04	0.045	0.005	0	0	0.01
0.145	0.125	0.155	0.275	0.1	0.105	0.035	0.015	0.01	0.015	0.01	0.01
0.19	0.18	0.17	0.095	0.2	0.05	0.055	0.015	0.025	0.02	0	0
0.13	0.29	0.23	0.105	0.095	0.075	0.025	0.01	0.02	0	0	0.02
0.205	0.18	0.26	0.145	0.06	0.055	0.055	0.01	0.005	0.01	0.005	0.01
#######PARAMETER SECTION#######
800	400	1200	-4	800	-0.25	1
0.18	0.01	1	-4	0.18	-0.25	1
-1.36	-5	-0.001	-4	-1.36	-0.25	1
0.1	0.05	0.3	-4	0.1	-0.25	1
0.2	0.01	0.5	-4	0.2	-0.25	1
0.75	0.20001	1	-3	0.75	-0.25	1
13.815511	-1	200	1	13.815511	-0.25	1
0	-1	1	-4	0	-0.25	1
0.2	1e-04	1.2	-3	0.2	-0.25	1
0	-10	10	-6	0	-1	1
0	-10	10	-6	0	-1	1
2	0	12	2	2	-0.5	1
1	0	12	2	1	-0.5	1
2	0	12	-2	2	-0.5	1
1	0	12	-2	1	-0.5	1
1.5	0	12	2	1.5	-0.5	1
2	0	12	2	2	-0.5	1
-14.8725333273349	-30	5	1	-14.8725333273349	-1	1
1	0.1	2	-1	1	-1	1
-1.54399197800355	-10	1.39	1	-1.54399197800355	-1	1
#######DEV CONSTRAINTS and DEVS#######
-15	15	2
-15	15	2
-15	15	2
0	0	0	0	0	0	0	0	0	0	0	0	0	0	0	0	0	0	0	0	0	0	0	0	0	0	0	0	0	0
0	0	0	0	0	0	0	0	0	0	0	0	0	0	0	0	0	0	0	0	0	0	0	0	0	0	0	0	0	0
0	0	0	0	0	0	0	0	0	0	0
#######LIKELIHOOD WEIGHTS#######
1
1
1
1
0
1
0
0
0
#######MISCELLANEOUS STUFF SECTION#######
2.5e-08
3
0.5	0.5	0.5	0.5	0.5	0.5	0.5	0.5	0.5	0.5	0.5	0.5
0.0229773699100256	0.320821300824607	0.904650535100891	0.994779874306442	0.999738809680904	0.999986992871533	0.999999352405202	0.999999967758134	0.999999998394772	0.99999999992008	0.999999999996021	0.999999999999802
0.2	0.2	0.2	0.2	0.2	0.2	0.2	0.2	0.2	0.2	0.2	0.2
0
1
10
0.2
1
1	0	0	0	0	0	0	0	0	0	0	0
0	1	0	0	0	0	0	0	0	0	0	0
0	0	1	0	0	0	0	0	0	0	0	0
0	0	0	1	0	0	0	0	0	0	0	0
0	0	0	0	1	0	0	0	0	0	0	0
0	0	0	0	0	1	0	0	0	0	0	0
0	0	0	0	0	0	1	0	0	0	0	0
0	0	0	0	0	0	0	1	0	0	0	0
0	0	0	0	0	0	0	0	1	0	0	0
0	0	0	0	0	0	0	0	0	1	0	0
0	0	0	0	0	0	0	0	0	0	1	0
0	0	0	0	0	0	0	0	0	0	0	1
40
31
2
1
#######END OF DATA FILE#######
999
