#######GENERAL HEADER INPUT#######
1
30
1
30
1
30
30
12
1	2	3	4	5	6	7	8	9	10	11	12
12
1	2	3	4	5	6	7	8	9	10	11	12
1
1001
1
1
#######SURVEY DATA#######
30
1	2	3	4	5	6	7	8	9	10	11	12	13	14	15	16	17	18	19	20	21	22	23	24	25	26	27	28	29	30
1.53414472347177	1.43942728842112	1.55769859713653	1.4508380745771	1.53715671859175	1.23301270952577	1.38283422445265	1.58721226478656	1.26633212499461	1.11391238186038	1.12663648414043	1.07507101545855	1.20499393411398	1.18404889558365	1.07750267282389	0.857813589740485	0.755394640725544	0.844207774821274	0.805618057626004	0.857457887536498	0.859542108092236	0.885634672632412	0.867803514719637	0.662332825940252	0.541113462788102	0.471811614702666	0.533467839420629	0.661890900920977	0.683678507748582	0.472505460207903
0.2	0.2	0.2	0.2	0.2	0.2	0.2	0.2	0.2	0.2	0.2	0.2	0.2	0.2	0.2	0.2	0.2	0.2	0.2	0.2	0.2	0.2	0.2	0.2	0.2	0.2	0.2	0.2	0.2	0.2
30
1	2	3	4	5	6	7	8	9	10	11	12	13	14	15	16	17	18	19	20	21	22	23	24	25	26	27	28	29	30
200	200	200	200	200	200	200	200	200	200	200	200	200	200	200	200	200	200	200	200	200	200	200	200	200	200	200	200	200	200
200	200	200	200	200	200	200	200	200	200	200	200	200	200	200	200	200	200	200	200	200	200	200	200	200	200	200	200	200	200
0.07	0.145	0.14	0.13	0.09	0.075	0.055	0.07	0.04	0.035	0.045	0.105
0.06	0.15	0.135	0.15	0.105	0.075	0.055	0.05	0.04	0.04	0.04	0.1
0.05	0.175	0.12	0.12	0.13	0.11	0.055	0.04	0.04	0.045	0.02	0.095
0.09	0.135	0.15	0.155	0.075	0.07	0.035	0.05	0.05	0.035	0.025	0.13
0.06	0.135	0.175	0.145	0.105	0.075	0.045	0.05	0.06	0.025	0.025	0.1
0.085	0.155	0.175	0.12	0.075	0.08	0.045	0.035	0.04	0.04	0.02	0.13
0.075	0.15	0.14	0.16	0.07	0.065	0.07	0.04	0.04	0.03	0.045	0.115
0.045	0.19	0.2	0.08	0.085	0.065	0.055	0.03	0.055	0.035	0.02	0.14
0.04	0.19	0.22	0.15	0.07	0.1	0.04	0.055	0.015	0.02	0.025	0.075
0.075	0.15	0.19	0.15	0.12	0.065	0.07	0.04	0.03	0.015	0.025	0.07
0.07	0.15	0.13	0.135	0.14	0.08	0.075	0.045	0.03	0.025	0.01	0.11
0.11	0.17	0.165	0.085	0.125	0.09	0.06	0.055	0.035	0.02	0.015	0.07
0.065	0.225	0.19	0.135	0.07	0.055	0.06	0.025	0.03	0.025	0.01	0.11
0.09	0.145	0.235	0.16	0.095	0.1	0.025	0.04	0.02	0.035	0.01	0.045
0.06	0.24	0.18	0.195	0.08	0.09	0.045	0.045	0.025	0.01	0.01	0.02
0.06	0.23	0.2	0.11	0.12	0.065	0.065	0.03	0.035	0.02	0.01	0.055
0.09	0.165	0.21	0.14	0.1	0.12	0.035	0.04	0.02	0.02	0.02	0.04
0.09	0.205	0.165	0.16	0.085	0.095	0.095	0.03	0.03	0.005	0.015	0.025
0.16	0.165	0.2	0.125	0.095	0.085	0.04	0.05	0.04	0.005	0.005	0.03
0.1	0.27	0.175	0.17	0.08	0.07	0.07	0.03	0.01	0.005	0.005	0.015
0.095	0.23	0.27	0.075	0.115	0.07	0.015	0.04	0.03	0.02	0.015	0.025
0.165	0.2	0.215	0.14	0.055	0.055	0.06	0.005	0.05	0.02	0	0.035
0.1	0.265	0.21	0.16	0.115	0.035	0.035	0.03	0.01	0.015	0.005	0.02
0.085	0.23	0.24	0.165	0.105	0.065	0.02	0.025	0.015	0.015	0.01	0.025
0.045	0.2	0.235	0.22	0.145	0.05	0.045	0.015	0.015	0.005	0.01	0.015
0.14	0.19	0.215	0.16	0.155	0.07	0.025	0.025	0.015	0.005	0	0
0.14	0.32	0.22	0.13	0.055	0.045	0.03	0.02	0.02	0	0.01	0.01
0.135	0.26	0.33	0.08	0.065	0.06	0.03	0.02	0.01	0.01	0	0
0.09	0.305	0.205	0.19	0.085	0.025	0.035	0.03	0.015	0.005	0.01	0.005
0.105	0.205	0.32	0.155	0.105	0.035	0.02	0.03	0.01	0.01	0.005	0
#######LANDINGS DATA#######
1
30
141.231449903947	332.916117667215	596.279889517479	1048.83500007576	1072.77001848803	1477.3306101465	1121.403242395	1424.66403862756	1113.46577245562	1940.36364446595	1202.29529683573	1164.15474557248	2293.01514426456	2038.70304010631	1378.26912786958	1794.0265230509	1106.98011686789	1278.59489704352	1605.06368596123	1577.97278569519	1350.22154733034	1657.10124703699	1561.12924156149	1681.42271022755	1533.74669359565	834.539134851437	1436.60636496249	1078.62286118653	980.48637100776	1006.92458689935
0.01	0.01	0.01	0.01	0.01	0.01	0.01	0.01	0.01	0.01	0.01	0.01	0.01	0.01	0.01	0.01	0.01	0.01	0.01	0.01	0.01	0.01	0.01	0.01	0.01	0.01	0.01	0.01	0.01	0.01
30
1	2	3	4	5	6	7	8	9	10	11	12	13	14	15	16	17	18	19	20	21	22	23	24	25	26	27	28	29	30
200	200	200	200	200	200	200	200	200	200	200	200	200	200	200	200	200	200	200	200	200	200	200	200	200	200	200	200	200	200
200	200	200	200	200	200	200	200	200	200	200	200	200	200	200	200	200	200	200	200	200	200	200	200	200	200	200	200	200	200
0.06	0.165	0.12	0.14	0.1	0.1	0.025	0.045	0.035	0.04	0.03	0.14
0.085	0.115	0.115	0.135	0.105	0.065	0.06	0.08	0.03	0.035	0.03	0.145
0.07	0.07	0.135	0.125	0.105	0.095	0.04	0.095	0.03	0.055	0.035	0.145
0.11	0.1	0.09	0.14	0.09	0.09	0.065	0.055	0.06	0.045	0.05	0.105
0.055	0.115	0.125	0.12	0.12	0.115	0.085	0.05	0.04	0.04	0.01	0.125
0.125	0.07	0.185	0.09	0.13	0.06	0.05	0.07	0.035	0.025	0.035	0.125
0.125	0.115	0.13	0.115	0.075	0.08	0.065	0.055	0.05	0.055	0.03	0.105
0.04	0.18	0.15	0.12	0.115	0.075	0.06	0.05	0.05	0.015	0.01	0.135
0.07	0.115	0.195	0.12	0.105	0.135	0.04	0.03	0.035	0.035	0.02	0.1
0.08	0.095	0.135	0.185	0.105	0.085	0.075	0.045	0.045	0.035	0.025	0.09
0.1	0.15	0.075	0.17	0.11	0.1	0.07	0.055	0.03	0.03	0.025	0.085
0.145	0.16	0.145	0.1	0.135	0.09	0.035	0.035	0.04	0.015	0.02	0.08
0.1	0.165	0.175	0.12	0.1	0.055	0.085	0.045	0.045	0.025	0.025	0.06
0.115	0.085	0.215	0.16	0.09	0.05	0.06	0.05	0.05	0.035	0.01	0.08
0.105	0.15	0.17	0.17	0.135	0.045	0.05	0.035	0.05	0.02	0.015	0.055
0.1	0.175	0.21	0.12	0.145	0.055	0.025	0.025	0.025	0.015	0.02	0.085
0.135	0.13	0.16	0.155	0.145	0.055	0.05	0.05	0.025	0.025	0.01	0.06
0.085	0.19	0.16	0.135	0.115	0.095	0.07	0.055	0.015	0.01	0.03	0.04
0.13	0.175	0.195	0.125	0.09	0.105	0.04	0.05	0.025	0.005	0.025	0.035
0.11	0.19	0.175	0.19	0.06	0.06	0.075	0.03	0.035	0.02	0.015	0.04
0.105	0.23	0.225	0.145	0.135	0.075	0.025	0.03	0.015	0.005	0	0.01
0.18	0.185	0.185	0.15	0.085	0.095	0.035	0.025	0.01	0.025	0.015	0.01
0.17	0.22	0.195	0.145	0.11	0.04	0.045	0	0.025	0.025	0.015	0.01
0.135	0.19	0.205	0.15	0.125	0.07	0.025	0.025	0.025	0.025	0.01	0.015
0.15	0.09	0.21	0.215	0.115	0.095	0.035	0.04	0.015	0.02	0.005	0.01
0.195	0.21	0.13	0.16	0.15	0.065	0.045	0.025	0.01	0.005	0	0.005
0.17	0.335	0.19	0.085	0.085	0.065	0.02	0.015	0.01	0.01	0.005	0.01
0.27	0.195	0.19	0.125	0.095	0.045	0.045	0.025	0.005	0.005	0	0
0.135	0.335	0.21	0.19	0.02	0.05	0.02	0.015	0.01	0.01	0.005	0
0.125	0.22	0.34	0.125	0.09	0.025	0.04	0.005	0.01	0.015	0	0.005
#######PARAMETER SECTION#######
800	400	1200	-4	800	-0.25	1
0.18	0.01	1	-4	0.18	-0.25	1
-1.36	-5	-0.001	-4	-1.36	-0.25	1
0.1	0.05	0.3	-4	0.1	-0.25	1
0.2	0.01	0.5	-4	0.2	-0.25	1
0.75	0.20001	1	-3	0.75	-0.25	1
13.815511	-1	200	1	13.815511	-0.25	1
0	-1	1	-4	0	-0.25	1
0.2	1e-04	1.2	-3	0.2	-0.25	1
0	-10	10	-6	0	-1	1
0	-10	10	-6	0	-1	1
2	0	12	2	2	-0.5	1
1	0	12	2	1	-0.5	1
2	0	12	-2	2	-0.5	1
1	0	12	-2	1	-0.5	1
1.5	0	12	2	1.5	-0.5	1
2	0	12	2	2	-0.5	1
-14.8887560565491	-30	5	1	-14.8887560565491	-1	1
1	0.1	2	-1	1	-1	1
-1.50625173000718	-10	1.39	1	-1.50625173000718	-1	1
#######DEV CONSTRAINTS and DEVS#######
-15	15	2
-15	15	2
-15	15	2
0	0	0	0	0	0	0	0	0	0	0	0	0	0	0	0	0	0	0	0	0	0	0	0	0	0	0	0	0	0
0	0	0	0	0	0	0	0	0	0	0	0	0	0	0	0	0	0	0	0	0	0	0	0	0	0	0	0	0	0
0	0	0	0	0	0	0	0	0	0	0
#######LIKELIHOOD WEIGHTS#######
1
1
1
1
0
1
0
0
0
#######MISCELLANEOUS STUFF SECTION#######
2.5e-08
3
0.5	0.5	0.5	0.5	0.5	0.5	0.5	0.5	0.5	0.5	0.5	0.5
0.0229773699100256	0.320821300824607	0.904650535100891	0.994779874306442	0.999738809680904	0.999986992871533	0.999999352405202	0.999999967758134	0.999999998394772	0.99999999992008	0.999999999996021	0.999999999999802
0.2	0.2	0.2	0.2	0.2	0.2	0.2	0.2	0.2	0.2	0.2	0.2
0
1
10
0.2
1
1	0	0	0	0	0	0	0	0	0	0	0
0	1	0	0	0	0	0	0	0	0	0	0
0	0	1	0	0	0	0	0	0	0	0	0
0	0	0	1	0	0	0	0	0	0	0	0
0	0	0	0	1	0	0	0	0	0	0	0
0	0	0	0	0	1	0	0	0	0	0	0
0	0	0	0	0	0	1	0	0	0	0	0
0	0	0	0	0	0	0	1	0	0	0	0
0	0	0	0	0	0	0	0	1	0	0	0
0	0	0	0	0	0	0	0	0	1	0	0
0	0	0	0	0	0	0	0	0	0	1	0
0	0	0	0	0	0	0	0	0	0	0	1
40
31
2
1
#######END OF DATA FILE#######
999
