#######GENERAL HEADER INPUT#######
1
30
1
30
1
30
30
12
1	2	3	4	5	6	7	8	9	10	11	12
12
1	2	3	4	5	6	7	8	9	10	11	12
1
1001
1
1
#######SURVEY DATA#######
30
1	2	3	4	5	6	7	8	9	10	11	12	13	14	15	16	17	18	19	20	21	22	23	24	25	26	27	28	29	30
1.68437900707298	1.2958956686667	1.58073577833547	1.5136319099644	1.71490286650006	1.61512805284277	1.34231565884474	1.60591412236371	1.14911508970718	1.25053832385812	1.16839528160612	0.993883902990333	1.06254775972552	0.934925659028288	0.960211284321147	0.78168862115571	0.691297110153373	0.679501763364618	0.759054385090786	0.719110603034531	0.667781051212471	0.63365212793886	0.776124053417017	0.597419928528137	0.681591693089371	0.688547560300452	0.755054340365899	0.632971751395359	0.717573907336837	0.76025745461629
0.2	0.2	0.2	0.2	0.2	0.2	0.2	0.2	0.2	0.2	0.2	0.2	0.2	0.2	0.2	0.2	0.2	0.2	0.2	0.2	0.2	0.2	0.2	0.2	0.2	0.2	0.2	0.2	0.2	0.2
30
1	2	3	4	5	6	7	8	9	10	11	12	13	14	15	16	17	18	19	20	21	22	23	24	25	26	27	28	29	30
200	200	200	200	200	200	200	200	200	200	200	200	200	200	200	200	200	200	200	200	200	200	200	200	200	200	200	200	200	200
200	200	200	200	200	200	200	200	200	200	200	200	200	200	200	200	200	200	200	200	200	200	200	200	200	200	200	200	200	200
0.09	0.14	0.105	0.09	0.11	0.085	0.08	0.08	0.055	0.03	0.035	0.1
0.075	0.17	0.145	0.165	0.075	0.07	0.045	0.055	0.035	0.055	0.035	0.075
0.07	0.135	0.14	0.155	0.085	0.09	0.085	0.015	0.05	0.05	0.04	0.085
0.07	0.105	0.135	0.14	0.12	0.095	0.045	0.065	0.035	0.03	0.01	0.15
0.085	0.1	0.2	0.145	0.06	0.085	0.05	0.05	0.055	0.01	0.015	0.145
0.065	0.135	0.085	0.175	0.115	0.06	0.065	0.075	0.045	0.02	0.05	0.11
0.09	0.135	0.165	0.125	0.075	0.085	0.075	0.025	0.05	0.025	0.03	0.12
0.03	0.22	0.145	0.135	0.06	0.07	0.085	0.025	0.06	0.02	0.06	0.09
0.08	0.1	0.215	0.105	0.145	0.04	0.07	0.045	0.035	0.03	0.02	0.115
0.08	0.145	0.145	0.205	0.07	0.075	0.075	0.065	0.065	0.025	0.015	0.035
0.105	0.24	0.135	0.08	0.145	0.045	0.03	0.025	0.055	0.01	0.035	0.095
0.125	0.175	0.215	0.155	0.065	0.085	0.025	0.025	0.045	0.01	0.02	0.055
0.06	0.21	0.215	0.18	0.115	0.04	0.06	0.04	0.03	0	0.01	0.04
0.06	0.2	0.215	0.105	0.125	0.07	0.045	0.06	0.02	0.03	0.02	0.05
0.04	0.13	0.18	0.215	0.165	0.065	0.045	0.05	0.015	0.005	0.005	0.085
0.085	0.13	0.19	0.135	0.135	0.095	0.09	0.035	0.01	0.03	0.005	0.06
0.08	0.24	0.17	0.08	0.095	0.125	0.05	0.04	0.035	0.025	0.025	0.035
0.05	0.25	0.22	0.11	0.085	0.035	0.08	0.075	0.035	0.03	0.01	0.02
0.08	0.165	0.205	0.165	0.09	0.09	0.05	0.04	0.035	0.035	0.015	0.03
0.06	0.28	0.18	0.19	0.125	0.005	0.035	0.035	0.04	0.02	0.02	0.01
0.085	0.295	0.21	0.135	0.11	0.04	0.035	0.015	0.015	0.015	0.005	0.04
0.13	0.18	0.23	0.21	0.065	0.055	0.055	0.01	0.015	0.02	0	0.03
0.1	0.245	0.155	0.225	0.15	0.04	0.045	0.01	0.01	0.005	0.01	0.005
0.12	0.285	0.205	0.125	0.1	0.07	0.035	0.02	0.015	0.01	0.005	0.01
0.12	0.255	0.225	0.14	0.1	0.04	0.04	0.02	0.015	0.025	0	0.02
0.08	0.27	0.24	0.175	0.115	0.03	0.035	0.025	0.015	0.01	0	0.005
0.08	0.245	0.23	0.175	0.075	0.09	0.025	0.035	0.025	0.01	0	0.01
0.125	0.25	0.27	0.16	0.125	0.03	0.02	0	0.015	0	0	0.005
0.19	0.215	0.24	0.15	0.085	0.035	0.035	0.025	0.005	0.01	0.01	0
0.15	0.33	0.185	0.11	0.08	0.065	0.06	0.01	0	0.005	0	0.005
#######LANDINGS DATA#######
1
30
161.479021751715	454.793301607331	749.332960723699	968.237240855401	753.629993400033	1280.90195859934	1208.62765121972	2300.78174875865	1215.56861417259	1372.22647967625	1449.53838865514	1443.25627328417	1004.86664803944	1401.06436982182	1393.4942585135	1155.82846064746	1957.76846861875	1379.40361111159	1238.71547140197	1145.47132015636	1462.4882025749	1009.15567620981	1525.11234037048	1148.8357027853	1099.69129487741	1016.72393789393	1025.50774195689	1380.5098024728	1008.54347609788	1485.16759533692
0.01	0.01	0.01	0.01	0.01	0.01	0.01	0.01	0.01	0.01	0.01	0.01	0.01	0.01	0.01	0.01	0.01	0.01	0.01	0.01	0.01	0.01	0.01	0.01	0.01	0.01	0.01	0.01	0.01	0.01
30
1	2	3	4	5	6	7	8	9	10	11	12	13	14	15	16	17	18	19	20	21	22	23	24	25	26	27	28	29	30
200	200	200	200	200	200	200	200	200	200	200	200	200	200	200	200	200	200	200	200	200	200	200	200	200	200	200	200	200	200
200	200	200	200	200	200	200	200	200	200	200	200	200	200	200	200	200	200	200	200	200	200	200	200	200	200	200	200	200	200
0.085	0.065	0.075	0.085	0.11	0.095	0.115	0.05	0.055	0.05	0.05	0.165
0.1	0.085	0.115	0.12	0.095	0.08	0.045	0.075	0.06	0.04	0.04	0.145
0.1	0.115	0.1	0.1	0.105	0.065	0.1	0.06	0.035	0.025	0.04	0.155
0.07	0.135	0.12	0.105	0.13	0.09	0.07	0.055	0.045	0.035	0.04	0.105
0.08	0.13	0.15	0.12	0.085	0.075	0.055	0.065	0.04	0.035	0.05	0.115
0.09	0.07	0.135	0.105	0.135	0.115	0.035	0.05	0.05	0.035	0.04	0.14
0.155	0.11	0.125	0.06	0.11	0.09	0.055	0.065	0.02	0.04	0.03	0.14
0.075	0.185	0.11	0.11	0.07	0.135	0.055	0.055	0.035	0.035	0.025	0.11
0.03	0.105	0.22	0.11	0.085	0.08	0.105	0.06	0.045	0.035	0.02	0.105
0.1	0.13	0.1	0.22	0.065	0.08	0.065	0.055	0.045	0.015	0.02	0.105
0.09	0.22	0.13	0.065	0.16	0.06	0.065	0.035	0.035	0.03	0.025	0.085
0.075	0.165	0.225	0.095	0.07	0.14	0.05	0.03	0.005	0.005	0.04	0.1
0.095	0.14	0.155	0.2	0.1	0.06	0.08	0.045	0.025	0.01	0.005	0.085
0.06	0.11	0.17	0.16	0.12	0.1	0.045	0.085	0.04	0.015	0.015	0.08
0.09	0.085	0.18	0.17	0.11	0.145	0.06	0.04	0.06	0.015	0.005	0.04
0.14	0.115	0.15	0.115	0.15	0.15	0.06	0.035	0.005	0.035	0.005	0.04
0.105	0.19	0.11	0.125	0.135	0.09	0.09	0.05	0.03	0	0.02	0.055
0.11	0.165	0.185	0.09	0.075	0.09	0.075	0.055	0.05	0.015	0.02	0.07
0.15	0.145	0.175	0.17	0.105	0.025	0.065	0.05	0.025	0.015	0.02	0.055
0.125	0.24	0.17	0.135	0.125	0.025	0.055	0.035	0.02	0.01	0.025	0.035
0.105	0.22	0.255	0.14	0.08	0.07	0.035	0.015	0.035	0.005	0.015	0.025
0.17	0.16	0.145	0.25	0.105	0.08	0.04	0.015	0.01	0	0.005	0.02
0.175	0.245	0.14	0.115	0.11	0.05	0.06	0.06	0.015	0	0.005	0.025
0.175	0.19	0.21	0.17	0.09	0.09	0.015	0.005	0.025	0.005	0	0.025
0.12	0.275	0.225	0.15	0.07	0.045	0.04	0.035	0.015	0.005	0.005	0.015
0.14	0.2	0.23	0.145	0.14	0.045	0.03	0.025	0.015	0.01	0	0.02
0.165	0.22	0.24	0.155	0.1	0.035	0.035	0.015	0.015	0.005	0	0.015
0.12	0.18	0.235	0.15	0.165	0.07	0.04	0.005	0.015	0.01	0	0.01
0.255	0.17	0.215	0.12	0.1	0.07	0.02	0.02	0	0.015	0	0.015
0.19	0.355	0.175	0.07	0.05	0.065	0.045	0.025	0.015	0	0.005	0.005
#######PARAMETER SECTION#######
800	400	1200	-4	800	-0.25	1
0.18	0.01	1	-4	0.18	-0.25	1
-1.36	-5	-0.001	-4	-1.36	-0.25	1
0.1	0.05	0.3	-4	0.1	-0.25	1
0.2	0.01	0.5	-4	0.2	-0.25	1
0.75	0.20001	1	-3	0.75	-0.25	1
13.815511	-1	200	1	13.815511	-0.25	1
0	-1	1	-4	0	-0.25	1
0.2	1e-04	1.2	-3	0.2	-0.25	1
0	-10	10	-6	0	-1	1
0	-10	10	-6	0	-1	1
2	0	12	2	2	-0.5	1
1	0	12	2	1	-0.5	1
2	0	12	-2	2	-0.5	1
1	0	12	-2	1	-0.5	1
1.5	0	12	2	1.5	-0.5	1
2	0	12	2	2	-0.5	1
-14.8267372889825	-30	5	1	-14.8267372889825	-1	1
1	0.1	2	-1	1	-1	1
-1.54399197800355	-10	1.39	1	-1.54399197800355	-1	1
#######DEV CONSTRAINTS and DEVS#######
-15	15	2
-15	15	2
-15	15	2
0	0	0	0	0	0	0	0	0	0	0	0	0	0	0	0	0	0	0	0	0	0	0	0	0	0	0	0	0	0
0	0	0	0	0	0	0	0	0	0	0	0	0	0	0	0	0	0	0	0	0	0	0	0	0	0	0	0	0	0
0	0	0	0	0	0	0	0	0	0	0
#######LIKELIHOOD WEIGHTS#######
1
1
1
1
0
1
0
0
0
#######MISCELLANEOUS STUFF SECTION#######
2.5e-08
3
0.5	0.5	0.5	0.5	0.5	0.5	0.5	0.5	0.5	0.5	0.5	0.5
0.0229773699100256	0.320821300824607	0.904650535100891	0.994779874306442	0.999738809680904	0.999986992871533	0.999999352405202	0.999999967758134	0.999999998394772	0.99999999992008	0.999999999996021	0.999999999999802
0.2	0.2	0.2	0.2	0.2	0.2	0.2	0.2	0.2	0.2	0.2	0.2
0
1
10
0.2
1
1	0	0	0	0	0	0	0	0	0	0	0
0	1	0	0	0	0	0	0	0	0	0	0
0	0	1	0	0	0	0	0	0	0	0	0
0	0	0	1	0	0	0	0	0	0	0	0
0	0	0	0	1	0	0	0	0	0	0	0
0	0	0	0	0	1	0	0	0	0	0	0
0	0	0	0	0	0	1	0	0	0	0	0
0	0	0	0	0	0	0	1	0	0	0	0
0	0	0	0	0	0	0	0	1	0	0	0
0	0	0	0	0	0	0	0	0	1	0	0
0	0	0	0	0	0	0	0	0	0	1	0
0	0	0	0	0	0	0	0	0	0	0	1
40
31
2
1
#######END OF DATA FILE#######
999
