#styr												
1
#endyr												
30
#rec_age										
1															
#n_ages										
12
# numbers of length intervals
81
#Length	bin
10	11	12	13	14	15	16	17	18	19	20	21	22	23	24	25	26	27	28	29	30	31	32	33	34	35	36	37	38	39	40	41	42	43	44	45	46	47	48	49	50	51	52	53	54	55	56	57	58	59	60	61	62	63	64	65	66	67	68	69	70	71	72	73	74	75	76	77	78	79	80	81	82	83	84	85	86	87	88	89	90
#nfsh
1
#names_fsh
FLEET1												
#catch												
160.962390668521	464.14331393468	744.449855872756	970.848382036843	735.405132857855	1287.94273692046	1229.58687159568	2361.49635776536	1265.11125029845	1435.42364963141	1540.90587564836	1534.19557317176	1074.67235237298	1506.13426846025	1512.01469127592	1315.42678373521	2370.62329679293	1694.42753567329	1518.04440687147	1360.50801060226	1685.63619289497	1121.84020808482	1677.85102385442	1228.49322475885	1148.19969360549	1003.29446561531	989.191625213942	1358.04191787228	1015.7150566331	1451.85573871506
#catch_cv											
0.01	0.01	0.01	0.01	0.01	0.01	0.01	0.01	0.01	0.01	0.01	0.01	0.01	0.01	0.01	0.01	0.01	0.01	0.01	0.01	0.01	0.01	0.01	0.01	0.01	0.01	0.01	0.01	0.01	0.01
#n_ages_fsh								
30		
#n_lengths_fsh								
0															
#yrs_ages_fsh								
1	2	3	4	5	6	7	8	9	10	11	12	13	14	15	16	17	18	19	20	21	22	23	24	25	26	27	28	29	30	
#sample_ages_fsh							
200	200	200	200	200	200	200	200	200	200	200	200	200	200	200	200	200	200	200	200	200	200	200	200	200	200	200	200	200	200
#page_fsh	2	3	4	5	6	7	8	9	10	11						
0.075	0.075	0.15	0.115	0.09	0.125	0.08	0.075	0.035	0.04	0.03	0.11
0.075	0.1	0.125	0.105	0.105	0.105	0.105	0.05	0.045	0.015	0.04	0.13
0.045	0.175	0.13	0.115	0.1	0.07	0.06	0.06	0.03	0.02	0.05	0.145
0.045	0.08	0.135	0.11	0.07	0.09	0.075	0.065	0.065	0.075	0.045	0.145
0.095	0.09	0.095	0.12	0.105	0.085	0.075	0.05	0.06	0.055	0.02	0.15
0.105	0.165	0.105	0.07	0.09	0.12	0.095	0.04	0.055	0.005	0.025	0.125
0.04	0.12	0.195	0.11	0.095	0.125	0.05	0.05	0.02	0.035	0.045	0.115
0.07	0.12	0.11	0.215	0.11	0.09	0.06	0.06	0.06	0.015	0.01	0.08
0.1	0.145	0.125	0.14	0.13	0.075	0.025	0.045	0.04	0.035	0.02	0.12
0.115	0.15	0.165	0.11	0.09	0.08	0.04	0.05	0.055	0.04	0.015	0.09
0.085	0.16	0.23	0.08	0.09	0.09	0.09	0.035	0.02	0.025	0.02	0.075
0.1	0.155	0.165	0.13	0.09	0.065	0.065	0.03	0.035	0.025	0.035	0.105
0.175	0.1	0.175	0.165	0.135	0.07	0.015	0.055	0.03	0.015	0.015	0.05
0.155	0.125	0.11	0.13	0.16	0.05	0.065	0.04	0.05	0.03	0.015	0.07
0.085	0.145	0.155	0.15	0.09	0.07	0.085	0.065	0.005	0.04	0.045	0.065
0.105	0.14	0.19	0.155	0.145	0.055	0.045	0.055	0.02	0.01	0.02	0.06
0.095	0.23	0.165	0.13	0.115	0.08	0.04	0.06	0.02	0.015	0.01	0.04
0.1	0.13	0.18	0.145	0.11	0.11	0.045	0.055	0.025	0.03	0.005	0.065
0.145	0.12	0.18	0.19	0.08	0.055	0.055	0.035	0.03	0.04	0.025	0.045
0.16	0.18	0.135	0.095	0.15	0.055	0.065	0.05	0.02	0.015	0.015	0.06
0.09	0.135	0.23	0.08	0.1	0.135	0.055	0.055	0.045	0.025	0.015	0.035
0.15	0.16	0.22	0.165	0.085	0.085	0.04	0.03	0.015	0.01	0.01	0.03
0.18	0.205	0.165	0.155	0.095	0.06	0.035	0.045	0.02	0.015	0.02	0.005
0.175	0.2	0.21	0.13	0.095	0.1	0.025	0.01	0.015	0.015	0.005	0.02
0.17	0.215	0.225	0.135	0.075	0.07	0.02	0.04	0.005	0.005	0	0.04
0.185	0.16	0.17	0.165	0.145	0.075	0.025	0.03	0.005	0.015	0.01	0.015
0.205	0.275	0.145	0.145	0.085	0.045	0.03	0.035	0.015	0.01	0.005	0.005
0.225	0.205	0.19	0.115	0.135	0.05	0.035	0.015	0.005	0.015	0	0.01
0.1	0.25	0.205	0.185	0.105	0.065	0.03	0.04	0	0.005	0.005	0.01
0.2	0.14	0.255	0.17	0.08	0.065	0.05	0.015	0.005	0.005	0.015	0
#wt_age_fsh	1 2	3	4	5	6	7	8	9	10	11						
0.000530656	0.001196328	0.002058265	0.003034987	0.004055212	0.005064698	0.006026226	0.006916921	0.007724891	0.008446113	0.009081853	0.009636695
0.000530656	0.001196328	0.002058265	0.003034987	0.004055212	0.005064698	0.006026226	0.006916921	0.007724891	0.008446113	0.009081853	0.009636695
0.000530656	0.001196328	0.002058265	0.003034987	0.004055212	0.005064698	0.006026226	0.006916921	0.007724891	0.008446113	0.009081853	0.009636695
0.000530656	0.001196328	0.002058265	0.003034987	0.004055212	0.005064698	0.006026226	0.006916921	0.007724891	0.008446113	0.009081853	0.009636695
0.000530656	0.001196328	0.002058265	0.003034987	0.004055212	0.005064698	0.006026226	0.006916921	0.007724891	0.008446113	0.009081853	0.009636695
0.000530656	0.001196328	0.002058265	0.003034987	0.004055212	0.005064698	0.006026226	0.006916921	0.007724891	0.008446113	0.009081853	0.009636695
0.000530656	0.001196328	0.002058265	0.003034987	0.004055212	0.005064698	0.006026226	0.006916921	0.007724891	0.008446113	0.009081853	0.009636695
0.000530656	0.001196328	0.002058265	0.003034987	0.004055212	0.005064698	0.006026226	0.006916921	0.007724891	0.008446113	0.009081853	0.009636695
0.000530656	0.001196328	0.002058265	0.003034987	0.004055212	0.005064698	0.006026226	0.006916921	0.007724891	0.008446113	0.009081853	0.009636695
0.000530656	0.001196328	0.002058265	0.003034987	0.004055212	0.005064698	0.006026226	0.006916921	0.007724891	0.008446113	0.009081853	0.009636695
0.000530656	0.001196328	0.002058265	0.003034987	0.004055212	0.005064698	0.006026226	0.006916921	0.007724891	0.008446113	0.009081853	0.009636695
0.000530656	0.001196328	0.002058265	0.003034987	0.004055212	0.005064698	0.006026226	0.006916921	0.007724891	0.008446113	0.009081853	0.009636695
0.000530656	0.001196328	0.002058265	0.003034987	0.004055212	0.005064698	0.006026226	0.006916921	0.007724891	0.008446113	0.009081853	0.009636695
0.000530656	0.001196328	0.002058265	0.003034987	0.004055212	0.005064698	0.006026226	0.006916921	0.007724891	0.008446113	0.009081853	0.009636695
0.000530656	0.001196328	0.002058265	0.003034987	0.004055212	0.005064698	0.006026226	0.006916921	0.007724891	0.008446113	0.009081853	0.009636695
0.000530656	0.001196328	0.002058265	0.003034987	0.004055212	0.005064698	0.006026226	0.006916921	0.007724891	0.008446113	0.009081853	0.009636695
0.000530656	0.001196328	0.002058265	0.003034987	0.004055212	0.005064698	0.006026226	0.006916921	0.007724891	0.008446113	0.009081853	0.009636695
0.000530656	0.001196328	0.002058265	0.003034987	0.004055212	0.005064698	0.006026226	0.006916921	0.007724891	0.008446113	0.009081853	0.009636695
0.000530656	0.001196328	0.002058265	0.003034987	0.004055212	0.005064698	0.006026226	0.006916921	0.007724891	0.008446113	0.009081853	0.009636695
0.000530656	0.001196328	0.002058265	0.003034987	0.004055212	0.005064698	0.006026226	0.006916921	0.007724891	0.008446113	0.009081853	0.009636695
0.000530656	0.001196328	0.002058265	0.003034987	0.004055212	0.005064698	0.006026226	0.006916921	0.007724891	0.008446113	0.009081853	0.009636695
0.000530656	0.001196328	0.002058265	0.003034987	0.004055212	0.005064698	0.006026226	0.006916921	0.007724891	0.008446113	0.009081853	0.009636695
0.000530656	0.001196328	0.002058265	0.003034987	0.004055212	0.005064698	0.006026226	0.006916921	0.007724891	0.008446113	0.009081853	0.009636695
0.000530656	0.001196328	0.002058265	0.003034987	0.004055212	0.005064698	0.006026226	0.006916921	0.007724891	0.008446113	0.009081853	0.009636695
0.000530656	0.001196328	0.002058265	0.003034987	0.004055212	0.005064698	0.006026226	0.006916921	0.007724891	0.008446113	0.009081853	0.009636695
0.000530656	0.001196328	0.002058265	0.003034987	0.004055212	0.005064698	0.006026226	0.006916921	0.007724891	0.008446113	0.009081853	0.009636695
0.000530656	0.001196328	0.002058265	0.003034987	0.004055212	0.005064698	0.006026226	0.006916921	0.007724891	0.008446113	0.009081853	0.009636695
0.000530656	0.001196328	0.002058265	0.003034987	0.004055212	0.005064698	0.006026226	0.006916921	0.007724891	0.008446113	0.009081853	0.009636695
0.000530656	0.001196328	0.002058265	0.003034987	0.004055212	0.005064698	0.006026226	0.006916921	0.007724891	0.008446113	0.009081853	0.009636695
0.000530656	0.001196328	0.002058265	0.003034987	0.004055212	0.005064698	0.006026226	0.006916921	0.007724891	0.008446113	0.009081853	0.009636695
#nind
1
#ind_names									
SURVEY1									
#nobs_ind
30
#yrs_ind											
1	2	3	4	5	6	7	8	9	10	11	12	13	14	15	16	17	18	19	20	21	22	23	24	25	26	27	28	29	30	
#month_ind										
1															
#biom_ind											
1.54654886870416	1.85863070239286	1.53527857691964	1.44503841722798	1.21138349197393	1.47739916863613	1.15995429278453	1.29426411636289	1.35074186677878	1.13409550307434	1.02352734982406	0.919556974929447	1.1326498660696	1.00769834173603	1.02293178910631	0.968769819804975	1.00534164449617	0.971548104567614	0.784418293245567	0.652930731449292	0.704035358083236	0.692825602460648	0.568200250379311	0.660701662386525	0.74476829540118	0.661254773082798	0.589393152874635	0.620715143541843	0.576329673206217	0.677834712136311
#biom_cv																
0.309309773740833	0.371726140478573	0.307055715383927	0.289007683445596	0.242276698394787	0.295479833727225	0.231990858556906	0.258852823272578	0.270148373355755	0.226819100614868	0.204705469964812	0.183911394985889	0.22652997321392	0.201539668347207	0.204586357821262	0.193753963960995	0.201068328899234	0.194309620913523	0.156883658649113	0.130586146289858	0.140807071616647	0.13856512049213	0.113640050075862	0.132140332477305	0.148953659080236	0.13225095461656	0.117878630574927	0.124143028708369	0.115265934641243	0.135566942427262
#n_ages_ind															
30			
#n_lengths_ind															
0															
#yrs_ages_ind															
1	2	3	4	5	6	7	8	9	10	11	12	13	14	15	16	17	18	19	20	21	22	23	24	25	26	27	28	29	30	
#sample_ages_ind					
200	200	200	200	200	200	200	200	200	200	200	200	200	200	200	200	200	200	200	200	200	200	200	200	200	200	200	200	200	200
#page_ind						
0.095	0.14	0.165	0.12	0.12	0.045	0.065	0.045	0.025	0.015	0.02	0.145
0.09	0.13	0.095	0.115	0.155	0.08	0.06	0.045	0.04	0.04	0.035	0.115
0.07	0.16	0.1	0.13	0.075	0.08	0.11	0.055	0.07	0.025	0.03	0.095
0.045	0.105	0.14	0.13	0.095	0.055	0.095	0.065	0.055	0.04	0.04	0.135
0.09	0.14	0.15	0.155	0.09	0.1	0.055	0.055	0.055	0.02	0.01	0.08
0.06	0.19	0.145	0.125	0.15	0.065	0.075	0.035	0.025	0.05	0.01	0.07
0.015	0.205	0.255	0.11	0.065	0.07	0.08	0.045	0.015	0.02	0.01	0.11
0.095	0.075	0.15	0.175	0.105	0.04	0.085	0.045	0.04	0.025	0.02	0.145
0.1	0.215	0.095	0.16	0.12	0.09	0.05	0.03	0.03	0.03	0.005	0.075
0.1	0.165	0.205	0.065	0.09	0.105	0.045	0.04	0.035	0.05	0.015	0.085
0.075	0.19	0.255	0.145	0.085	0.085	0.045	0.04	0.02	0.01	0.02	0.03
0.08	0.2	0.16	0.14	0.11	0.055	0.07	0.04	0.02	0	0.03	0.095
0.11	0.16	0.155	0.17	0.135	0.075	0.055	0.03	0.04	0.015	0.02	0.035
0.08	0.24	0.16	0.11	0.095	0.135	0.05	0.02	0.015	0.04	0.02	0.035
0.06	0.21	0.25	0.115	0.065	0.08	0.07	0.04	0.005	0.035	0.025	0.045
0.145	0.17	0.115	0.165	0.09	0.08	0.04	0.045	0.045	0.015	0.015	0.075
0.09	0.265	0.135	0.155	0.12	0.06	0.04	0.01	0.055	0.02	0.01	0.04
0.075	0.12	0.26	0.1	0.125	0.1	0.06	0.035	0.03	0.04	0.015	0.04
0.115	0.16	0.17	0.205	0.135	0.06	0.06	0.02	0.01	0.025	0.01	0.03
0.14	0.22	0.175	0.105	0.15	0.055	0.055	0.045	0.02	0	0.02	0.015
0.125	0.255	0.21	0.14	0.055	0.085	0.03	0.04	0.035	0.01	0.005	0.01
0.11	0.19	0.235	0.175	0.11	0.05	0.04	0.025	0.02	0.01	0.015	0.02
0.1	0.25	0.225	0.19	0.095	0.015	0.025	0.03	0.015	0.02	0.02	0.015
0.13	0.215	0.255	0.15	0.11	0.06	0.03	0.015	0.01	0	0	0.025
0.125	0.275	0.19	0.13	0.075	0.1	0.025	0.02	0.01	0.025	0.01	0.015
0.155	0.185	0.27	0.14	0.075	0.075	0.03	0.02	0.01	0.02	0.005	0.015
0.17	0.29	0.175	0.13	0.07	0.045	0.05	0.01	0.045	0.005	0	0.01
0.155	0.255	0.28	0.11	0.105	0.045	0.015	0.01	0.01	0.005	0	0.01
0.08	0.265	0.25	0.195	0.08	0.065	0.02	0.01	0.02	0.015	0	0
0.16	0.19	0.25	0.185	0.095	0.05	0.025	0.03	0.01	0	0	0.005
#wt_age_ind						
1 1 1 1 1 1 1 1 1 1 1 1 
1 1 1 1 1 1 1 1 1 1 1 1 
1 1 1 1 1 1 1 1 1 1 1 1 
1 1 1 1 1 1 1 1 1 1 1 1 
1 1 1 1 1 1 1 1 1 1 1 1 
1 1 1 1 1 1 1 1 1 1 1 1 
1 1 1 1 1 1 1 1 1 1 1 1 
1 1 1 1 1 1 1 1 1 1 1 1 
1 1 1 1 1 1 1 1 1 1 1 1 
1 1 1 1 1 1 1 1 1 1 1 1 
1 1 1 1 1 1 1 1 1 1 1 1 
1 1 1 1 1 1 1 1 1 1 1 1 
1 1 1 1 1 1 1 1 1 1 1 1 
1 1 1 1 1 1 1 1 1 1 1 1 
1 1 1 1 1 1 1 1 1 1 1 1 
1 1 1 1 1 1 1 1 1 1 1 1 
1 1 1 1 1 1 1 1 1 1 1 1 
1 1 1 1 1 1 1 1 1 1 1 1 
1 1 1 1 1 1 1 1 1 1 1 1 
1 1 1 1 1 1 1 1 1 1 1 1 
1 1 1 1 1 1 1 1 1 1 1 1 
1 1 1 1 1 1 1 1 1 1 1 1 
1 1 1 1 1 1 1 1 1 1 1 1 
1 1 1 1 1 1 1 1 1 1 1 1 
1 1 1 1 1 1 1 1 1 1 1 1 
1 1 1 1 1 1 1 1 1 1 1 1 
1 1 1 1 1 1 1 1 1 1 1 1 
1 1 1 1 1 1 1 1 1 1 1 1 
1 1 1 1 1 1 1 1 1 1 1 1 
1 1 1 1 1 1 1 1 1 1 1 1 
# wt_pop
0.000530656	0.001196328	0.002058265	0.003034987	0.004055212	0.005064698	0.006026226	0.006916921	0.007724891	0.008446113	0.009081853	0.009636695
#maturity
0.02297737 0.32082130 0.90465054 0.99477987 0.99973881 0.99998699 0.99999935 0.99999997 1 1 1 1
#spmonth						
1		
#age_err						
1	0	0	0	0	0	0	0	0	0	0	0
0	1	0	0	0	0	0	0	0	0	0	0
0	0	1	0	0	0	0	0	0	0	0	0
0	0	0	1	0	0	0	0	0	0	0	0
0	0	0	0	1	0	0	0	0	0	0	0
0	0	0	0	0	1	0	0	0	0	0	0
0	0	0	0	0	0	1	0	0	0	0	0
0	0	0	0	0	0	0	1	0	0	0	0
0	0	0	0	0	0	0	0	1	0	0	0
0	0	0	0	0	0	0	0	0	1	0	0
0	0	0	0	0	0	0	0	0	0	1	0
0	0	0	0	0	0	0	0	0	0	0	1																														
