#styr												
1
#endyr												
30
#rec_age										
1															
#n_ages										
12
# numbers of length intervals
81
#Length	bin
10	11	12	13	14	15	16	17	18	19	20	21	22	23	24	25	26	27	28	29	30	31	32	33	34	35	36	37	38	39	40	41	42	43	44	45	46	47	48	49	50	51	52	53	54	55	56	57	58	59	60	61	62	63	64	65	66	67	68	69	70	71	72	73	74	75	76	77	78	79	80	81	82	83	84	85	86	87	88	89	90
#nfsh
1
#names_fsh
FLEET1												
#catch												
160.901379427558	460.706443157537	730.690839905305	953.850917080928	724.342381572963	1251.2823691901	1214.69532284681	2331.42887258422	1239.13990923562	1407.59417795831	1459.31563329961	1436.53152192068	992.760103473066	1362.1272928404	1368.36778659977	1177.90328931845	2161.75181493019	1572.4162957514	1447.80572350465	1327.19008701301	1623.65270541811	1046.01667228418	1580.91670112928	1154.14475268334	1096.86097047555	1002.91258588213	971.74999847221	1267.92979508575	893.808191403233	1308.84400983766
#catch_cv											
0.01	0.01	0.01	0.01	0.01	0.01	0.01	0.01	0.01	0.01	0.01	0.01	0.01	0.01	0.01	0.01	0.01	0.01	0.01	0.01	0.01	0.01	0.01	0.01	0.01	0.01	0.01	0.01	0.01	0.01
#n_ages_fsh								
30		
#n_lengths_fsh								
0															
#yrs_ages_fsh								
1	2	3	4	5	6	7	8	9	10	11	12	13	14	15	16	17	18	19	20	21	22	23	24	25	26	27	28	29	30	
#sample_ages_fsh							
200	200	200	200	200	200	200	200	200	200	200	200	200	200	200	200	200	200	200	200	200	200	200	200	200	200	200	200	200	200
#page_fsh	2	3	4	5	6	7	8	9	10	11						
0.065	0.14	0.105	0.115	0.13	0.12	0.085	0.055	0.01	0.05	0.015	0.11
0.09	0.1	0.135	0.115	0.095	0.065	0.075	0.05	0.07	0.055	0.055	0.095
0.04	0.075	0.13	0.155	0.115	0.08	0.085	0.105	0.04	0.015	0.005	0.155
0.1	0.12	0.095	0.135	0.105	0.085	0.07	0.055	0.05	0.035	0.01	0.14
0.06	0.115	0.1	0.11	0.14	0.045	0.08	0.065	0.06	0.06	0.025	0.14
0.06	0.11	0.165	0.12	0.1	0.08	0.05	0.05	0.05	0.065	0.035	0.115
0.065	0.135	0.2	0.16	0.055	0.035	0.085	0.055	0.02	0.03	0.04	0.12
0.095	0.155	0.115	0.175	0.125	0.045	0.015	0.045	0.03	0.05	0.05	0.1
0.05	0.12	0.185	0.09	0.16	0.095	0.065	0.045	0.035	0.03	0.03	0.095
0.055	0.135	0.125	0.22	0.05	0.08	0.125	0.025	0.025	0.03	0.01	0.12
0.1	0.155	0.105	0.105	0.105	0.09	0.085	0.07	0.015	0.02	0.005	0.145
0.145	0.15	0.145	0.11	0.11	0.105	0.04	0.03	0.04	0.01	0.02	0.095
0.1	0.115	0.215	0.11	0.09	0.06	0.095	0.03	0.05	0.03	0.015	0.09
0.095	0.145	0.135	0.13	0.09	0.07	0.06	0.045	0.045	0.06	0.045	0.08
0.12	0.155	0.16	0.165	0.105	0.065	0.035	0.025	0.045	0.03	0.03	0.065
0.13	0.165	0.155	0.125	0.105	0.09	0.055	0.03	0.04	0.03	0.005	0.07
0.1	0.14	0.235	0.16	0.095	0.075	0.07	0.045	0.02	0.015	0.015	0.03
0.11	0.125	0.165	0.205	0.085	0.07	0.04	0.05	0.045	0.025	0.015	0.065
0.09	0.2	0.205	0.105	0.145	0.105	0.025	0.03	0.035	0.03	0.005	0.025
0.095	0.135	0.235	0.185	0.055	0.09	0.08	0.05	0.025	0.01	0.005	0.035
0.11	0.125	0.145	0.24	0.07	0.115	0.065	0.045	0.025	0.005	0.01	0.045
0.14	0.16	0.165	0.09	0.155	0.105	0.03	0.08	0.025	0.015	0.01	0.025
0.12	0.225	0.185	0.155	0.07	0.095	0.05	0.03	0.035	0.005	0.01	0.02
0.185	0.195	0.2	0.135	0.095	0.035	0.075	0.015	0.025	0.015	0.005	0.02
0.17	0.29	0.165	0.11	0.1	0.02	0.035	0.05	0.025	0.015	0.02	0
0.155	0.19	0.265	0.18	0.075	0.045	0.045	0.01	0.02	0.005	0.005	0.005
0.17	0.21	0.205	0.16	0.1	0.05	0.025	0.015	0	0.03	0.015	0.02
0.105	0.155	0.155	0.26	0.145	0.075	0.045	0.035	0.01	0.005	0	0.01
0.19	0.19	0.23	0.145	0.09	0.06	0.055	0.015	0.005	0	0.005	0.015
0.2	0.275	0.16	0.115	0.07	0.105	0.025	0.02	0.01	0.005	0.01	0.005
#wt_age_fsh	1 2	3	4	5	6	7	8	9	10	11						
0.000530656	0.001196328	0.002058265	0.003034987	0.004055212	0.005064698	0.006026226	0.006916921	0.007724891	0.008446113	0.009081853	0.009636695
0.000530656	0.001196328	0.002058265	0.003034987	0.004055212	0.005064698	0.006026226	0.006916921	0.007724891	0.008446113	0.009081853	0.009636695
0.000530656	0.001196328	0.002058265	0.003034987	0.004055212	0.005064698	0.006026226	0.006916921	0.007724891	0.008446113	0.009081853	0.009636695
0.000530656	0.001196328	0.002058265	0.003034987	0.004055212	0.005064698	0.006026226	0.006916921	0.007724891	0.008446113	0.009081853	0.009636695
0.000530656	0.001196328	0.002058265	0.003034987	0.004055212	0.005064698	0.006026226	0.006916921	0.007724891	0.008446113	0.009081853	0.009636695
0.000530656	0.001196328	0.002058265	0.003034987	0.004055212	0.005064698	0.006026226	0.006916921	0.007724891	0.008446113	0.009081853	0.009636695
0.000530656	0.001196328	0.002058265	0.003034987	0.004055212	0.005064698	0.006026226	0.006916921	0.007724891	0.008446113	0.009081853	0.009636695
0.000530656	0.001196328	0.002058265	0.003034987	0.004055212	0.005064698	0.006026226	0.006916921	0.007724891	0.008446113	0.009081853	0.009636695
0.000530656	0.001196328	0.002058265	0.003034987	0.004055212	0.005064698	0.006026226	0.006916921	0.007724891	0.008446113	0.009081853	0.009636695
0.000530656	0.001196328	0.002058265	0.003034987	0.004055212	0.005064698	0.006026226	0.006916921	0.007724891	0.008446113	0.009081853	0.009636695
0.000530656	0.001196328	0.002058265	0.003034987	0.004055212	0.005064698	0.006026226	0.006916921	0.007724891	0.008446113	0.009081853	0.009636695
0.000530656	0.001196328	0.002058265	0.003034987	0.004055212	0.005064698	0.006026226	0.006916921	0.007724891	0.008446113	0.009081853	0.009636695
0.000530656	0.001196328	0.002058265	0.003034987	0.004055212	0.005064698	0.006026226	0.006916921	0.007724891	0.008446113	0.009081853	0.009636695
0.000530656	0.001196328	0.002058265	0.003034987	0.004055212	0.005064698	0.006026226	0.006916921	0.007724891	0.008446113	0.009081853	0.009636695
0.000530656	0.001196328	0.002058265	0.003034987	0.004055212	0.005064698	0.006026226	0.006916921	0.007724891	0.008446113	0.009081853	0.009636695
0.000530656	0.001196328	0.002058265	0.003034987	0.004055212	0.005064698	0.006026226	0.006916921	0.007724891	0.008446113	0.009081853	0.009636695
0.000530656	0.001196328	0.002058265	0.003034987	0.004055212	0.005064698	0.006026226	0.006916921	0.007724891	0.008446113	0.009081853	0.009636695
0.000530656	0.001196328	0.002058265	0.003034987	0.004055212	0.005064698	0.006026226	0.006916921	0.007724891	0.008446113	0.009081853	0.009636695
0.000530656	0.001196328	0.002058265	0.003034987	0.004055212	0.005064698	0.006026226	0.006916921	0.007724891	0.008446113	0.009081853	0.009636695
0.000530656	0.001196328	0.002058265	0.003034987	0.004055212	0.005064698	0.006026226	0.006916921	0.007724891	0.008446113	0.009081853	0.009636695
0.000530656	0.001196328	0.002058265	0.003034987	0.004055212	0.005064698	0.006026226	0.006916921	0.007724891	0.008446113	0.009081853	0.009636695
0.000530656	0.001196328	0.002058265	0.003034987	0.004055212	0.005064698	0.006026226	0.006916921	0.007724891	0.008446113	0.009081853	0.009636695
0.000530656	0.001196328	0.002058265	0.003034987	0.004055212	0.005064698	0.006026226	0.006916921	0.007724891	0.008446113	0.009081853	0.009636695
0.000530656	0.001196328	0.002058265	0.003034987	0.004055212	0.005064698	0.006026226	0.006916921	0.007724891	0.008446113	0.009081853	0.009636695
0.000530656	0.001196328	0.002058265	0.003034987	0.004055212	0.005064698	0.006026226	0.006916921	0.007724891	0.008446113	0.009081853	0.009636695
0.000530656	0.001196328	0.002058265	0.003034987	0.004055212	0.005064698	0.006026226	0.006916921	0.007724891	0.008446113	0.009081853	0.009636695
0.000530656	0.001196328	0.002058265	0.003034987	0.004055212	0.005064698	0.006026226	0.006916921	0.007724891	0.008446113	0.009081853	0.009636695
0.000530656	0.001196328	0.002058265	0.003034987	0.004055212	0.005064698	0.006026226	0.006916921	0.007724891	0.008446113	0.009081853	0.009636695
0.000530656	0.001196328	0.002058265	0.003034987	0.004055212	0.005064698	0.006026226	0.006916921	0.007724891	0.008446113	0.009081853	0.009636695
0.000530656	0.001196328	0.002058265	0.003034987	0.004055212	0.005064698	0.006026226	0.006916921	0.007724891	0.008446113	0.009081853	0.009636695
#nind
1
#ind_names									
SURVEY1									
#nobs_ind
30
#yrs_ind											
1	2	3	4	5	6	7	8	9	10	11	12	13	14	15	16	17	18	19	20	21	22	23	24	25	26	27	28	29	30	
#month_ind										
1															
#biom_ind											
1.51537320167103	1.17109448492995	1.48147407440442	1.478755563146	1.66329493770482	1.41015445231039	1.66279898629888	1.38232251299421	1.387260094266	1.18120676600042	1.04749306280303	1.12546897740704	1.19242484070739	0.873707588674988	1.1503727614713	1.20060941681771	0.962646651648761	0.913101783587699	0.942132890831433	0.695730311198886	0.650887436910108	0.632343299962484	0.545469077832633	0.487864414747363	0.571180812081708	0.773696279665988	0.548764278769942	0.604446231163897	0.558103365615116	0.701497857404666
#biom_cv																
0.303074640334206	0.234218896985989	0.296294814880885	0.295751112629201	0.332658987540964	0.282030890462078	0.332559797259776	0.276464502598842	0.277452018853201	0.236241353200085	0.209498612560607	0.225093795481408	0.238484968141478	0.174741517734998	0.23007455229426	0.240121883363543	0.192529330329752	0.18262035671754	0.188426578166287	0.139146062239777	0.130177487382022	0.126468659992497	0.109093815566527	0.0975728829494725	0.114236162416342	0.154739255933198	0.109752855753988	0.120889246232779	0.111620673123023	0.140299571480933
#n_ages_ind															
30			
#n_lengths_ind															
0															
#yrs_ages_ind															
1	2	3	4	5	6	7	8	9	10	11	12	13	14	15	16	17	18	19	20	21	22	23	24	25	26	27	28	29	30	
#sample_ages_ind					
200	200	200	200	200	200	200	200	200	200	200	200	200	200	200	200	200	200	200	200	200	200	200	200	200	200	200	200	200	200
#page_ind						
0.08	0.18	0.125	0.105	0.125	0.085	0.055	0.025	0.035	0.025	0.03	0.13
0.07	0.17	0.15	0.1	0.065	0.085	0.085	0.065	0.02	0.035	0.045	0.11
0.05	0.125	0.19	0.1	0.115	0.06	0.06	0.035	0.05	0.045	0.03	0.14
0.13	0.1	0.135	0.1	0.095	0.065	0.06	0.07	0.04	0.05	0.03	0.125
0.04	0.205	0.125	0.115	0.065	0.075	0.05	0.05	0.055	0.035	0.01	0.175
0.065	0.18	0.155	0.1	0.09	0.1	0.05	0.05	0.025	0.02	0.04	0.125
0.105	0.145	0.165	0.125	0.08	0.05	0.075	0.035	0.05	0.04	0.02	0.11
0.065	0.21	0.145	0.175	0.07	0.085	0.055	0.03	0.035	0	0.025	0.105
0.065	0.185	0.165	0.125	0.12	0.065	0.055	0.03	0.045	0.025	0.025	0.095
0.065	0.145	0.18	0.155	0.075	0.095	0.06	0.035	0.02	0.03	0.015	0.125
0.06	0.095	0.155	0.145	0.155	0.1	0.075	0.05	0.025	0.03	0.01	0.1
0.105	0.17	0.215	0.09	0.1	0.085	0.06	0.07	0.03	0.03	0.01	0.035
0.11	0.185	0.215	0.13	0.055	0.06	0.03	0.04	0.025	0.035	0.03	0.085
0.105	0.225	0.17	0.14	0.08	0.035	0.05	0.055	0.03	0.015	0.025	0.07
0.145	0.155	0.205	0.125	0.09	0.05	0.035	0.045	0.03	0.02	0.025	0.075
0.11	0.27	0.13	0.13	0.125	0.04	0.05	0.015	0.025	0.025	0.005	0.075
0.07	0.23	0.25	0.125	0.115	0.045	0.04	0.035	0.02	0.02	0.02	0.03
0.125	0.15	0.19	0.155	0.1	0.08	0.06	0.05	0.03	0.025	0.005	0.03
0.065	0.26	0.195	0.155	0.135	0.055	0.045	0.035	0.02	0	0.015	0.02
0.085	0.165	0.255	0.145	0.13	0.115	0.025	0.02	0.02	0.005	0.005	0.03
0.085	0.185	0.175	0.19	0.135	0.065	0.07	0.03	0.015	0.015	0.01	0.025
0.13	0.2	0.18	0.08	0.155	0.065	0.05	0.055	0.025	0.03	0.005	0.025
0.11	0.225	0.205	0.095	0.085	0.11	0.055	0.03	0.03	0.01	0.01	0.035
0.135	0.335	0.185	0.145	0.08	0.02	0.02	0.03	0.02	0.005	0.015	0.01
0.1	0.27	0.26	0.135	0.095	0.04	0.025	0.025	0.03	0	0.005	0.015
0.095	0.26	0.265	0.145	0.075	0.055	0.065	0.005	0.005	0.005	0.01	0.015
0.11	0.175	0.235	0.2	0.105	0.055	0.04	0.025	0.01	0.025	0	0.02
0.11	0.19	0.24	0.19	0.105	0.08	0.035	0.01	0.015	0.01	0.005	0.01
0.175	0.19	0.24	0.11	0.085	0.07	0.065	0.035	0.02	0.01	0	0
0.17	0.295	0.205	0.13	0.05	0.075	0.06	0	0.005	0	0.005	0.005
#wt_age_ind						
1 1 1 1 1 1 1 1 1 1 1 1 
1 1 1 1 1 1 1 1 1 1 1 1 
1 1 1 1 1 1 1 1 1 1 1 1 
1 1 1 1 1 1 1 1 1 1 1 1 
1 1 1 1 1 1 1 1 1 1 1 1 
1 1 1 1 1 1 1 1 1 1 1 1 
1 1 1 1 1 1 1 1 1 1 1 1 
1 1 1 1 1 1 1 1 1 1 1 1 
1 1 1 1 1 1 1 1 1 1 1 1 
1 1 1 1 1 1 1 1 1 1 1 1 
1 1 1 1 1 1 1 1 1 1 1 1 
1 1 1 1 1 1 1 1 1 1 1 1 
1 1 1 1 1 1 1 1 1 1 1 1 
1 1 1 1 1 1 1 1 1 1 1 1 
1 1 1 1 1 1 1 1 1 1 1 1 
1 1 1 1 1 1 1 1 1 1 1 1 
1 1 1 1 1 1 1 1 1 1 1 1 
1 1 1 1 1 1 1 1 1 1 1 1 
1 1 1 1 1 1 1 1 1 1 1 1 
1 1 1 1 1 1 1 1 1 1 1 1 
1 1 1 1 1 1 1 1 1 1 1 1 
1 1 1 1 1 1 1 1 1 1 1 1 
1 1 1 1 1 1 1 1 1 1 1 1 
1 1 1 1 1 1 1 1 1 1 1 1 
1 1 1 1 1 1 1 1 1 1 1 1 
1 1 1 1 1 1 1 1 1 1 1 1 
1 1 1 1 1 1 1 1 1 1 1 1 
1 1 1 1 1 1 1 1 1 1 1 1 
1 1 1 1 1 1 1 1 1 1 1 1 
1 1 1 1 1 1 1 1 1 1 1 1 
# wt_pop
0.000530656	0.001196328	0.002058265	0.003034987	0.004055212	0.005064698	0.006026226	0.006916921	0.007724891	0.008446113	0.009081853	0.009636695
#maturity
0.02297737 0.32082130 0.90465054 0.99477987 0.99973881 0.99998699 0.99999935 0.99999997 1 1 1 1
#spmonth						
1		
#age_err						
1	0	0	0	0	0	0	0	0	0	0	0
0	1	0	0	0	0	0	0	0	0	0	0
0	0	1	0	0	0	0	0	0	0	0	0
0	0	0	1	0	0	0	0	0	0	0	0
0	0	0	0	1	0	0	0	0	0	0	0
0	0	0	0	0	1	0	0	0	0	0	0
0	0	0	0	0	0	1	0	0	0	0	0
0	0	0	0	0	0	0	1	0	0	0	0
0	0	0	0	0	0	0	0	1	0	0	0
0	0	0	0	0	0	0	0	0	1	0	0
0	0	0	0	0	0	0	0	0	0	1	0
0	0	0	0	0	0	0	0	0	0	0	1																														
