# Number of parameters = 77  Objective function value = 26224.7  Maximum gradient component = 0.00343490
# sel_params[1]:
1.95850855841
# sel_params[2]:
0.974873698930
# log_Fmult_year1:
 -4.61933730907
# log_Fmult_devs:
 1.04175795994 0.486109674324 0.303987376780 -0.225627521090 0.574288913577 0.0116553559370 0.754311149491 -0.539855508646 0.190590398860 0.134628179327 0.0638831496103 -0.312366319917 0.380863654539 0.0626189230077 -0.114977300285 0.666739644690 -0.198578579559 -0.0155368343039 -0.00809042519188 0.323394064804 -0.301661280411 0.486457779963 -0.196297731259 0.0127971123719 -0.0938696899447 0.0124362420912 0.362443486529 -0.263214961351 0.432868429089
# log_recruit_devs:
 -0.0401601446177 0.250601555385 -0.163885721131 -0.283560181182 -0.0957152270242 0.120995029112 0.0888783232706 0.0718998173785 0.246071751277 -0.307977388727 -0.0865427942215 0.0971591762466 0.0654344986759 0.396167565447 -0.0930776862576 0.284167675162 0.136775037199 -0.323588972249 -0.102239009506 -0.0674942003292 -0.365628754372 -0.136974900061 0.108182928205 -0.0584789920096 0.213710915699 -0.0608922576171 -0.0116070275060 0.289780504131 -0.276279284316 0.104277763938
# log_N_year1_devs:
 0.132222303929 -0.0240366099581 0.133766619880 -0.0557615914165 0.0850671930687 -0.119351951316 -0.0522119536341 -0.226709868005 -0.171830355938 -0.421031202745 -0.254710238181
# log_q_year1:
 -7.96200167704
# log_q_devs:
 0.00000000000 0.00000000000 0.00000000000 0.00000000000 0.00000000000 0.00000000000 0.00000000000 0.00000000000 0.00000000000 0.00000000000 0.00000000000 0.00000000000 0.00000000000 0.00000000000 0.00000000000 0.00000000000 0.00000000000 0.00000000000 0.00000000000 0.00000000000 0.00000000000 0.00000000000 0.00000000000 0.00000000000 0.00000000000 0.00000000000 0.00000000000 0.00000000000 0.00000000000
# index_sel_params[1]:
1.49732222314
# index_sel_params[2]:
0.484833508473
# log_SR_scaler:
6.88650469888
# SR_steepness:
0.750000000000
