#######GENERAL HEADER INPUT#######
1
30
1
30
1
30
30
12
1	2	3	4	5	6	7	8	9	10	11	12
12
1	2	3	4	5	6	7	8	9	10	11	12
1
1001
1
1
#######SURVEY DATA#######
30
1	2	3	4	5	6	7	8	9	10	11	12	13	14	15	16	17	18	19	20	21	22	23	24	25	26	27	28	29	30
1.33917297617067	1.68929516768894	1.60221655819926	1.54463263843342	1.53962779805963	1.47604477312337	1.26052838881788	1.29488569414025	1.15039804694819	1.28066898702398	1.14560561153021	1.03318184545018	1.05701308830292	0.864554594895933	1.07519964483629	1.08363382516523	0.840227111263448	0.85155020195498	0.736998159786332	0.752647948813258	0.817079001288295	0.63987825889863	0.688617132240715	0.63455686334182	0.621205392406737	0.604682764433604	0.626180108467249	0.742892463244713	0.629082153361253	0.565140011958722
0.2	0.2	0.2	0.2	0.2	0.2	0.2	0.2	0.2	0.2	0.2	0.2	0.2	0.2	0.2	0.2	0.2	0.2	0.2	0.2	0.2	0.2	0.2	0.2	0.2	0.2	0.2	0.2	0.2	0.2
30
1	2	3	4	5	6	7	8	9	10	11	12	13	14	15	16	17	18	19	20	21	22	23	24	25	26	27	28	29	30
200	200	200	200	200	200	200	200	200	200	200	200	200	200	200	200	200	200	200	200	200	200	200	200	200	200	200	200	200	200
200	200	200	200	200	200	200	200	200	200	200	200	200	200	200	200	200	200	200	200	200	200	200	200	200	200	200	200	200	200
0.045	0.15	0.13	0.115	0.115	0.07	0.09	0.05	0.045	0.02	0.03	0.14
0.07	0.115	0.145	0.125	0.125	0.07	0.065	0.07	0.05	0.035	0.02	0.11
0.055	0.16	0.2	0.1	0.09	0.09	0.045	0.035	0.04	0.04	0.035	0.11
0.06	0.1	0.23	0.135	0.09	0.075	0.055	0.05	0.03	0.015	0.015	0.145
0.065	0.175	0.115	0.155	0.11	0.06	0.06	0.06	0.035	0.045	0.035	0.085
0.08	0.145	0.205	0.095	0.13	0.055	0.04	0.055	0.025	0.05	0.02	0.1
0.055	0.16	0.14	0.16	0.085	0.09	0.06	0.04	0.02	0.03	0.04	0.12
0.085	0.1	0.145	0.16	0.105	0.03	0.08	0.045	0.035	0.02	0.04	0.155
0.105	0.13	0.15	0.13	0.11	0.115	0.06	0.06	0.03	0.02	0.01	0.08
0.07	0.145	0.185	0.145	0.07	0.075	0.06	0.05	0.07	0.01	0.025	0.095
0.12	0.165	0.195	0.075	0.095	0.07	0.1	0.025	0.025	0.05	0.015	0.065
0.065	0.215	0.19	0.155	0.08	0.07	0.04	0.05	0.04	0.005	0.03	0.06
0.09	0.165	0.205	0.145	0.12	0.05	0.03	0.06	0.025	0.02	0.015	0.075
0.165	0.14	0.105	0.195	0.12	0.07	0.055	0.05	0.01	0.03	0.02	0.04
0.09	0.27	0.15	0.11	0.11	0.095	0.035	0.04	0.035	0.015	0.015	0.035
0.07	0.225	0.25	0.115	0.1	0.07	0.025	0.055	0.02	0	0.02	0.05
0.115	0.16	0.215	0.23	0.075	0.04	0.035	0.025	0.04	0.015	0.015	0.035
0.085	0.22	0.14	0.19	0.165	0.045	0.02	0.045	0.02	0.045	0.005	0.02
0.13	0.165	0.235	0.12	0.105	0.115	0.025	0.015	0.035	0.015	0.015	0.025
0.085	0.23	0.17	0.2	0.075	0.13	0.035	0.025	0.005	0	0.005	0.04
0.1	0.19	0.275	0.125	0.09	0.045	0.095	0.045	0.005	0.02	0	0.01
0.09	0.235	0.155	0.225	0.075	0.085	0.035	0.045	0.03	0.005	0.005	0.015
0.125	0.22	0.235	0.11	0.12	0.065	0.045	0.02	0.02	0.025	0	0.015
0.1	0.32	0.17	0.1	0.09	0.09	0.02	0.03	0.01	0.03	0.015	0.025
0.075	0.245	0.22	0.21	0.08	0.045	0.04	0.015	0.01	0.015	0	0.045
0.13	0.22	0.26	0.175	0.085	0.055	0.015	0.015	0.01	0.025	0.005	0.005
0.09	0.315	0.26	0.12	0.11	0.03	0.015	0.02	0.02	0.005	0.005	0.01
0.155	0.165	0.295	0.14	0.1	0.065	0.04	0.01	0.01	0.005	0.01	0.005
0.11	0.235	0.18	0.225	0.135	0.045	0.015	0.02	0.02	0.005	0.01	0
0.145	0.23	0.24	0.105	0.16	0.04	0.01	0.03	0.02	0	0	0.02
#######LANDINGS DATA#######
1
30
160.580458026669	460.835852759679	746.996343523451	993.759656017498	756.217701632871	1309.3104881982	1256.70102221135	2392.55482516725	1246.72816008599	1400.18362198707	1470.49442777039	1460.9656976277	1006.63187305795	1391.91447436705	1400.46837648721	1208.21673929361	2191.21492208007	1597.16131320772	1454.358137438	1343.8176855809	1675.26420708935	1085.52772444932	1610.33895366371	1196.37133168573	1130.57928720202	1022.65765912382	1014.00658625251	1352.41437824062	957.329676620814	1336.9650104095
0.01	0.01	0.01	0.01	0.01	0.01	0.01	0.01	0.01	0.01	0.01	0.01	0.01	0.01	0.01	0.01	0.01	0.01	0.01	0.01	0.01	0.01	0.01	0.01	0.01	0.01	0.01	0.01	0.01	0.01
30
1	2	3	4	5	6	7	8	9	10	11	12	13	14	15	16	17	18	19	20	21	22	23	24	25	26	27	28	29	30
200	200	200	200	200	200	200	200	200	200	200	200	200	200	200	200	200	200	200	200	200	200	200	200	200	200	200	200	200	200
200	200	200	200	200	200	200	200	200	200	200	200	200	200	200	200	200	200	200	200	200	200	200	200	200	200	200	200	200	200
0.045	0.11	0.105	0.12	0.145	0.085	0.075	0.065	0.04	0.02	0.02	0.17
0.09	0.1	0.135	0.13	0.1	0.06	0.06	0.04	0.065	0.025	0.04	0.155
0.07	0.1	0.08	0.14	0.085	0.105	0.07	0.045	0.06	0.04	0.045	0.16
0.055	0.12	0.17	0.125	0.095	0.075	0.065	0.06	0.035	0.02	0.025	0.155
0.08	0.125	0.075	0.14	0.105	0.075	0.1	0.055	0.045	0.04	0.015	0.145
0.045	0.12	0.185	0.09	0.09	0.1	0.07	0.08	0.055	0.045	0.035	0.085
0.065	0.09	0.155	0.11	0.115	0.11	0.1	0.055	0.045	0.03	0.02	0.105
0.08	0.105	0.11	0.145	0.13	0.08	0.085	0.07	0.06	0.035	0.025	0.075
0.06	0.14	0.12	0.1	0.15	0.095	0.045	0.065	0.045	0.01	0.035	0.135
0.085	0.17	0.16	0.145	0.135	0.06	0.08	0.025	0.04	0.015	0.025	0.06
0.13	0.145	0.17	0.145	0.075	0.075	0.08	0.03	0.01	0.045	0.005	0.09
0.06	0.215	0.125	0.115	0.09	0.11	0.065	0.065	0.04	0.025	0.025	0.065
0.09	0.08	0.24	0.21	0.09	0.075	0.035	0.025	0.03	0.03	0.015	0.08
0.18	0.105	0.115	0.17	0.12	0.1	0.045	0.045	0.02	0.03	0.01	0.06
0.155	0.19	0.12	0.13	0.16	0.06	0.03	0.04	0.025	0.015	0.01	0.065
0.075	0.22	0.25	0.1	0.055	0.095	0.06	0.04	0.005	0.015	0.015	0.07
0.095	0.095	0.255	0.145	0.12	0.055	0.06	0.03	0.07	0.015	0.01	0.05
0.055	0.21	0.145	0.17	0.145	0.055	0.06	0.055	0.03	0.02	0.015	0.04
0.14	0.165	0.175	0.135	0.13	0.115	0.035	0.03	0.01	0.015	0.01	0.04
0.075	0.17	0.195	0.21	0.09	0.095	0.055	0.025	0.025	0.025	0.01	0.025
0.12	0.135	0.235	0.12	0.085	0.08	0.08	0.06	0.01	0.005	0.03	0.04
0.145	0.14	0.165	0.17	0.14	0.085	0.03	0.045	0.025	0.01	0.005	0.04
0.16	0.175	0.215	0.065	0.12	0.09	0.065	0.01	0.035	0.03	0.02	0.015
0.165	0.175	0.145	0.185	0.08	0.11	0.065	0.015	0.02	0.02	0.015	0.005
0.14	0.195	0.275	0.11	0.07	0.075	0.055	0.025	0.025	0.015	0.01	0.005
0.25	0.135	0.175	0.19	0.085	0.055	0.015	0.04	0.025	0	0.005	0.025
0.11	0.275	0.195	0.185	0.105	0.02	0.04	0.01	0.015	0.025	0	0.02
0.175	0.16	0.25	0.14	0.095	0.08	0.035	0.025	0.01	0.005	0.01	0.015
0.23	0.185	0.175	0.175	0.1	0.04	0.03	0.03	0.02	0	0.01	0.005
0.13	0.225	0.23	0.115	0.16	0.08	0.025	0.01	0.01	0.005	0	0.01
#######PARAMETER SECTION#######
800	400	1200	-4	800	-0.25	1
0.18	0.01	1	-4	0.18	-0.25	1
-1.36	-5	-0.001	-4	-1.36	-0.25	1
0.1	0.05	0.3	-4	0.1	-0.25	1
0.2	0.01	0.5	-4	0.2	-0.25	1
0.75	0.20001	1	-3	0.75	-0.25	1
13.815511	-1	200	1	13.815511	-0.25	1
0	-1	1	-4	0	-0.25	1
0.2	1e-04	1.2	-3	0.2	-0.25	1
0	-10	10	-6	0	-1	1
0	-10	10	-6	0	-1	1
2	0	12	2	2	-0.5	1
1	0	12	2	1	-0.5	1
2	0	12	-2	2	-0.5	1
1	0	12	-2	1	-0.5	1
1.5	0	12	2	1.5	-0.5	1
2	0	12	2	2	-0.5	1
-14.8585567542413	-30	5	1	-14.8585567542413	-1	1
1	0.1	2	-1	1	-1	1
-1.54399197800355	-10	1.39	1	-1.54399197800355	-1	1
#######DEV CONSTRAINTS and DEVS#######
-15	15	2
-15	15	2
-15	15	2
0	0	0	0	0	0	0	0	0	0	0	0	0	0	0	0	0	0	0	0	0	0	0	0	0	0	0	0	0	0
0	0	0	0	0	0	0	0	0	0	0	0	0	0	0	0	0	0	0	0	0	0	0	0	0	0	0	0	0	0
0	0	0	0	0	0	0	0	0	0	0
#######LIKELIHOOD WEIGHTS#######
1
1
1
1
0
1
0
0
0
#######MISCELLANEOUS STUFF SECTION#######
2.5e-08
3
0.5	0.5	0.5	0.5	0.5	0.5	0.5	0.5	0.5	0.5	0.5	0.5
0.0229773699100256	0.320821300824607	0.904650535100891	0.994779874306442	0.999738809680904	0.999986992871533	0.999999352405202	0.999999967758134	0.999999998394772	0.99999999992008	0.999999999996021	0.999999999999802
0.2	0.2	0.2	0.2	0.2	0.2	0.2	0.2	0.2	0.2	0.2	0.2
0
1
10
0.2
1
1	0	0	0	0	0	0	0	0	0	0	0
0	1	0	0	0	0	0	0	0	0	0	0
0	0	1	0	0	0	0	0	0	0	0	0
0	0	0	1	0	0	0	0	0	0	0	0
0	0	0	0	1	0	0	0	0	0	0	0
0	0	0	0	0	1	0	0	0	0	0	0
0	0	0	0	0	0	1	0	0	0	0	0
0	0	0	0	0	0	0	1	0	0	0	0
0	0	0	0	0	0	0	0	1	0	0	0
0	0	0	0	0	0	0	0	0	1	0	0
0	0	0	0	0	0	0	0	0	0	1	0
0	0	0	0	0	0	0	0	0	0	0	1
40
31
2
1
#######END OF DATA FILE#######
999
