# Number of parameters = 77  Objective function value = 26249.0  Maximum gradient component = 0.00173037
# sel_params[1]:
2.01432377070
# sel_params[2]:
1.07122183039
# log_Fmult_year1:
 -4.63362811449
# log_Fmult_devs:
 1.04752384038 0.495715703888 0.313206323122 -0.228653517241 0.578930315564 0.00741306934687 0.754261917707 -0.532183835825 0.176068288065 0.129821033467 0.0715343778978 -0.312742070337 0.375997657748 0.0612341720494 -0.112076476845 0.675473739172 -0.199719025217 -0.00667410193105 0.00360289989393 0.334459301950 -0.324167730428 0.499939955078 -0.172861955524 0.00105290957860 -0.0721614114903 -0.0231006937606 0.350665608095 -0.252105090374 0.460329376184
# log_recruit_devs:
 -0.0347063589611 -0.231015872043 -0.312377571490 -0.0235749339840 -0.0892370697998 -0.256694652671 0.158815738738 0.102989488292 0.267636063635 -0.147024008710 0.246886069965 -0.102314978139 0.0190203351072 0.181151241818 -0.0709163204532 -0.137868426728 -0.124203211252 0.0837099015975 -0.0417880284956 -0.000909841471892 -0.161332492421 0.217110985116 0.266062052037 -0.0989899333315 0.107053191026 0.135403297441 0.0602526251925 0.161058635239 0.0460894093754 -0.220285334626
# log_N_year1_devs:
 0.0228123291206 0.0905080431482 -0.113310459110 -0.0556940333417 0.0826875659694 -0.132449321797 -0.120716037921 -0.215288972271 0.0713527114528 -0.548800968412 -0.128938234373
# log_q_year1:
 -8.00537013055
# log_q_devs:
 0.00000000000 0.00000000000 0.00000000000 0.00000000000 0.00000000000 0.00000000000 0.00000000000 0.00000000000 0.00000000000 0.00000000000 0.00000000000 0.00000000000 0.00000000000 0.00000000000 0.00000000000 0.00000000000 0.00000000000 0.00000000000 0.00000000000 0.00000000000 0.00000000000 0.00000000000 0.00000000000 0.00000000000 0.00000000000 0.00000000000 0.00000000000 0.00000000000 0.00000000000
# index_sel_params[1]:
1.49683738123
# index_sel_params[2]:
0.504224086864
# log_SR_scaler:
6.96362966562
# SR_steepness:
0.750000000000
