#styr												
1
#endyr												
30
#rec_age										
1															
#n_ages										
12
# numbers of length intervals
81
#Length	bin
10	11	12	13	14	15	16	17	18	19	20	21	22	23	24	25	26	27	28	29	30	31	32	33	34	35	36	37	38	39	40	41	42	43	44	45	46	47	48	49	50	51	52	53	54	55	56	57	58	59	60	61	62	63	64	65	66	67	68	69	70	71	72	73	74	75	76	77	78	79	80	81	82	83	84	85	86	87	88	89	90
#nfsh
1
#names_fsh
FLEET1												
#catch												
160.732153695044	458.264192133297	743.229429280299	979.442615971071	755.832010065526	1298.73121132647	1255.69165453682	2371.88252813409	1267.99273513813	1433.03434258304	1522.05766010539	1520.26216799853	1059.58919757433	1504.30640808991	1501.70049400844	1288.10121864529	2205.02308631703	1569.76013834383	1445.00343878064	1343.91311265793	1753.64269560866	1183.9326065725	1789.93309403564	1342.48621422536	1256.48930732744	1123.02192266852	1093.96344933541	1486.29392584356	1096.72374518368	1558.60881239592
#catch_cv											
0.01	0.01	0.01	0.01	0.01	0.01	0.01	0.01	0.01	0.01	0.01	0.01	0.01	0.01	0.01	0.01	0.01	0.01	0.01	0.01	0.01	0.01	0.01	0.01	0.01	0.01	0.01	0.01	0.01	0.01
#n_ages_fsh								
30		
#n_lengths_fsh								
0															
#yrs_ages_fsh								
1	2	3	4	5	6	7	8	9	10	11	12	13	14	15	16	17	18	19	20	21	22	23	24	25	26	27	28	29	30	
#sample_ages_fsh							
200	200	200	200	200	200	200	200	200	200	200	200	200	200	200	200	200	200	200	200	200	200	200	200	200	200	200	200	200	200
#page_fsh	2	3	4	5	6	7	8	9	10	11						
0.07	0.1	0.12	0.11	0.12	0.085	0.055	0.055	0.06	0.03	0.03	0.165
0.105	0.115	0.11	0.105	0.125	0.045	0.08	0.06	0.035	0.045	0.04	0.135
0.08	0.115	0.15	0.155	0.065	0.085	0.06	0.065	0.05	0.04	0.03	0.105
0.055	0.17	0.105	0.105	0.06	0.11	0.095	0.08	0.045	0.04	0.025	0.11
0.075	0.11	0.195	0.11	0.12	0.055	0.05	0.065	0.02	0.04	0.015	0.145
0.095	0.09	0.12	0.125	0.135	0.06	0.05	0.05	0.06	0.05	0.02	0.145
0.06	0.135	0.125	0.13	0.165	0.08	0.07	0.03	0.03	0.04	0.02	0.115
0.065	0.11	0.18	0.145	0.09	0.095	0.075	0.065	0.045	0.035	0.005	0.09
0.12	0.09	0.125	0.14	0.105	0.06	0.085	0.06	0.03	0.035	0.015	0.135
0.09	0.14	0.09	0.14	0.11	0.1	0.08	0.05	0.035	0.03	0.02	0.115
0.09	0.115	0.21	0.1	0.12	0.085	0.085	0.065	0.025	0.025	0.01	0.07
0.12	0.165	0.15	0.17	0.1	0.075	0.055	0.025	0.015	0.045	0.02	0.06
0.1	0.14	0.105	0.17	0.14	0.07	0.07	0.055	0.035	0.02	0.015	0.08
0.12	0.125	0.21	0.175	0.06	0.095	0.03	0.04	0.035	0.025	0.005	0.08
0.06	0.1	0.2	0.185	0.11	0.08	0.08	0.035	0.02	0.02	0.01	0.1
0.11	0.08	0.145	0.155	0.16	0.095	0.065	0.07	0.015	0.005	0.015	0.085
0.1	0.145	0.16	0.13	0.115	0.11	0.08	0.05	0.045	0.01	0.025	0.03
0.095	0.115	0.21	0.1	0.09	0.135	0.09	0.045	0.055	0.015	0.01	0.04
0.195	0.195	0.165	0.125	0.06	0.045	0.045	0.07	0.035	0.02	0.015	0.03
0.115	0.23	0.195	0.155	0.07	0.045	0.025	0.055	0.03	0.045	0.005	0.03
0.13	0.135	0.28	0.165	0.12	0.035	0.03	0.03	0.02	0.015	0.015	0.025
0.115	0.165	0.22	0.185	0.1	0.065	0.07	0.02	0.015	0.01	0.02	0.015
0.12	0.2	0.205	0.135	0.145	0.075	0.05	0.01	0.03	0.005	0.015	0.01
0.17	0.21	0.225	0.09	0.07	0.12	0.04	0.015	0.03	0.01	0.015	0.005
0.215	0.16	0.19	0.175	0.095	0.05	0.04	0.04	0.015	0	0.005	0.015
0.145	0.22	0.23	0.14	0.125	0.03	0.045	0.015	0.015	0.02	0.005	0.01
0.18	0.215	0.205	0.16	0.1	0.055	0.015	0.025	0.025	0.01	0.01	0
0.245	0.26	0.175	0.085	0.095	0.055	0.03	0.025	0.015	0.005	0	0.01
0.095	0.22	0.23	0.16	0.125	0.075	0.05	0.035	0	0	0.005	0.005
0.145	0.185	0.245	0.135	0.115	0.09	0.02	0.025	0.025	0	0	0.015
#wt_age_fsh	1 2	3	4	5	6	7	8	9	10	11						
0.000530656	0.001196328	0.002058265	0.003034987	0.004055212	0.005064698	0.006026226	0.006916921	0.007724891	0.008446113	0.009081853	0.009636695
0.000530656	0.001196328	0.002058265	0.003034987	0.004055212	0.005064698	0.006026226	0.006916921	0.007724891	0.008446113	0.009081853	0.009636695
0.000530656	0.001196328	0.002058265	0.003034987	0.004055212	0.005064698	0.006026226	0.006916921	0.007724891	0.008446113	0.009081853	0.009636695
0.000530656	0.001196328	0.002058265	0.003034987	0.004055212	0.005064698	0.006026226	0.006916921	0.007724891	0.008446113	0.009081853	0.009636695
0.000530656	0.001196328	0.002058265	0.003034987	0.004055212	0.005064698	0.006026226	0.006916921	0.007724891	0.008446113	0.009081853	0.009636695
0.000530656	0.001196328	0.002058265	0.003034987	0.004055212	0.005064698	0.006026226	0.006916921	0.007724891	0.008446113	0.009081853	0.009636695
0.000530656	0.001196328	0.002058265	0.003034987	0.004055212	0.005064698	0.006026226	0.006916921	0.007724891	0.008446113	0.009081853	0.009636695
0.000530656	0.001196328	0.002058265	0.003034987	0.004055212	0.005064698	0.006026226	0.006916921	0.007724891	0.008446113	0.009081853	0.009636695
0.000530656	0.001196328	0.002058265	0.003034987	0.004055212	0.005064698	0.006026226	0.006916921	0.007724891	0.008446113	0.009081853	0.009636695
0.000530656	0.001196328	0.002058265	0.003034987	0.004055212	0.005064698	0.006026226	0.006916921	0.007724891	0.008446113	0.009081853	0.009636695
0.000530656	0.001196328	0.002058265	0.003034987	0.004055212	0.005064698	0.006026226	0.006916921	0.007724891	0.008446113	0.009081853	0.009636695
0.000530656	0.001196328	0.002058265	0.003034987	0.004055212	0.005064698	0.006026226	0.006916921	0.007724891	0.008446113	0.009081853	0.009636695
0.000530656	0.001196328	0.002058265	0.003034987	0.004055212	0.005064698	0.006026226	0.006916921	0.007724891	0.008446113	0.009081853	0.009636695
0.000530656	0.001196328	0.002058265	0.003034987	0.004055212	0.005064698	0.006026226	0.006916921	0.007724891	0.008446113	0.009081853	0.009636695
0.000530656	0.001196328	0.002058265	0.003034987	0.004055212	0.005064698	0.006026226	0.006916921	0.007724891	0.008446113	0.009081853	0.009636695
0.000530656	0.001196328	0.002058265	0.003034987	0.004055212	0.005064698	0.006026226	0.006916921	0.007724891	0.008446113	0.009081853	0.009636695
0.000530656	0.001196328	0.002058265	0.003034987	0.004055212	0.005064698	0.006026226	0.006916921	0.007724891	0.008446113	0.009081853	0.009636695
0.000530656	0.001196328	0.002058265	0.003034987	0.004055212	0.005064698	0.006026226	0.006916921	0.007724891	0.008446113	0.009081853	0.009636695
0.000530656	0.001196328	0.002058265	0.003034987	0.004055212	0.005064698	0.006026226	0.006916921	0.007724891	0.008446113	0.009081853	0.009636695
0.000530656	0.001196328	0.002058265	0.003034987	0.004055212	0.005064698	0.006026226	0.006916921	0.007724891	0.008446113	0.009081853	0.009636695
0.000530656	0.001196328	0.002058265	0.003034987	0.004055212	0.005064698	0.006026226	0.006916921	0.007724891	0.008446113	0.009081853	0.009636695
0.000530656	0.001196328	0.002058265	0.003034987	0.004055212	0.005064698	0.006026226	0.006916921	0.007724891	0.008446113	0.009081853	0.009636695
0.000530656	0.001196328	0.002058265	0.003034987	0.004055212	0.005064698	0.006026226	0.006916921	0.007724891	0.008446113	0.009081853	0.009636695
0.000530656	0.001196328	0.002058265	0.003034987	0.004055212	0.005064698	0.006026226	0.006916921	0.007724891	0.008446113	0.009081853	0.009636695
0.000530656	0.001196328	0.002058265	0.003034987	0.004055212	0.005064698	0.006026226	0.006916921	0.007724891	0.008446113	0.009081853	0.009636695
0.000530656	0.001196328	0.002058265	0.003034987	0.004055212	0.005064698	0.006026226	0.006916921	0.007724891	0.008446113	0.009081853	0.009636695
0.000530656	0.001196328	0.002058265	0.003034987	0.004055212	0.005064698	0.006026226	0.006916921	0.007724891	0.008446113	0.009081853	0.009636695
0.000530656	0.001196328	0.002058265	0.003034987	0.004055212	0.005064698	0.006026226	0.006916921	0.007724891	0.008446113	0.009081853	0.009636695
0.000530656	0.001196328	0.002058265	0.003034987	0.004055212	0.005064698	0.006026226	0.006916921	0.007724891	0.008446113	0.009081853	0.009636695
0.000530656	0.001196328	0.002058265	0.003034987	0.004055212	0.005064698	0.006026226	0.006916921	0.007724891	0.008446113	0.009081853	0.009636695
#nind
1
#ind_names									
SURVEY1									
#nobs_ind
30
#yrs_ind											
1	2	3	4	5	6	7	8	9	10	11	12	13	14	15	16	17	18	19	20	21	22	23	24	25	26	27	28	29	30	
#month_ind										
1															
#biom_ind											
1.4508418682922	1.63526391418767	1.31676615568037	1.47576551775012	1.53698659222047	1.37753230362748	1.50511235786347	1.3743345528175	1.24727021396886	1.30213643186463	1.01044031945771	1.20892973700582	1.06462158874387	0.970495886595086	1.03412928564987	0.863593423701836	0.836618681866211	0.859966655133907	0.817933077677532	0.711109081878276	0.785499235875763	0.640199775316686	0.737225142278867	0.696385330859094	0.591424381393139	0.669839613027053	0.68225168936934	0.627509614659959	0.665892328691282	0.640031274911895
#biom_cv																
0.290168373658441	0.327052782837535	0.263353231136074	0.295153103550025	0.307397318444094	0.275506460725496	0.301022471572695	0.2748669105635	0.249454042793772	0.260427286372926	0.202088063891543	0.241785947401163	0.212924317748774	0.194099177319017	0.206825857129974	0.172718684740367	0.167323736373242	0.171993331026781	0.163586615535506	0.142221816375655	0.157099847175153	0.128039955063337	0.147445028455773	0.139277066171819	0.118284876278628	0.133967922605411	0.136450337873868	0.125501922931992	0.133178465738256	0.128006254982379
#n_ages_ind															
30			
#n_lengths_ind															
0															
#yrs_ages_ind															
1	2	3	4	5	6	7	8	9	10	11	12	13	14	15	16	17	18	19	20	21	22	23	24	25	26	27	28	29	30	
#sample_ages_ind					
200	200	200	200	200	200	200	200	200	200	200	200	200	200	200	200	200	200	200	200	200	200	200	200	200	200	200	200	200	200
#page_ind						
0.055	0.11	0.19	0.1	0.105	0.1	0.07	0.055	0.05	0.035	0.03	0.1
0.035	0.14	0.14	0.105	0.11	0.07	0.075	0.045	0.055	0.04	0.025	0.16
0.05	0.135	0.185	0.175	0.065	0.055	0.08	0.03	0.045	0.045	0.05	0.085
0.075	0.185	0.135	0.125	0.1	0.07	0.06	0.045	0.035	0.02	0.025	0.125
0.04	0.165	0.18	0.13	0.1	0.065	0.06	0.035	0.04	0.03	0.02	0.135
0.065	0.13	0.09	0.195	0.125	0.075	0.05	0.055	0.03	0.025	0.035	0.125
0.075	0.165	0.14	0.16	0.115	0.085	0.055	0.03	0.01	0.035	0.03	0.1
0.05	0.195	0.165	0.11	0.095	0.09	0.04	0.04	0.03	0.055	0.025	0.105
0.115	0.135	0.175	0.135	0.12	0.07	0.035	0.025	0.045	0.035	0.025	0.085
0.105	0.185	0.11	0.13	0.095	0.1	0.06	0.055	0.03	0.03	0.015	0.085
0.075	0.15	0.155	0.135	0.095	0.09	0.045	0.07	0.05	0.015	0.045	0.075
0.105	0.25	0.135	0.155	0.045	0.095	0.05	0.045	0.025	0.04	0.005	0.05
0.085	0.205	0.2	0.1	0.15	0.06	0.055	0.03	0.01	0.015	0.03	0.06
0.05	0.135	0.25	0.175	0.065	0.105	0.035	0.04	0.04	0.02	0.015	0.07
0.08	0.195	0.185	0.165	0.125	0.115	0.055	0.01	0.035	0.015	0.015	0.005
0.06	0.145	0.13	0.185	0.15	0.095	0.07	0.06	0.025	0.025	0.02	0.035
0.105	0.24	0.175	0.105	0.11	0.09	0.045	0.025	0.025	0.01	0.02	0.05
0.135	0.19	0.155	0.1	0.1	0.07	0.09	0.04	0.04	0.025	0.01	0.045
0.11	0.23	0.185	0.105	0.1	0.055	0.07	0.035	0.02	0.02	0.02	0.05
0.11	0.25	0.27	0.07	0.12	0.05	0.03	0.04	0.015	0.005	0	0.04
0.115	0.17	0.21	0.17	0.09	0.07	0.055	0.025	0.02	0.02	0.025	0.03
0.165	0.2	0.21	0.235	0.085	0.025	0.03	0.02	0	0	0	0.03
0.085	0.355	0.175	0.085	0.105	0.08	0.055	0.02	0.005	0.005	0.005	0.025
0.11	0.195	0.255	0.145	0.075	0.11	0.05	0.025	0.005	0.005	0	0.025
0.145	0.25	0.205	0.2	0.065	0.045	0.035	0.03	0.01	0.005	0	0.01
0.145	0.3	0.21	0.13	0.09	0.06	0.02	0.02	0	0.005	0	0.02
0.145	0.215	0.275	0.105	0.12	0.075	0.01	0.01	0.02	0.015	0	0.01
0.15	0.305	0.165	0.17	0.06	0.05	0.07	0.005	0.01	0.01	0	0.005
0.125	0.28	0.23	0.115	0.13	0.045	0.03	0.025	0.01	0	0	0.01
0.135	0.18	0.25	0.2	0.085	0.07	0.025	0.01	0.02	0.01	0.01	0.005
#wt_age_ind						
1 1 1 1 1 1 1 1 1 1 1 1 
1 1 1 1 1 1 1 1 1 1 1 1 
1 1 1 1 1 1 1 1 1 1 1 1 
1 1 1 1 1 1 1 1 1 1 1 1 
1 1 1 1 1 1 1 1 1 1 1 1 
1 1 1 1 1 1 1 1 1 1 1 1 
1 1 1 1 1 1 1 1 1 1 1 1 
1 1 1 1 1 1 1 1 1 1 1 1 
1 1 1 1 1 1 1 1 1 1 1 1 
1 1 1 1 1 1 1 1 1 1 1 1 
1 1 1 1 1 1 1 1 1 1 1 1 
1 1 1 1 1 1 1 1 1 1 1 1 
1 1 1 1 1 1 1 1 1 1 1 1 
1 1 1 1 1 1 1 1 1 1 1 1 
1 1 1 1 1 1 1 1 1 1 1 1 
1 1 1 1 1 1 1 1 1 1 1 1 
1 1 1 1 1 1 1 1 1 1 1 1 
1 1 1 1 1 1 1 1 1 1 1 1 
1 1 1 1 1 1 1 1 1 1 1 1 
1 1 1 1 1 1 1 1 1 1 1 1 
1 1 1 1 1 1 1 1 1 1 1 1 
1 1 1 1 1 1 1 1 1 1 1 1 
1 1 1 1 1 1 1 1 1 1 1 1 
1 1 1 1 1 1 1 1 1 1 1 1 
1 1 1 1 1 1 1 1 1 1 1 1 
1 1 1 1 1 1 1 1 1 1 1 1 
1 1 1 1 1 1 1 1 1 1 1 1 
1 1 1 1 1 1 1 1 1 1 1 1 
1 1 1 1 1 1 1 1 1 1 1 1 
1 1 1 1 1 1 1 1 1 1 1 1 
# wt_pop
0.000530656	0.001196328	0.002058265	0.003034987	0.004055212	0.005064698	0.006026226	0.006916921	0.007724891	0.008446113	0.009081853	0.009636695
#maturity
0.02297737 0.32082130 0.90465054 0.99477987 0.99973881 0.99998699 0.99999935 0.99999997 1 1 1 1
#spmonth						
1		
#age_err						
1	0	0	0	0	0	0	0	0	0	0	0
0	1	0	0	0	0	0	0	0	0	0	0
0	0	1	0	0	0	0	0	0	0	0	0
0	0	0	1	0	0	0	0	0	0	0	0
0	0	0	0	1	0	0	0	0	0	0	0
0	0	0	0	0	1	0	0	0	0	0	0
0	0	0	0	0	0	1	0	0	0	0	0
0	0	0	0	0	0	0	1	0	0	0	0
0	0	0	0	0	0	0	0	1	0	0	0
0	0	0	0	0	0	0	0	0	1	0	0
0	0	0	0	0	0	0	0	0	0	1	0
0	0	0	0	0	0	0	0	0	0	0	1																														
