#######GENERAL HEADER INPUT#######
1
30
1
30
1
30
30
12
1	2	3	4	5	6	7	8	9	10	11	12
12
1	2	3	4	5	6	7	8	9	10	11	12
1
1001
1
1
#######SURVEY DATA#######
30
1	2	3	4	5	6	7	8	9	10	11	12	13	14	15	16	17	18	19	20	21	22	23	24	25	26	27	28	29	30
1.1170041182438	1.38484120048612	1.10833018579106	0.973720747477366	1.15239615274437	1.12803788975632	1.3960602244896	1.08307052936789	1.1732404534342	1.28584180426181	1.47418300301922	1.3310884130252	1.37051789837102	1.37644062007679	1.42967593211082	1.60693886606609	1.32605818460171	1.1253032461112	0.95484317860907	0.970936454271937	0.736795282221201	0.787925407051307	0.626585793937777	0.587340082143576	0.479622782285205	0.458350639631754	0.405945662084496	0.501640387584707	0.458705430680168	0.565173664811814
0.2	0.2	0.2	0.2	0.2	0.2	0.2	0.2	0.2	0.2	0.2	0.2	0.2	0.2	0.2	0.2	0.2	0.2	0.2	0.2	0.2	0.2	0.2	0.2	0.2	0.2	0.2	0.2	0.2	0.2
30
1	2	3	4	5	6	7	8	9	10	11	12	13	14	15	16	17	18	19	20	21	22	23	24	25	26	27	28	29	30
200	200	200	200	200	200	200	200	200	200	200	200	200	200	200	200	200	200	200	200	200	200	200	200	200	200	200	200	200	200
200	200	200	200	200	200	200	200	200	200	200	200	200	200	200	200	200	200	200	200	200	200	200	200	200	200	200	200	200	200
0.045	0.14	0.17	0.13	0.075	0.05	0.1	0.065	0.05	0.035	0.02	0.12
0.02	0.13	0.14	0.09	0.12	0.125	0.045	0.055	0.04	0.03	0.035	0.17
0.08	0.035	0.16	0.145	0.105	0.085	0.09	0.05	0.06	0.03	0.02	0.14
0.055	0.095	0.055	0.125	0.135	0.075	0.105	0.07	0.06	0.02	0.045	0.16
0.08	0.095	0.135	0.065	0.11	0.125	0.1	0.05	0.035	0.04	0.025	0.14
0.06	0.275	0.16	0.085	0.05	0.075	0.045	0.04	0.04	0.045	0.015	0.11
0.05	0.21	0.27	0.07	0.06	0.055	0.04	0.045	0.05	0.02	0.02	0.11
0.155	0.065	0.19	0.215	0.07	0.075	0.04	0.03	0.02	0.02	0.025	0.095
0.045	0.32	0.085	0.14	0.14	0.07	0.01	0.025	0.02	0.025	0.015	0.105
0.095	0.11	0.31	0.08	0.11	0.13	0.035	0.01	0.005	0.02	0.025	0.07
0.085	0.275	0.155	0.225	0.035	0.045	0.05	0.025	0.03	0	0.01	0.065
0.165	0.14	0.27	0.075	0.165	0.035	0.04	0.02	0.01	0.015	0.005	0.06
0.09	0.245	0.09	0.245	0.055	0.135	0.03	0.02	0.02	0.01	0.015	0.045
0.06	0.13	0.305	0.1	0.185	0.04	0.11	0.01	0.015	0.015	0.01	0.02
0.095	0.18	0.135	0.23	0.13	0.07	0.025	0.06	0	0.025	0.03	0.02
0.125	0.235	0.19	0.11	0.17	0.04	0.035	0.015	0.035	0.005	0.01	0.03
0.025	0.255	0.2	0.125	0.095	0.115	0.04	0.06	0.02	0.025	0	0.04
0.015	0.11	0.295	0.18	0.11	0.09	0.055	0.035	0.055	0.01	0.015	0.03
0.135	0.095	0.03	0.27	0.155	0.095	0.07	0.05	0.035	0.025	0	0.04
0.165	0.29	0.06	0.065	0.145	0.08	0.065	0.03	0.035	0.02	0.015	0.03
0.045	0.255	0.285	0.02	0.03	0.115	0.095	0.065	0.025	0.04	0.005	0.02
0.045	0.08	0.36	0.225	0.045	0.025	0.095	0.025	0.055	0.025	0.01	0.01
0.09	0.15	0.125	0.305	0.15	0.04	0.02	0.045	0.02	0.015	0.015	0.025
0.09	0.23	0.145	0.095	0.195	0.12	0.02	0.015	0.04	0.005	0.01	0.035
0.09	0.16	0.3	0.085	0.065	0.155	0.08	0.015	0.005	0.03	0	0.015
0.06	0.325	0.155	0.14	0.06	0.045	0.1	0.05	0.005	0.02	0.01	0.03
0.18	0.13	0.295	0.085	0.125	0.065	0.005	0.05	0.03	0.005	0	0.03
0.24	0.27	0.11	0.13	0.08	0.045	0.045	0.025	0.01	0.035	0.005	0.005
0.1	0.43	0.21	0.05	0.085	0.02	0.035	0.02	0.01	0.02	0.02	0
0.1	0.25	0.345	0.165	0.045	0.04	0.015	0.02	0.005	0.01	0	0.005
#######LANDINGS DATA#######
1
30
159.746136739909	462.965522975422	728.555046717132	938.735829537347	707.614466476153	1221.22061479257	1184.7340600782	2365.16571782069	1297.11268812761	1589.20693671756	1827.61359842633	1973.18212701718	1501.18605833061	2242.31578626111	2360.40611969054	2104.26213641781	3843.85035132093	2726.38836263131	2375.90930660868	2092.78398550461	2568.6061956623	1672.20536948951	2356.19260380518	1600.59554951725	1369.29584494706	1082.47676389541	977.701555489825	1285.54294083972	988.573857996617	1506.62195751046
0.01	0.01	0.01	0.01	0.01	0.01	0.01	0.01	0.01	0.01	0.01	0.01	0.01	0.01	0.01	0.01	0.01	0.01	0.01	0.01	0.01	0.01	0.01	0.01	0.01	0.01	0.01	0.01	0.01	0.01
30
1	2	3	4	5	6	7	8	9	10	11	12	13	14	15	16	17	18	19	20	21	22	23	24	25	26	27	28	29	30
200	200	200	200	200	200	200	200	200	200	200	200	200	200	200	200	200	200	200	200	200	200	200	200	200	200	200	200	200	200
200	200	200	200	200	200	200	200	200	200	200	200	200	200	200	200	200	200	200	200	200	200	200	200	200	200	200	200	200	200
0.05	0.095	0.135	0.09	0.11	0.08	0.055	0.07	0.035	0.055	0.04	0.185
0.03	0.135	0.15	0.08	0.12	0.115	0.04	0.06	0.055	0.05	0.04	0.125
0.07	0.085	0.13	0.115	0.085	0.13	0.08	0.04	0.045	0.055	0.025	0.14
0.055	0.075	0.065	0.16	0.095	0.14	0.09	0.04	0.03	0.05	0.02	0.18
0.13	0.125	0.11	0.055	0.1	0.11	0.075	0.08	0.05	0.04	0.035	0.09
0.095	0.195	0.105	0.095	0.04	0.09	0.07	0.04	0.035	0.05	0.02	0.165
0.03	0.135	0.225	0.12	0.085	0.045	0.07	0.065	0.04	0.04	0.02	0.125
0.21	0.05	0.19	0.175	0.1	0.055	0.02	0.025	0.045	0.02	0.015	0.095
0.08	0.28	0.075	0.2	0.135	0.045	0.03	0.015	0.025	0.025	0.03	0.06
0.12	0.125	0.265	0.055	0.13	0.13	0.04	0.025	0.02	0.01	0.025	0.055
0.115	0.22	0.115	0.22	0.03	0.075	0.085	0.025	0.015	0.01	0.005	0.085
0.135	0.135	0.185	0.09	0.18	0.03	0.05	0.11	0.01	0.01	0	0.065
0.065	0.21	0.175	0.21	0.04	0.095	0.045	0.05	0.03	0.015	0.01	0.055
0.05	0.155	0.24	0.125	0.18	0.04	0.095	0.01	0.025	0.04	0	0.04
0.085	0.205	0.095	0.25	0.095	0.115	0.035	0.055	0.01	0.02	0	0.035
0.13	0.18	0.155	0.115	0.15	0.065	0.085	0.025	0.055	0.005	0.01	0.025
0.02	0.225	0.185	0.145	0.065	0.11	0.065	0.08	0.01	0.03	0	0.065
0.07	0.05	0.285	0.185	0.11	0.08	0.085	0.025	0.05	0.03	0.015	0.015
0.13	0.075	0.075	0.22	0.15	0.11	0.075	0.08	0.025	0.03	0.02	0.01
0.165	0.26	0.07	0.06	0.1	0.13	0.09	0.045	0.03	0.02	0.005	0.025
0.105	0.225	0.28	0.035	0.055	0.11	0.045	0.025	0.03	0.03	0.01	0.05
0.085	0.135	0.29	0.21	0.03	0.045	0.105	0.035	0.02	0.005	0.015	0.025
0.11	0.115	0.12	0.295	0.17	0.025	0.02	0.06	0.035	0.015	0.005	0.03
0.095	0.18	0.165	0.085	0.245	0.075	0.015	0.005	0.05	0.035	0.01	0.04
0.175	0.115	0.19	0.155	0.06	0.125	0.075	0.01	0.005	0.04	0.02	0.03
0.13	0.21	0.09	0.195	0.11	0.04	0.105	0.06	0.01	0	0.025	0.025
0.22	0.14	0.22	0.11	0.115	0.04	0.01	0.055	0.03	0	0.005	0.055
0.27	0.24	0.075	0.17	0.05	0.07	0.025	0.025	0.02	0	0.005	0.05
0.095	0.355	0.225	0.085	0.105	0.03	0.05	0.02	0.005	0.02	0.005	0.005
0.145	0.15	0.395	0.18	0.03	0.04	0.005	0.02	0	0.02	0.005	0.01
#######PARAMETER SECTION#######
800	400	1200	-4	800	-0.25	1
0.18	0.01	1	-4	0.18	-0.25	1
-1.36	-5	-0.001	-4	-1.36	-0.25	1
0.1	0.05	0.3	-4	0.1	-0.25	1
0.2	0.01	0.5	-4	0.2	-0.25	1
0.75	0.20001	1	-3	0.75	-0.25	1
13.815511	-1	200	1	13.815511	-0.25	1
0	-1	1	-4	0	-0.25	1
0.6	1e-04	1.2	-3	0.6	-0.25	1
0	-10	10	-6	0	-1	1
0	-10	10	-6	0	-1	1
2	0	12	2	2	-0.5	1
1	0	12	2	1	-0.5	1
2	0	12	-2	2	-0.5	1
1	0	12	-2	1	-0.5	1
1.5	0	12	2	1.5	-0.5	1
2	0	12	2	2	-0.5	1
-15.0962996510626	-30	5	1	-15.0962996510626	-1	1
1	0.1	2	-1	1	-1	1
-1.54399197800355	-10	1.39	1	-1.54399197800355	-1	1
#######DEV CONSTRAINTS and DEVS#######
-15	15	2
-15	15	2
-15	15	2
0	0	0	0	0	0	0	0	0	0	0	0	0	0	0	0	0	0	0	0	0	0	0	0	0	0	0	0	0	0
0	0	0	0	0	0	0	0	0	0	0	0	0	0	0	0	0	0	0	0	0	0	0	0	0	0	0	0	0	0
0	0	0	0	0	0	0	0	0	0	0
#######LIKELIHOOD WEIGHTS#######
1
1
1
1
0
1
0
0
0
#######MISCELLANEOUS STUFF SECTION#######
2.5e-08
3
0.5	0.5	0.5	0.5	0.5	0.5	0.5	0.5	0.5	0.5	0.5	0.5
0.0229773699100256	0.320821300824607	0.904650535100891	0.994779874306442	0.999738809680904	0.999986992871533	0.999999352405202	0.999999967758134	0.999999998394772	0.99999999992008	0.999999999996021	0.999999999999802
0.2	0.2	0.2	0.2	0.2	0.2	0.2	0.2	0.2	0.2	0.2	0.2
0
1
10
0.2
1
1	0	0	0	0	0	0	0	0	0	0	0
0	1	0	0	0	0	0	0	0	0	0	0
0	0	1	0	0	0	0	0	0	0	0	0
0	0	0	1	0	0	0	0	0	0	0	0
0	0	0	0	1	0	0	0	0	0	0	0
0	0	0	0	0	1	0	0	0	0	0	0
0	0	0	0	0	0	1	0	0	0	0	0
0	0	0	0	0	0	0	1	0	0	0	0
0	0	0	0	0	0	0	0	1	0	0	0
0	0	0	0	0	0	0	0	0	1	0	0
0	0	0	0	0	0	0	0	0	0	1	0
0	0	0	0	0	0	0	0	0	0	0	1
40
31
2
1
#######END OF DATA FILE#######
999
