#styr												
1
#endyr												
30
#rec_age										
1															
#n_ages										
12
# numbers of length intervals
81
#Length	bin
10	11	12	13	14	15	16	17	18	19	20	21	22	23	24	25	26	27	28	29	30	31	32	33	34	35	36	37	38	39	40	41	42	43	44	45	46	47	48	49	50	51	52	53	54	55	56	57	58	59	60	61	62	63	64	65	66	67	68	69	70	71	72	73	74	75	76	77	78	79	80	81	82	83	84	85	86	87	88	89	90
#nfsh
1
#names_fsh
FLEET1												
#catch												
160.624069495039	463.058780267863	753.256991905961	997.367729952854	777.529494411713	1358.99236278816	1300.11440911518	2475.59456098168	1306.65124668621	1504.16498935372	1614.42831322823	1626.15987749471	1125.70700392573	1588.49146719314	1605.64099116807	1372.54670110311	2529.87906426883	1868.53047083933	1724.58606776768	1567.77114280265	1922.28947920715	1263.85360094559	1848.56034737478	1314.90454320916	1218.29349316788	1065.83158732666	1040.95880461476	1356.17698188747	965.903827885442	1368.43856183321
#catch_cv											
0.01	0.01	0.01	0.01	0.01	0.01	0.01	0.01	0.01	0.01	0.01	0.01	0.01	0.01	0.01	0.01	0.01	0.01	0.01	0.01	0.01	0.01	0.01	0.01	0.01	0.01	0.01	0.01	0.01	0.01
#n_ages_fsh								
30		
#n_lengths_fsh								
0															
#yrs_ages_fsh								
1	2	3	4	5	6	7	8	9	10	11	12	13	14	15	16	17	18	19	20	21	22	23	24	25	26	27	28	29	30	
#sample_ages_fsh							
200	200	200	200	200	200	200	200	200	200	200	200	200	200	200	200	200	200	200	200	200	200	200	200	200	200	200	200	200	200
#page_fsh	2	3	4	5	6	7	8	9	10	11						
0.07	0.085	0.11	0.11	0.13	0.055	0.07	0.08	0.045	0.065	0.03	0.15
0.075	0.115	0.115	0.095	0.09	0.115	0.06	0.05	0.045	0.06	0.03	0.15
0.07	0.12	0.095	0.165	0.05	0.09	0.125	0.055	0.035	0.03	0.025	0.14
0.105	0.12	0.12	0.075	0.085	0.11	0.065	0.05	0.03	0.055	0.03	0.155
0.075	0.125	0.135	0.11	0.105	0.09	0.075	0.02	0.035	0.05	0.05	0.13
0.05	0.08	0.12	0.135	0.145	0.1	0.065	0.05	0.06	0.04	0.03	0.125
0.09	0.075	0.1	0.18	0.12	0.105	0.075	0.065	0.045	0.01	0.02	0.115
0.105	0.07	0.155	0.07	0.14	0.125	0.08	0.055	0.035	0.025	0.025	0.115
0.12	0.195	0.1	0.09	0.085	0.1	0.045	0.045	0.03	0.005	0.04	0.145
0.075	0.175	0.125	0.08	0.08	0.06	0.1	0.095	0.075	0.015	0.035	0.085
0.06	0.125	0.265	0.14	0.105	0.045	0.03	0.065	0.015	0.055	0.02	0.075
0.115	0.105	0.15	0.225	0.115	0.055	0.055	0.04	0.04	0.01	0.025	0.065
0.105	0.2	0.135	0.105	0.09	0.085	0.05	0.06	0.025	0.045	0.02	0.08
0.11	0.135	0.22	0.09	0.1	0.1	0.075	0.04	0.025	0.035	0.01	0.06
0.16	0.1	0.145	0.175	0.11	0.06	0.08	0.045	0.015	0.02	0	0.09
0.08	0.275	0.095	0.11	0.13	0.085	0.065	0.05	0.035	0.02	0.005	0.05
0.11	0.155	0.24	0.095	0.06	0.115	0.07	0.03	0.025	0.03	0.005	0.065
0.11	0.15	0.18	0.17	0.115	0.09	0.09	0.01	0.01	0.025	0.01	0.04
0.075	0.13	0.17	0.18	0.16	0.08	0.07	0.035	0.025	0.02	0.02	0.035
0.17	0.14	0.165	0.09	0.14	0.09	0.05	0.03	0.035	0.035	0.005	0.05
0.13	0.225	0.15	0.14	0.105	0.09	0.055	0.035	0.015	0.01	0.005	0.04
0.13	0.16	0.215	0.15	0.085	0.11	0.025	0.045	0.03	0.005	0.015	0.03
0.135	0.21	0.2	0.145	0.11	0.045	0.06	0.04	0.015	0.01	0	0.03
0.2	0.155	0.205	0.12	0.115	0.065	0.025	0.06	0.015	0.01	0.005	0.025
0.19	0.19	0.13	0.13	0.14	0.105	0.05	0.02	0.015	0.005	0.015	0.01
0.105	0.315	0.2	0.115	0.09	0.065	0.045	0.025	0.005	0	0.015	0.02
0.12	0.1	0.29	0.155	0.125	0.055	0.06	0.04	0.01	0.015	0.02	0.01
0.23	0.135	0.165	0.21	0.13	0.04	0.025	0.035	0.025	0.005	0	0
0.15	0.22	0.245	0.115	0.14	0.045	0.02	0.03	0.005	0.01	0.01	0.01
0.175	0.21	0.2	0.205	0.035	0.075	0.025	0.03	0.015	0.01	0.01	0.01
#wt_age_fsh	1 2	3	4	5	6	7	8	9	10	11						
0.000530656	0.001196328	0.002058265	0.003034987	0.004055212	0.005064698	0.006026226	0.006916921	0.007724891	0.008446113	0.009081853	0.009636695
0.000530656	0.001196328	0.002058265	0.003034987	0.004055212	0.005064698	0.006026226	0.006916921	0.007724891	0.008446113	0.009081853	0.009636695
0.000530656	0.001196328	0.002058265	0.003034987	0.004055212	0.005064698	0.006026226	0.006916921	0.007724891	0.008446113	0.009081853	0.009636695
0.000530656	0.001196328	0.002058265	0.003034987	0.004055212	0.005064698	0.006026226	0.006916921	0.007724891	0.008446113	0.009081853	0.009636695
0.000530656	0.001196328	0.002058265	0.003034987	0.004055212	0.005064698	0.006026226	0.006916921	0.007724891	0.008446113	0.009081853	0.009636695
0.000530656	0.001196328	0.002058265	0.003034987	0.004055212	0.005064698	0.006026226	0.006916921	0.007724891	0.008446113	0.009081853	0.009636695
0.000530656	0.001196328	0.002058265	0.003034987	0.004055212	0.005064698	0.006026226	0.006916921	0.007724891	0.008446113	0.009081853	0.009636695
0.000530656	0.001196328	0.002058265	0.003034987	0.004055212	0.005064698	0.006026226	0.006916921	0.007724891	0.008446113	0.009081853	0.009636695
0.000530656	0.001196328	0.002058265	0.003034987	0.004055212	0.005064698	0.006026226	0.006916921	0.007724891	0.008446113	0.009081853	0.009636695
0.000530656	0.001196328	0.002058265	0.003034987	0.004055212	0.005064698	0.006026226	0.006916921	0.007724891	0.008446113	0.009081853	0.009636695
0.000530656	0.001196328	0.002058265	0.003034987	0.004055212	0.005064698	0.006026226	0.006916921	0.007724891	0.008446113	0.009081853	0.009636695
0.000530656	0.001196328	0.002058265	0.003034987	0.004055212	0.005064698	0.006026226	0.006916921	0.007724891	0.008446113	0.009081853	0.009636695
0.000530656	0.001196328	0.002058265	0.003034987	0.004055212	0.005064698	0.006026226	0.006916921	0.007724891	0.008446113	0.009081853	0.009636695
0.000530656	0.001196328	0.002058265	0.003034987	0.004055212	0.005064698	0.006026226	0.006916921	0.007724891	0.008446113	0.009081853	0.009636695
0.000530656	0.001196328	0.002058265	0.003034987	0.004055212	0.005064698	0.006026226	0.006916921	0.007724891	0.008446113	0.009081853	0.009636695
0.000530656	0.001196328	0.002058265	0.003034987	0.004055212	0.005064698	0.006026226	0.006916921	0.007724891	0.008446113	0.009081853	0.009636695
0.000530656	0.001196328	0.002058265	0.003034987	0.004055212	0.005064698	0.006026226	0.006916921	0.007724891	0.008446113	0.009081853	0.009636695
0.000530656	0.001196328	0.002058265	0.003034987	0.004055212	0.005064698	0.006026226	0.006916921	0.007724891	0.008446113	0.009081853	0.009636695
0.000530656	0.001196328	0.002058265	0.003034987	0.004055212	0.005064698	0.006026226	0.006916921	0.007724891	0.008446113	0.009081853	0.009636695
0.000530656	0.001196328	0.002058265	0.003034987	0.004055212	0.005064698	0.006026226	0.006916921	0.007724891	0.008446113	0.009081853	0.009636695
0.000530656	0.001196328	0.002058265	0.003034987	0.004055212	0.005064698	0.006026226	0.006916921	0.007724891	0.008446113	0.009081853	0.009636695
0.000530656	0.001196328	0.002058265	0.003034987	0.004055212	0.005064698	0.006026226	0.006916921	0.007724891	0.008446113	0.009081853	0.009636695
0.000530656	0.001196328	0.002058265	0.003034987	0.004055212	0.005064698	0.006026226	0.006916921	0.007724891	0.008446113	0.009081853	0.009636695
0.000530656	0.001196328	0.002058265	0.003034987	0.004055212	0.005064698	0.006026226	0.006916921	0.007724891	0.008446113	0.009081853	0.009636695
0.000530656	0.001196328	0.002058265	0.003034987	0.004055212	0.005064698	0.006026226	0.006916921	0.007724891	0.008446113	0.009081853	0.009636695
0.000530656	0.001196328	0.002058265	0.003034987	0.004055212	0.005064698	0.006026226	0.006916921	0.007724891	0.008446113	0.009081853	0.009636695
0.000530656	0.001196328	0.002058265	0.003034987	0.004055212	0.005064698	0.006026226	0.006916921	0.007724891	0.008446113	0.009081853	0.009636695
0.000530656	0.001196328	0.002058265	0.003034987	0.004055212	0.005064698	0.006026226	0.006916921	0.007724891	0.008446113	0.009081853	0.009636695
0.000530656	0.001196328	0.002058265	0.003034987	0.004055212	0.005064698	0.006026226	0.006916921	0.007724891	0.008446113	0.009081853	0.009636695
0.000530656	0.001196328	0.002058265	0.003034987	0.004055212	0.005064698	0.006026226	0.006916921	0.007724891	0.008446113	0.009081853	0.009636695
#nind
1
#ind_names									
SURVEY1									
#nobs_ind
30
#yrs_ind											
1	2	3	4	5	6	7	8	9	10	11	12	13	14	15	16	17	18	19	20	21	22	23	24	25	26	27	28	29	30	
#month_ind										
1															
#biom_ind											
1.37693078873241	1.54188222393036	1.56458014131641	1.47909164442086	1.64528801569704	1.36518432111471	1.33072707908263	1.156966706562	1.25984149350679	1.07628077013386	1.27919383168647	1.20372666278564	1.10804432996056	1.29241763488195	1.13324871970329	1.00031604343548	0.956334315185136	1.07121228735089	0.89637573865949	0.908219344976147	0.881536181449817	0.789293885238135	0.688500485886732	0.561116393597411	0.480849502652843	0.728544637513048	0.633625548532267	0.454390823494006	0.51263265013806	0.537056709380744
#biom_cv																
0.275386157746481	0.308376444786071	0.312916028263281	0.295818328884172	0.329057603139407	0.273036864222941	0.266145415816527	0.231393341312401	0.251968298701357	0.215256154026772	0.255838766337293	0.240745332557128	0.221608865992113	0.25848352697639	0.226649743940658	0.200063208687096	0.191266863037027	0.214242457470179	0.179275147731898	0.181643868995229	0.176307236289963	0.157858777047627	0.137700097177346	0.112223278719482	0.0961699005305687	0.14570892750261	0.126725109706453	0.0908781646988011	0.102526530027612	0.107411341876149
#n_ages_ind															
30			
#n_lengths_ind															
0															
#yrs_ages_ind															
1	2	3	4	5	6	7	8	9	10	11	12	13	14	15	16	17	18	19	20	21	22	23	24	25	26	27	28	29	30	
#sample_ages_ind					
200	200	200	200	200	200	200	200	200	200	200	200	200	200	200	200	200	200	200	200	200	200	200	200	200	200	200	200	200	200
#page_ind						
0.095	0.14	0.155	0.095	0.085	0.085	0.07	0.055	0.045	0.035	0.025	0.115
0.085	0.12	0.16	0.075	0.07	0.12	0.05	0.08	0.055	0.035	0.035	0.115
0.05	0.19	0.165	0.1	0.065	0.08	0.12	0.045	0.035	0.035	0.015	0.1
0.105	0.135	0.195	0.155	0.085	0.055	0.06	0.04	0.025	0.025	0.015	0.105
0.055	0.17	0.16	0.21	0.085	0.065	0.045	0.025	0.02	0.025	0.03	0.11
0.05	0.095	0.175	0.145	0.13	0.105	0.055	0.075	0.035	0.025	0.02	0.09
0.05	0.13	0.105	0.185	0.1	0.095	0.075	0.055	0.03	0.015	0.03	0.13
0.07	0.115	0.145	0.12	0.17	0.09	0.065	0.045	0.04	0.03	0.015	0.095
0.11	0.215	0.15	0.095	0.07	0.075	0.06	0.03	0.04	0.045	0.025	0.085
0.075	0.235	0.19	0.105	0.07	0.06	0.05	0.045	0.035	0.025	0.035	0.075
0.055	0.175	0.23	0.145	0.115	0.08	0.02	0.05	0.045	0.025	0.01	0.05
0.1	0.15	0.135	0.17	0.135	0.085	0.035	0.025	0.025	0.045	0.03	0.065
0.085	0.235	0.115	0.135	0.15	0.08	0.015	0.055	0.02	0.03	0.02	0.06
0.08	0.16	0.21	0.085	0.065	0.1	0.11	0.015	0.03	0.035	0.025	0.085
0.085	0.155	0.205	0.19	0.09	0.055	0.05	0.05	0.025	0.025	0.01	0.06
0.13	0.245	0.13	0.135	0.085	0.07	0.055	0.035	0.025	0.015	0	0.075
0.1	0.23	0.165	0.135	0.08	0.135	0.025	0.025	0.05	0.005	0.01	0.04
0.07	0.24	0.265	0.115	0.095	0.07	0.05	0.02	0.015	0.015	0.01	0.035
0.07	0.185	0.19	0.22	0.105	0.08	0.045	0.04	0.02	0.015	0.005	0.025
0.13	0.165	0.17	0.115	0.13	0.105	0.065	0.02	0.015	0.02	0.015	0.05
0.09	0.24	0.205	0.125	0.08	0.085	0.045	0.035	0.03	0.015	0.02	0.03
0.075	0.215	0.24	0.12	0.075	0.09	0.055	0.04	0.03	0.005	0.02	0.035
0.08	0.22	0.22	0.17	0.105	0.055	0.035	0.035	0.03	0.01	0.02	0.02
0.135	0.265	0.2	0.1	0.115	0.045	0.055	0.04	0.02	0.015	0.005	0.005
0.13	0.21	0.245	0.135	0.085	0.06	0.05	0.02	0.02	0.03	0	0.015
0.09	0.34	0.215	0.125	0.075	0.055	0.045	0.005	0.015	0.015	0.015	0.005
0.11	0.18	0.34	0.13	0.07	0.07	0.06	0.025	0.005	0.005	0	0.005
0.14	0.26	0.11	0.23	0.11	0.025	0.06	0.02	0.03	0.005	0	0.01
0.065	0.295	0.215	0.125	0.13	0.065	0.03	0.03	0.03	0.005	0	0.01
0.125	0.28	0.255	0.13	0.065	0.065	0.04	0.005	0.015	0.005	0	0.015
#wt_age_ind						
1 1 1 1 1 1 1 1 1 1 1 1 
1 1 1 1 1 1 1 1 1 1 1 1 
1 1 1 1 1 1 1 1 1 1 1 1 
1 1 1 1 1 1 1 1 1 1 1 1 
1 1 1 1 1 1 1 1 1 1 1 1 
1 1 1 1 1 1 1 1 1 1 1 1 
1 1 1 1 1 1 1 1 1 1 1 1 
1 1 1 1 1 1 1 1 1 1 1 1 
1 1 1 1 1 1 1 1 1 1 1 1 
1 1 1 1 1 1 1 1 1 1 1 1 
1 1 1 1 1 1 1 1 1 1 1 1 
1 1 1 1 1 1 1 1 1 1 1 1 
1 1 1 1 1 1 1 1 1 1 1 1 
1 1 1 1 1 1 1 1 1 1 1 1 
1 1 1 1 1 1 1 1 1 1 1 1 
1 1 1 1 1 1 1 1 1 1 1 1 
1 1 1 1 1 1 1 1 1 1 1 1 
1 1 1 1 1 1 1 1 1 1 1 1 
1 1 1 1 1 1 1 1 1 1 1 1 
1 1 1 1 1 1 1 1 1 1 1 1 
1 1 1 1 1 1 1 1 1 1 1 1 
1 1 1 1 1 1 1 1 1 1 1 1 
1 1 1 1 1 1 1 1 1 1 1 1 
1 1 1 1 1 1 1 1 1 1 1 1 
1 1 1 1 1 1 1 1 1 1 1 1 
1 1 1 1 1 1 1 1 1 1 1 1 
1 1 1 1 1 1 1 1 1 1 1 1 
1 1 1 1 1 1 1 1 1 1 1 1 
1 1 1 1 1 1 1 1 1 1 1 1 
1 1 1 1 1 1 1 1 1 1 1 1 
# wt_pop
0.000530656	0.001196328	0.002058265	0.003034987	0.004055212	0.005064698	0.006026226	0.006916921	0.007724891	0.008446113	0.009081853	0.009636695
#maturity
0.02297737 0.32082130 0.90465054 0.99477987 0.99973881 0.99998699 0.99999935 0.99999997 1 1 1 1
#spmonth						
1		
#age_err						
1	0	0	0	0	0	0	0	0	0	0	0
0	1	0	0	0	0	0	0	0	0	0	0
0	0	1	0	0	0	0	0	0	0	0	0
0	0	0	1	0	0	0	0	0	0	0	0
0	0	0	0	1	0	0	0	0	0	0	0
0	0	0	0	0	1	0	0	0	0	0	0
0	0	0	0	0	0	1	0	0	0	0	0
0	0	0	0	0	0	0	1	0	0	0	0
0	0	0	0	0	0	0	0	1	0	0	0
0	0	0	0	0	0	0	0	0	1	0	0
0	0	0	0	0	0	0	0	0	0	1	0
0	0	0	0	0	0	0	0	0	0	0	1																														
