#styr												
1
#endyr												
30
#rec_age										
1															
#n_ages										
12
# numbers of length intervals
81
#Length	bin
10	11	12	13	14	15	16	17	18	19	20	21	22	23	24	25	26	27	28	29	30	31	32	33	34	35	36	37	38	39	40	41	42	43	44	45	46	47	48	49	50	51	52	53	54	55	56	57	58	59	60	61	62	63	64	65	66	67	68	69	70	71	72	73	74	75	76	77	78	79	80	81	82	83	84	85	86	87	88	89	90
#nfsh
1
#names_fsh
FLEET1												
#catch												
161.142328033542	460.037592333356	739.514962275	967.467847703815	723.019431070739	1232.07961110878	1171.62761025928	2236.95891282188	1190.3837669967	1394.92240522633	1510.08964181658	1523.84038344751	1054.68625356101	1460.31864575087	1428.79157143522	1213.6623902977	2130.83442100948	1542.16588916918	1390.1936511297	1337.62276857458	1750.00232754544	1198.48416807554	1828.17981548541	1346.82784315967	1246.82121594131	1087.73350040195	1049.24982471111	1349.06357214927	936.287524971806	1296.81695311546
#catch_cv											
0.01	0.01	0.01	0.01	0.01	0.01	0.01	0.01	0.01	0.01	0.01	0.01	0.01	0.01	0.01	0.01	0.01	0.01	0.01	0.01	0.01	0.01	0.01	0.01	0.01	0.01	0.01	0.01	0.01	0.01
#n_ages_fsh								
30		
#n_lengths_fsh								
0															
#yrs_ages_fsh								
1	2	3	4	5	6	7	8	9	10	11	12	13	14	15	16	17	18	19	20	21	22	23	24	25	26	27	28	29	30	
#sample_ages_fsh							
200	200	200	200	200	200	200	200	200	200	200	200	200	200	200	200	200	200	200	200	200	200	200	200	200	200	200	200	200	200
#page_fsh	2	3	4	5	6	7	8	9	10	11						
0.06	0.115	0.105	0.125	0.1	0.065	0.08	0.06	0.04	0.065	0.03	0.155
0.06	0.08	0.15	0.115	0.155	0.03	0.05	0.08	0.05	0.035	0.015	0.18
0.045	0.125	0.125	0.105	0.12	0.08	0.04	0.065	0.07	0.075	0.015	0.135
0.04	0.09	0.16	0.125	0.125	0.095	0.09	0.07	0.05	0.055	0.01	0.09
0.06	0.065	0.105	0.145	0.1	0.105	0.075	0.07	0.045	0.045	0.03	0.155
0.125	0.105	0.155	0.105	0.075	0.105	0.045	0.055	0.05	0.05	0.04	0.09
0.1	0.115	0.125	0.12	0.115	0.075	0.06	0.085	0.025	0.025	0.02	0.135
0.055	0.14	0.21	0.09	0.12	0.085	0.05	0.06	0.03	0.02	0.045	0.095
0.09	0.115	0.125	0.18	0.055	0.05	0.05	0.055	0.04	0.065	0.04	0.135
0.11	0.165	0.135	0.145	0.11	0.075	0.045	0.025	0.065	0.01	0.015	0.1
0.06	0.16	0.185	0.09	0.14	0.09	0.045	0.04	0.02	0.04	0.025	0.105
0.065	0.14	0.205	0.175	0.095	0.08	0.04	0.02	0.045	0.03	0.015	0.09
0.115	0.115	0.145	0.155	0.12	0.05	0.055	0.075	0.03	0.05	0.025	0.065
0.13	0.135	0.165	0.135	0.105	0.1	0.065	0.035	0.055	0.025	0.01	0.04
0.085	0.145	0.16	0.085	0.09	0.13	0.09	0.045	0.04	0.05	0.015	0.065
0.06	0.195	0.16	0.16	0.09	0.065	0.095	0.055	0.02	0.02	0.01	0.07
0.125	0.17	0.135	0.18	0.11	0.05	0.045	0.04	0.065	0.02	0.02	0.04
0.13	0.21	0.14	0.12	0.14	0.045	0.07	0.04	0.04	0.02	0.01	0.035
0.13	0.185	0.255	0.155	0.085	0.065	0.02	0.035	0.02	0.02	0	0.03
0.135	0.175	0.2	0.14	0.125	0.065	0.045	0.03	0.015	0.01	0.015	0.045
0.11	0.215	0.13	0.18	0.12	0.095	0.035	0.04	0.02	0.01	0.01	0.035
0.11	0.22	0.225	0.18	0.095	0.06	0.035	0.02	0.015	0.005	0.01	0.025
0.16	0.115	0.17	0.15	0.14	0.115	0.045	0.045	0.01	0	0.015	0.035
0.15	0.26	0.19	0.13	0.1	0.05	0.05	0.025	0.015	0.015	0.005	0.01
0.18	0.22	0.265	0.08	0.085	0.06	0.03	0.04	0.025	0.005	0.005	0.005
0.15	0.2	0.145	0.2	0.065	0.09	0.055	0.04	0.025	0.01	0.015	0.005
0.11	0.26	0.16	0.205	0.105	0.065	0.025	0.03	0.015	0.02	0	0.005
0.105	0.185	0.215	0.225	0.115	0.065	0.035	0.01	0.015	0.005	0.005	0.02
0.13	0.24	0.16	0.21	0.115	0.08	0.02	0.01	0.015	0.005	0	0.015
0.215	0.195	0.195	0.12	0.085	0.07	0.03	0.05	0	0.015	0.015	0.01
#wt_age_fsh	1 2	3	4	5	6	7	8	9	10	11						
0.000530656	0.001196328	0.002058265	0.003034987	0.004055212	0.005064698	0.006026226	0.006916921	0.007724891	0.008446113	0.009081853	0.009636695
0.000530656	0.001196328	0.002058265	0.003034987	0.004055212	0.005064698	0.006026226	0.006916921	0.007724891	0.008446113	0.009081853	0.009636695
0.000530656	0.001196328	0.002058265	0.003034987	0.004055212	0.005064698	0.006026226	0.006916921	0.007724891	0.008446113	0.009081853	0.009636695
0.000530656	0.001196328	0.002058265	0.003034987	0.004055212	0.005064698	0.006026226	0.006916921	0.007724891	0.008446113	0.009081853	0.009636695
0.000530656	0.001196328	0.002058265	0.003034987	0.004055212	0.005064698	0.006026226	0.006916921	0.007724891	0.008446113	0.009081853	0.009636695
0.000530656	0.001196328	0.002058265	0.003034987	0.004055212	0.005064698	0.006026226	0.006916921	0.007724891	0.008446113	0.009081853	0.009636695
0.000530656	0.001196328	0.002058265	0.003034987	0.004055212	0.005064698	0.006026226	0.006916921	0.007724891	0.008446113	0.009081853	0.009636695
0.000530656	0.001196328	0.002058265	0.003034987	0.004055212	0.005064698	0.006026226	0.006916921	0.007724891	0.008446113	0.009081853	0.009636695
0.000530656	0.001196328	0.002058265	0.003034987	0.004055212	0.005064698	0.006026226	0.006916921	0.007724891	0.008446113	0.009081853	0.009636695
0.000530656	0.001196328	0.002058265	0.003034987	0.004055212	0.005064698	0.006026226	0.006916921	0.007724891	0.008446113	0.009081853	0.009636695
0.000530656	0.001196328	0.002058265	0.003034987	0.004055212	0.005064698	0.006026226	0.006916921	0.007724891	0.008446113	0.009081853	0.009636695
0.000530656	0.001196328	0.002058265	0.003034987	0.004055212	0.005064698	0.006026226	0.006916921	0.007724891	0.008446113	0.009081853	0.009636695
0.000530656	0.001196328	0.002058265	0.003034987	0.004055212	0.005064698	0.006026226	0.006916921	0.007724891	0.008446113	0.009081853	0.009636695
0.000530656	0.001196328	0.002058265	0.003034987	0.004055212	0.005064698	0.006026226	0.006916921	0.007724891	0.008446113	0.009081853	0.009636695
0.000530656	0.001196328	0.002058265	0.003034987	0.004055212	0.005064698	0.006026226	0.006916921	0.007724891	0.008446113	0.009081853	0.009636695
0.000530656	0.001196328	0.002058265	0.003034987	0.004055212	0.005064698	0.006026226	0.006916921	0.007724891	0.008446113	0.009081853	0.009636695
0.000530656	0.001196328	0.002058265	0.003034987	0.004055212	0.005064698	0.006026226	0.006916921	0.007724891	0.008446113	0.009081853	0.009636695
0.000530656	0.001196328	0.002058265	0.003034987	0.004055212	0.005064698	0.006026226	0.006916921	0.007724891	0.008446113	0.009081853	0.009636695
0.000530656	0.001196328	0.002058265	0.003034987	0.004055212	0.005064698	0.006026226	0.006916921	0.007724891	0.008446113	0.009081853	0.009636695
0.000530656	0.001196328	0.002058265	0.003034987	0.004055212	0.005064698	0.006026226	0.006916921	0.007724891	0.008446113	0.009081853	0.009636695
0.000530656	0.001196328	0.002058265	0.003034987	0.004055212	0.005064698	0.006026226	0.006916921	0.007724891	0.008446113	0.009081853	0.009636695
0.000530656	0.001196328	0.002058265	0.003034987	0.004055212	0.005064698	0.006026226	0.006916921	0.007724891	0.008446113	0.009081853	0.009636695
0.000530656	0.001196328	0.002058265	0.003034987	0.004055212	0.005064698	0.006026226	0.006916921	0.007724891	0.008446113	0.009081853	0.009636695
0.000530656	0.001196328	0.002058265	0.003034987	0.004055212	0.005064698	0.006026226	0.006916921	0.007724891	0.008446113	0.009081853	0.009636695
0.000530656	0.001196328	0.002058265	0.003034987	0.004055212	0.005064698	0.006026226	0.006916921	0.007724891	0.008446113	0.009081853	0.009636695
0.000530656	0.001196328	0.002058265	0.003034987	0.004055212	0.005064698	0.006026226	0.006916921	0.007724891	0.008446113	0.009081853	0.009636695
0.000530656	0.001196328	0.002058265	0.003034987	0.004055212	0.005064698	0.006026226	0.006916921	0.007724891	0.008446113	0.009081853	0.009636695
0.000530656	0.001196328	0.002058265	0.003034987	0.004055212	0.005064698	0.006026226	0.006916921	0.007724891	0.008446113	0.009081853	0.009636695
0.000530656	0.001196328	0.002058265	0.003034987	0.004055212	0.005064698	0.006026226	0.006916921	0.007724891	0.008446113	0.009081853	0.009636695
0.000530656	0.001196328	0.002058265	0.003034987	0.004055212	0.005064698	0.006026226	0.006916921	0.007724891	0.008446113	0.009081853	0.009636695
#nind
1
#ind_names									
SURVEY1									
#nobs_ind
30
#yrs_ind											
1	2	3	4	5	6	7	8	9	10	11	12	13	14	15	16	17	18	19	20	21	22	23	24	25	26	27	28	29	30	
#month_ind										
1															
#biom_ind											
1.45343244534187	1.61474499864013	1.5898137544562	1.38816881475873	1.60611258703921	1.42083733763763	1.40968540362641	1.56939549220454	1.05364835082799	1.21069648177035	1.19334348069663	1.09976530028801	1.00458583813816	1.14864763208427	1.06015328989493	0.850594084192217	0.936907015682462	0.771938240651836	0.812620577158322	0.838283444401622	1.0080964562109	0.711234268993778	0.720215855911876	0.57375647137037	0.774615497533506	0.608608190488677	0.578040186318353	0.572992459999016	0.511836673373037	0.477280773461057
#biom_cv																
0.290686489068375	0.322948999728026	0.317962750891239	0.277633762951747	0.321222517407842	0.284167467527525	0.281937080725281	0.313879098440909	0.210729670165598	0.242139296354071	0.238668696139326	0.219953060057602	0.200917167627632	0.229729526416854	0.212030657978986	0.170118816838443	0.187381403136492	0.154387648130367	0.162524115431664	0.167656688880324	0.20161929124218	0.142246853798756	0.144043171182375	0.114751294274074	0.154923099506701	0.121721638097735	0.115608037263671	0.114598491999803	0.102367334674607	0.0954561546922114
#n_ages_ind															
30			
#n_lengths_ind															
0															
#yrs_ages_ind															
1	2	3	4	5	6	7	8	9	10	11	12	13	14	15	16	17	18	19	20	21	22	23	24	25	26	27	28	29	30	
#sample_ages_ind					
200	200	200	200	200	200	200	200	200	200	200	200	200	200	200	200	200	200	200	200	200	200	200	200	200	200	200	200	200	200
#page_ind						
0.06	0.15	0.155	0.14	0.145	0.085	0.035	0.03	0.04	0.035	0.02	0.105
0.055	0.175	0.13	0.11	0.145	0.085	0.05	0.06	0.03	0.04	0.025	0.095
0.08	0.14	0.135	0.14	0.09	0.06	0.07	0.045	0.055	0.05	0.045	0.09
0.03	0.095	0.16	0.095	0.15	0.095	0.065	0.035	0.03	0.05	0.035	0.16
0.075	0.095	0.145	0.135	0.09	0.09	0.1	0.04	0.035	0.035	0.025	0.135
0.08	0.13	0.115	0.12	0.08	0.075	0.115	0.055	0.04	0.05	0.015	0.125
0.055	0.155	0.105	0.135	0.095	0.1	0.075	0.065	0.055	0.025	0.025	0.11
0.04	0.17	0.215	0.1	0.125	0.08	0.08	0.03	0.015	0.02	0.03	0.095
0.115	0.155	0.18	0.12	0.065	0.105	0.035	0.06	0.03	0.025	0.015	0.095
0.115	0.2	0.155	0.18	0.07	0.04	0.035	0.015	0.02	0.035	0.045	0.09
0.065	0.16	0.24	0.15	0.135	0.055	0.045	0.015	0.02	0.01	0.025	0.08
0.045	0.145	0.315	0.14	0.075	0.065	0.065	0.015	0.02	0.025	0.01	0.08
0.055	0.145	0.17	0.145	0.14	0.1	0.065	0.055	0.015	0.025	0.02	0.065
0.08	0.135	0.16	0.17	0.1	0.1	0.07	0.035	0.025	0.03	0.015	0.08
0.06	0.16	0.27	0.175	0.07	0.065	0.075	0.025	0.02	0.02	0.015	0.045
0.09	0.185	0.205	0.135	0.125	0.055	0.045	0.05	0.035	0.02	0.01	0.045
0.095	0.205	0.155	0.14	0.07	0.075	0.03	0.075	0.05	0.025	0.03	0.05
0.11	0.255	0.17	0.09	0.11	0.045	0.07	0.045	0.03	0.02	0.015	0.04
0.095	0.22	0.2	0.15	0.075	0.08	0.055	0.03	0.025	0.035	0.01	0.025
0.14	0.205	0.215	0.135	0.07	0.035	0.06	0.04	0.015	0.015	0.025	0.045
0.105	0.225	0.195	0.16	0.13	0.065	0.02	0.025	0.015	0.005	0.015	0.04
0.085	0.225	0.285	0.09	0.1	0.08	0.065	0.02	0.02	0.01	0.005	0.015
0.095	0.165	0.25	0.16	0.105	0.055	0.065	0.045	0.015	0.02	0.005	0.02
0.11	0.305	0.155	0.17	0.09	0.06	0.045	0.035	0.005	0	0	0.025
0.14	0.185	0.28	0.13	0.115	0.075	0.035	0.01	0	0.015	0.01	0.005
0.135	0.23	0.19	0.195	0.085	0.08	0.03	0.01	0.005	0.01	0.015	0.015
0.065	0.255	0.28	0.17	0.115	0.02	0.035	0.035	0.01	0.01	0	0.005
0.14	0.2	0.275	0.155	0.105	0.06	0.015	0.025	0.015	0.01	0	0
0.08	0.275	0.205	0.17	0.095	0.075	0.045	0.02	0.01	0.01	0.005	0.01
0.175	0.21	0.225	0.115	0.1	0.05	0.075	0.02	0.015	0	0.005	0.01
#wt_age_ind						
1 1 1 1 1 1 1 1 1 1 1 1 
1 1 1 1 1 1 1 1 1 1 1 1 
1 1 1 1 1 1 1 1 1 1 1 1 
1 1 1 1 1 1 1 1 1 1 1 1 
1 1 1 1 1 1 1 1 1 1 1 1 
1 1 1 1 1 1 1 1 1 1 1 1 
1 1 1 1 1 1 1 1 1 1 1 1 
1 1 1 1 1 1 1 1 1 1 1 1 
1 1 1 1 1 1 1 1 1 1 1 1 
1 1 1 1 1 1 1 1 1 1 1 1 
1 1 1 1 1 1 1 1 1 1 1 1 
1 1 1 1 1 1 1 1 1 1 1 1 
1 1 1 1 1 1 1 1 1 1 1 1 
1 1 1 1 1 1 1 1 1 1 1 1 
1 1 1 1 1 1 1 1 1 1 1 1 
1 1 1 1 1 1 1 1 1 1 1 1 
1 1 1 1 1 1 1 1 1 1 1 1 
1 1 1 1 1 1 1 1 1 1 1 1 
1 1 1 1 1 1 1 1 1 1 1 1 
1 1 1 1 1 1 1 1 1 1 1 1 
1 1 1 1 1 1 1 1 1 1 1 1 
1 1 1 1 1 1 1 1 1 1 1 1 
1 1 1 1 1 1 1 1 1 1 1 1 
1 1 1 1 1 1 1 1 1 1 1 1 
1 1 1 1 1 1 1 1 1 1 1 1 
1 1 1 1 1 1 1 1 1 1 1 1 
1 1 1 1 1 1 1 1 1 1 1 1 
1 1 1 1 1 1 1 1 1 1 1 1 
1 1 1 1 1 1 1 1 1 1 1 1 
1 1 1 1 1 1 1 1 1 1 1 1 
# wt_pop
0.000530656	0.001196328	0.002058265	0.003034987	0.004055212	0.005064698	0.006026226	0.006916921	0.007724891	0.008446113	0.009081853	0.009636695
#maturity
0.02297737 0.32082130 0.90465054 0.99477987 0.99973881 0.99998699 0.99999935 0.99999997 1 1 1 1
#spmonth						
1		
#age_err						
1	0	0	0	0	0	0	0	0	0	0	0
0	1	0	0	0	0	0	0	0	0	0	0
0	0	1	0	0	0	0	0	0	0	0	0
0	0	0	1	0	0	0	0	0	0	0	0
0	0	0	0	1	0	0	0	0	0	0	0
0	0	0	0	0	1	0	0	0	0	0	0
0	0	0	0	0	0	1	0	0	0	0	0
0	0	0	0	0	0	0	1	0	0	0	0
0	0	0	0	0	0	0	0	1	0	0	0
0	0	0	0	0	0	0	0	0	1	0	0
0	0	0	0	0	0	0	0	0	0	1	0
0	0	0	0	0	0	0	0	0	0	0	1																														
