#######GENERAL HEADER INPUT#######
1
30
1
30
1
30
30
12
1	2	3	4	5	6	7	8	9	10	11	12
12
1	2	3	4	5	6	7	8	9	10	11	12
1
1001
1
1
#######SURVEY DATA#######
30
1	2	3	4	5	6	7	8	9	10	11	12	13	14	15	16	17	18	19	20	21	22	23	24	25	26	27	28	29	30
1.56571638116829	1.57685182855576	1.53620630218802	1.63800012529621	1.39780318720435	1.54337475736356	1.34852506488885	1.10639052848888	1.03595299699077	1.12297706165571	1.08738489429452	1.26152504269288	1.30848242135068	1.28371203765154	1.06470589059592	0.836123213448131	0.864831593364932	0.898294200246054	0.920222243054033	0.786096668003192	0.740003180824231	0.634889720903764	0.612028515364153	0.654017934681717	0.485488919370645	0.397332658737125	0.528837844719206	0.551043483774371	0.442181840811943	0.462132609823364
0.2	0.2	0.2	0.2	0.2	0.2	0.2	0.2	0.2	0.2	0.2	0.2	0.2	0.2	0.2	0.2	0.2	0.2	0.2	0.2	0.2	0.2	0.2	0.2	0.2	0.2	0.2	0.2	0.2	0.2
30
1	2	3	4	5	6	7	8	9	10	11	12	13	14	15	16	17	18	19	20	21	22	23	24	25	26	27	28	29	30
200	200	200	200	200	200	200	200	200	200	200	200	200	200	200	200	200	200	200	200	200	200	200	200	200	200	200	200	200	200
200	200	200	200	200	200	200	200	200	200	200	200	200	200	200	200	200	200	200	200	200	200	200	200	200	200	200	200	200	200
0.085	0.145	0.155	0.11	0.135	0.065	0.025	0.09	0.03	0.035	0.03	0.095
0.075	0.145	0.125	0.13	0.115	0.09	0.05	0.06	0.045	0.015	0.045	0.105
0.06	0.145	0.08	0.155	0.11	0.105	0.04	0.07	0.045	0.02	0.035	0.135
0.07	0.18	0.155	0.115	0.1	0.085	0.045	0.06	0.035	0.015	0.035	0.105
0.045	0.15	0.175	0.115	0.12	0.05	0.075	0.055	0.04	0.03	0.035	0.11
0.055	0.125	0.17	0.155	0.095	0.07	0.07	0.055	0.035	0.045	0.03	0.095
0.045	0.12	0.1	0.17	0.165	0.07	0.045	0.08	0.02	0.07	0.03	0.085
0.1	0.12	0.16	0.08	0.135	0.09	0.06	0.04	0.025	0.045	0.03	0.115
0.085	0.21	0.115	0.105	0.045	0.07	0.07	0.08	0.02	0.03	0.045	0.125
0.06	0.175	0.2	0.09	0.12	0.04	0.085	0.04	0.01	0.035	0.03	0.115
0.075	0.15	0.19	0.165	0.065	0.05	0.045	0.06	0.045	0.025	0.01	0.12
0.05	0.21	0.22	0.13	0.11	0.06	0.045	0.025	0.02	0.035	0.02	0.075
0.105	0.2	0.205	0.115	0.14	0.09	0.015	0.04	0.005	0.015	0.02	0.05
0.07	0.165	0.21	0.16	0.09	0.085	0.085	0.04	0.035	0.005	0.015	0.04
0.115	0.165	0.195	0.14	0.105	0.07	0.05	0.055	0.025	0.01	0.01	0.06
0.1	0.145	0.245	0.18	0.11	0.085	0.03	0.05	0.02	0.005	0	0.03
0.045	0.13	0.28	0.15	0.085	0.115	0.085	0.025	0.015	0.02	0.005	0.045
0.105	0.175	0.225	0.17	0.09	0.04	0.055	0.045	0.015	0.02	0.005	0.055
0.12	0.245	0.155	0.115	0.105	0.05	0.045	0.055	0.035	0.02	0.015	0.04
0.13	0.2	0.225	0.155	0.1	0.075	0.03	0.015	0.01	0.015	0.005	0.04
0.075	0.31	0.17	0.155	0.09	0.06	0.02	0.035	0.03	0.015	0.01	0.03
0.05	0.24	0.285	0.13	0.12	0.055	0.025	0.025	0.01	0.02	0	0.04
0.09	0.195	0.235	0.215	0.065	0.075	0.045	0.01	0.025	0.015	0.015	0.015
0.09	0.24	0.205	0.185	0.145	0.02	0.035	0.03	0.01	0.005	0.01	0.025
0.125	0.145	0.215	0.185	0.125	0.05	0.06	0.04	0.015	0.01	0.01	0.02
0.145	0.28	0.165	0.11	0.085	0.08	0.06	0.025	0.015	0.03	0	0.005
0.205	0.23	0.215	0.085	0.07	0.065	0.055	0.015	0.01	0.025	0.015	0.01
0.095	0.255	0.25	0.155	0.075	0.06	0.04	0.015	0.025	0.015	0.005	0.01
0.105	0.27	0.235	0.175	0.12	0.025	0.035	0.005	0.015	0.005	0	0.01
0.105	0.255	0.21	0.135	0.12	0.085	0.03	0.025	0.005	0.02	0	0.01
#######LANDINGS DATA#######
1
30
161.344095966373	461.524632678158	744.787721179408	982.657723588544	758.237137482441	1300.41731395621	1232.05948269395	2337.74497055161	1203.588587825	1392.67726462101	1465.88841554571	1476.99952773226	1033.35513988124	1452.07141092918	1443.84128939277	1231.13094252488	2153.51003939744	1527.74075273053	1376.30185945364	1259.25538883589	1611.90025406062	1096.41429057885	1616.80860019512	1153.85259937023	1029.35698244256	874.855480188633	843.694863203419	1138.34553123825	827.452672303422	1159.76406653438
0.01	0.01	0.01	0.01	0.01	0.01	0.01	0.01	0.01	0.01	0.01	0.01	0.01	0.01	0.01	0.01	0.01	0.01	0.01	0.01	0.01	0.01	0.01	0.01	0.01	0.01	0.01	0.01	0.01	0.01
30
1	2	3	4	5	6	7	8	9	10	11	12	13	14	15	16	17	18	19	20	21	22	23	24	25	26	27	28	29	30
200	200	200	200	200	200	200	200	200	200	200	200	200	200	200	200	200	200	200	200	200	200	200	200	200	200	200	200	200	200
200	200	200	200	200	200	200	200	200	200	200	200	200	200	200	200	200	200	200	200	200	200	200	200	200	200	200	200	200	200
0.065	0.1	0.125	0.115	0.115	0.12	0.08	0.06	0.03	0.03	0.035	0.125
0.06	0.09	0.085	0.105	0.145	0.07	0.09	0.045	0.035	0.055	0.045	0.175
0.1	0.1	0.12	0.16	0.085	0.08	0.09	0.03	0.06	0.045	0.03	0.1
0.075	0.125	0.135	0.11	0.105	0.08	0.075	0.045	0.04	0.04	0.025	0.145
0.04	0.115	0.155	0.145	0.07	0.125	0.08	0.075	0.035	0.015	0.04	0.105
0.07	0.035	0.115	0.165	0.1	0.105	0.105	0.065	0.035	0.05	0.035	0.12
0.025	0.1	0.115	0.115	0.155	0.13	0.045	0.085	0.04	0.04	0.02	0.13
0.09	0.095	0.125	0.045	0.1	0.105	0.08	0.065	0.07	0.045	0.055	0.125
0.11	0.115	0.115	0.125	0.11	0.11	0.075	0.075	0.045	0.02	0.015	0.085
0.09	0.13	0.175	0.075	0.1	0.065	0.055	0.06	0.06	0.02	0.05	0.12
0.06	0.11	0.165	0.2	0.075	0.085	0.05	0.07	0.045	0.03	0.005	0.105
0.14	0.175	0.125	0.165	0.105	0.07	0.06	0.015	0.055	0.03	0.02	0.04
0.1	0.13	0.18	0.125	0.145	0.13	0.03	0.015	0.015	0.025	0.03	0.075
0.12	0.11	0.17	0.12	0.13	0.095	0.035	0.035	0.05	0.02	0.025	0.09
0.09	0.175	0.12	0.16	0.115	0.075	0.06	0.06	0.03	0.03	0.005	0.08
0.115	0.17	0.135	0.13	0.085	0.12	0.055	0.045	0.06	0.025	0	0.06
0.13	0.12	0.225	0.11	0.08	0.125	0.05	0.03	0.035	0.03	0.025	0.04
0.165	0.135	0.16	0.165	0.105	0.08	0.03	0.035	0.025	0.03	0.02	0.05
0.11	0.225	0.14	0.13	0.155	0.085	0.04	0.025	0.015	0.01	0.02	0.045
0.14	0.17	0.21	0.14	0.095	0.075	0.06	0.03	0.015	0	0.005	0.06
0.13	0.265	0.14	0.18	0.07	0.065	0.03	0.025	0.03	0.02	0.02	0.025
0.12	0.17	0.275	0.095	0.105	0.055	0.05	0.04	0.04	0.005	0.02	0.025
0.11	0.125	0.24	0.215	0.075	0.055	0.065	0.05	0.025	0.005	0.005	0.03
0.11	0.165	0.2	0.135	0.185	0.07	0.065	0.025	0.01	0.01	0.01	0.015
0.205	0.1	0.215	0.12	0.135	0.09	0.035	0.045	0.005	0.01	0.025	0.015
0.135	0.285	0.135	0.165	0.065	0.065	0.055	0.015	0.03	0.03	0.005	0.015
0.15	0.22	0.21	0.08	0.135	0.065	0.03	0.055	0.02	0.02	0.005	0.01
0.14	0.225	0.225	0.185	0.05	0.065	0.02	0.02	0.035	0.005	0.01	0.02
0.135	0.175	0.255	0.195	0.105	0.04	0.025	0.04	0.005	0.01	0.005	0.01
0.21	0.245	0.17	0.145	0.1	0.05	0.025	0.02	0.01	0.015	0.01	0
#######PARAMETER SECTION#######
800	400	1200	-4	800	-0.25	1
0.18	0.01	1	-4	0.18	-0.25	1
-1.36	-5	-0.001	-4	-1.36	-0.25	1
0.1	0.05	0.3	-4	0.1	-0.25	1
0.2	0.01	0.5	-4	0.2	-0.25	1
0.75	0.20001	1	-3	0.75	-0.25	1
13.815511	-1	200	1	13.815511	-0.25	1
0	-1	1	-4	0	-0.25	1
0.2	1e-04	1.2	-3	0.2	-0.25	1
0	-10	10	-6	0	-1	1
0	-10	10	-6	0	-1	1
2	0	12	2	2	-0.5	1
1	0	12	2	1	-0.5	1
2	0	12	-2	2	-0.5	1
1	0	12	-2	1	-0.5	1
1.5	0	12	2	1.5	-0.5	1
2	0	12	2	2	-0.5	1
-14.8285251345983	-30	5	1	-14.8285251345983	-1	1
1	0.1	2	-1	1	-1	1
-1.54399197800355	-10	1.39	1	-1.54399197800355	-1	1
#######DEV CONSTRAINTS and DEVS#######
-15	15	2
-15	15	2
-15	15	2
0	0	0	0	0	0	0	0	0	0	0	0	0	0	0	0	0	0	0	0	0	0	0	0	0	0	0	0	0	0
0	0	0	0	0	0	0	0	0	0	0	0	0	0	0	0	0	0	0	0	0	0	0	0	0	0	0	0	0	0
0	0	0	0	0	0	0	0	0	0	0
#######LIKELIHOOD WEIGHTS#######
1
1
1
1
0
1
0
0
0
#######MISCELLANEOUS STUFF SECTION#######
2.5e-08
3
0.5	0.5	0.5	0.5	0.5	0.5	0.5	0.5	0.5	0.5	0.5	0.5
0.0229773699100256	0.320821300824607	0.904650535100891	0.994779874306442	0.999738809680904	0.999986992871533	0.999999352405202	0.999999967758134	0.999999998394772	0.99999999992008	0.999999999996021	0.999999999999802
0.2	0.2	0.2	0.2	0.2	0.2	0.2	0.2	0.2	0.2	0.2	0.2
0
1
10
0.2
1
1	0	0	0	0	0	0	0	0	0	0	0
0	1	0	0	0	0	0	0	0	0	0	0
0	0	1	0	0	0	0	0	0	0	0	0
0	0	0	1	0	0	0	0	0	0	0	0
0	0	0	0	1	0	0	0	0	0	0	0
0	0	0	0	0	1	0	0	0	0	0	0
0	0	0	0	0	0	1	0	0	0	0	0
0	0	0	0	0	0	0	1	0	0	0	0
0	0	0	0	0	0	0	0	1	0	0	0
0	0	0	0	0	0	0	0	0	1	0	0
0	0	0	0	0	0	0	0	0	0	1	0
0	0	0	0	0	0	0	0	0	0	0	1
40
31
2
1
#######END OF DATA FILE#######
999
