# Number of parameters = 77  Objective function value = 26442.9  Maximum gradient component = 0.000944194
# sel_params[1]:
1.95799769967
# sel_params[2]:
0.956235091195
# log_Fmult_year1:
 -4.67183895284
# log_Fmult_devs:
 1.06038623496 0.505251327461 0.290450890599 -0.211488739289 0.571951875238 0.0222688787242 0.746096778223 -0.532956112025 0.200200074896 0.130322232983 0.0590868724474 -0.321899187523 0.360789406580 0.0568542350590 -0.121051944092 0.667614803102 -0.211586971642 -0.0147385680782 -0.0236142100117 0.330871094633 -0.317644421291 0.506277594293 -0.185862971882 -0.00399232311804 -0.0906501820022 -0.0352370551896 0.358439508404 -0.297122602646 0.413969638558
# log_recruit_devs:
 0.114800557430 0.209040115253 -0.109732110514 0.0858944973022 0.0949258298433 0.0571062311715 0.00775408588468 0.0881663963340 -0.174515383025 0.00970089231255 0.114048543219 0.0549213583530 -0.0336431101046 -0.127333936872 0.198533066187 0.00212451456295 0.191693092199 0.0780854269504 -0.351232351827 -0.284367945459 0.0448243139192 -0.0339892738385 -0.221022981382 -0.151003976044 0.133874693737 -0.151859195944 -0.00646685785221 0.157851844398 -0.249518444020 0.251340107824
# log_N_year1_devs:
 0.00223111142352 -0.0174625165018 0.0199096797029 -0.124175379190 -0.0671205995256 0.00805724816315 0.0824215114365 -0.398258376686 -0.0152806882048 -0.255813131548 -0.0687700896345
# log_q_year1:
 -7.94915060106
# log_q_devs:
 0.00000000000 0.00000000000 0.00000000000 0.00000000000 0.00000000000 0.00000000000 0.00000000000 0.00000000000 0.00000000000 0.00000000000 0.00000000000 0.00000000000 0.00000000000 0.00000000000 0.00000000000 0.00000000000 0.00000000000 0.00000000000 0.00000000000 0.00000000000 0.00000000000 0.00000000000 0.00000000000 0.00000000000 0.00000000000 0.00000000000 0.00000000000 0.00000000000 0.00000000000
# index_sel_params[1]:
1.43318659533
# index_sel_params[2]:
0.439875539871
# log_SR_scaler:
6.82776550810
# SR_steepness:
0.750000000000
