#######GENERAL HEADER INPUT#######
1
30
1
30
1
30
30
12
1	2	3	4	5	6	7	8	9	10	11	12
12
1	2	3	4	5	6	7	8	9	10	11	12
1
1001
1
1
#######SURVEY DATA#######
30
1	2	3	4	5	6	7	8	9	10	11	12	13	14	15	16	17	18	19	20	21	22	23	24	25	26	27	28	29	30
1.3933858913079	1.59950019628518	1.4636500110264	1.37015281217122	1.62092269144144	1.56810180210893	1.183644043576	1.3552473086418	1.10067392203317	1.24013986914724	1.10843928780624	1.0903535059288	1.1254506888492	1.15508501986606	0.834763121687935	0.969509511844205	0.827040087479393	0.684052642913449	0.944866942378714	0.796141149312268	0.700724692730705	0.663453746685452	0.81235516887614	0.558237120385874	0.566611467741574	0.648186105246529	0.630826067631014	0.566983656543766	0.597392462204733	0.514333973023044
0.2	0.2	0.2	0.2	0.2	0.2	0.2	0.2	0.2	0.2	0.2	0.2	0.2	0.2	0.2	0.2	0.2	0.2	0.2	0.2	0.2	0.2	0.2	0.2	0.2	0.2	0.2	0.2	0.2	0.2
30
1	2	3	4	5	6	7	8	9	10	11	12	13	14	15	16	17	18	19	20	21	22	23	24	25	26	27	28	29	30
200	200	200	200	200	200	200	200	200	200	200	200	200	200	200	200	200	200	200	200	200	200	200	200	200	200	200	200	200	200
200	200	200	200	200	200	200	200	200	200	200	200	200	200	200	200	200	200	200	200	200	200	200	200	200	200	200	200	200	200
0.07	0.19	0.185	0.12	0.075	0.055	0.04	0.065	0.02	0.035	0.03	0.115
0.055	0.145	0.155	0.135	0.135	0.065	0.06	0.03	0.06	0.015	0.02	0.125
0.05	0.14	0.115	0.125	0.105	0.09	0.06	0.08	0.025	0.025	0.03	0.155
0.05	0.125	0.16	0.145	0.125	0.08	0.08	0.05	0.055	0.025	0.01	0.095
0.08	0.17	0.185	0.105	0.085	0.04	0.035	0.06	0.075	0.02	0.025	0.12
0.05	0.18	0.11	0.125	0.12	0.09	0.065	0.045	0.05	0.035	0.025	0.105
0.07	0.1	0.185	0.12	0.12	0.105	0.055	0.035	0.04	0.025	0.04	0.105
0.07	0.125	0.125	0.215	0.14	0.06	0.05	0.045	0.01	0.04	0.015	0.105
0.035	0.215	0.185	0.065	0.13	0.075	0.045	0.06	0.03	0.015	0.06	0.085
0.08	0.15	0.165	0.11	0.11	0.09	0.035	0.06	0.04	0.02	0.03	0.11
0.06	0.225	0.085	0.17	0.06	0.05	0.135	0.01	0.035	0.02	0.03	0.12
0.09	0.16	0.215	0.1	0.115	0.07	0.05	0.04	0.035	0.025	0.01	0.09
0.095	0.175	0.15	0.2	0.11	0.085	0.05	0.025	0.02	0.01	0.015	0.065
0.1	0.17	0.215	0.12	0.15	0.08	0.045	0.025	0.025	0.02	0.01	0.04
0.055	0.175	0.27	0.12	0.14	0.075	0.035	0.03	0.01	0.01	0.025	0.055
0.045	0.17	0.195	0.17	0.11	0.05	0.08	0.035	0.025	0.04	0.015	0.065
0.09	0.09	0.165	0.19	0.145	0.075	0.075	0.05	0.045	0.015	0.005	0.055
0.14	0.25	0.1	0.09	0.155	0.11	0.04	0.015	0.03	0.015	0.015	0.04
0.085	0.295	0.2	0.085	0.055	0.065	0.07	0.025	0.025	0.02	0.01	0.065
0.13	0.105	0.265	0.21	0.055	0.07	0.045	0.015	0.045	0.01	0.02	0.03
0.105	0.225	0.185	0.19	0.165	0.04	0.025	0.025	0	0.005	0	0.035
0.105	0.255	0.23	0.145	0.11	0.07	0.015	0.025	0.015	0.005	0.005	0.02
0.105	0.29	0.21	0.135	0.085	0.05	0.08	0.01	0	0.005	0.015	0.015
0.115	0.245	0.255	0.115	0.08	0.06	0.075	0.015	0	0.01	0.01	0.02
0.135	0.295	0.165	0.185	0.03	0.09	0.045	0.02	0.025	0.005	0	0.005
0.07	0.295	0.22	0.12	0.13	0.07	0.04	0.015	0.015	0.015	0.005	0.005
0.12	0.25	0.245	0.155	0.055	0.06	0.01	0.03	0.005	0.03	0.015	0.025
0.04	0.245	0.27	0.21	0.125	0.02	0.03	0.04	0.005	0	0	0.015
0.19	0.12	0.255	0.16	0.14	0.07	0.04	0.01	0	0.01	0	0.005
0.085	0.32	0.15	0.18	0.105	0.085	0.035	0.005	0.025	0	0.005	0.005
#######LANDINGS DATA#######
1
30
160.324242379888	460.111213234554	746.944532065914	974.455539852881	754.330788303797	1305.11649758542	1251.63875851959	2395.66545621039	1252.29935159595	1428.031798129	1511.79061765273	1512.79507721876	1049.51975466461	1456.81721100697	1466.94081906534	1235.6875621657	2172.444426079	1548.16883684324	1421.42174429647	1344.20639381533	1716.87951762416	1164.07614555266	1736.59691508191	1266.15067384909	1174.97475311326	1044.42076911359	1037.55946929481	1389.5281299484	978.685431485359	1338.97410448675
0.01	0.01	0.01	0.01	0.01	0.01	0.01	0.01	0.01	0.01	0.01	0.01	0.01	0.01	0.01	0.01	0.01	0.01	0.01	0.01	0.01	0.01	0.01	0.01	0.01	0.01	0.01	0.01	0.01	0.01
30
1	2	3	4	5	6	7	8	9	10	11	12	13	14	15	16	17	18	19	20	21	22	23	24	25	26	27	28	29	30
200	200	200	200	200	200	200	200	200	200	200	200	200	200	200	200	200	200	200	200	200	200	200	200	200	200	200	200	200	200
200	200	200	200	200	200	200	200	200	200	200	200	200	200	200	200	200	200	200	200	200	200	200	200	200	200	200	200	200	200
0.075	0.1	0.14	0.105	0.115	0.06	0.065	0.06	0.055	0.035	0.045	0.145
0.09	0.11	0.16	0.11	0.08	0.065	0.085	0.06	0.045	0.03	0.05	0.115
0.065	0.125	0.125	0.09	0.11	0.1	0.1	0.045	0.03	0.03	0.035	0.145
0.09	0.13	0.13	0.135	0.105	0.085	0.04	0.04	0.03	0.025	0.04	0.15
0.1	0.165	0.115	0.115	0.09	0.055	0.065	0.06	0.05	0.04	0.015	0.13
0.055	0.195	0.145	0.1	0.115	0.085	0.09	0.04	0.03	0.025	0.005	0.115
0.095	0.085	0.17	0.105	0.1	0.09	0.08	0.06	0.06	0.02	0.02	0.115
0.075	0.12	0.08	0.16	0.125	0.08	0.125	0.045	0.025	0.01	0.02	0.135
0.065	0.105	0.16	0.105	0.225	0.09	0.035	0.035	0.04	0.03	0.025	0.085
0.095	0.06	0.12	0.135	0.05	0.13	0.09	0.04	0.055	0.045	0.035	0.145
0.115	0.175	0.14	0.16	0.07	0.045	0.07	0.055	0.03	0.025	0.02	0.095
0.08	0.145	0.225	0.085	0.125	0.08	0.055	0.07	0.01	0.01	0.025	0.09
0.15	0.135	0.13	0.18	0.065	0.11	0.06	0.015	0.045	0.02	0.025	0.065
0.12	0.135	0.135	0.13	0.145	0.055	0.09	0.055	0.03	0.035	0.025	0.045
0.095	0.16	0.11	0.2	0.11	0.1	0.06	0.04	0.055	0.015	0.015	0.04
0.035	0.12	0.205	0.2	0.1	0.07	0.08	0.055	0.045	0.015	0.015	0.06
0.205	0.06	0.165	0.16	0.11	0.095	0.045	0.055	0.025	0.015	0.015	0.05
0.115	0.255	0.085	0.1	0.125	0.115	0.045	0.025	0.045	0	0.03	0.06
0.08	0.2	0.23	0.085	0.065	0.085	0.075	0.045	0.04	0.03	0.025	0.04
0.17	0.135	0.21	0.155	0.055	0.085	0.065	0.045	0.01	0.02	0.025	0.025
0.095	0.23	0.21	0.175	0.11	0.05	0.025	0.02	0.015	0.025	0.005	0.04
0.095	0.12	0.2	0.19	0.145	0.08	0.02	0.035	0.025	0.05	0.015	0.025
0.11	0.26	0.13	0.16	0.12	0.08	0.05	0.015	0.025	0.01	0.015	0.025
0.145	0.185	0.225	0.135	0.125	0.06	0.05	0.035	0.005	0.015	0.015	0.005
0.165	0.25	0.155	0.19	0.105	0.035	0.02	0.03	0.015	0.005	0.01	0.02
0.16	0.27	0.22	0.09	0.105	0.03	0.045	0.03	0.02	0.015	0	0.015
0.195	0.205	0.215	0.135	0.07	0.06	0.05	0.03	0.005	0.02	0.01	0.005
0.095	0.22	0.195	0.225	0.135	0.05	0.045	0.01	0.005	0.01	0.005	0.005
0.23	0.12	0.21	0.165	0.135	0.085	0.03	0.025	0	0	0	0
0.15	0.255	0.145	0.18	0.08	0.07	0.045	0.015	0.035	0.01	0.015	0
#######PARAMETER SECTION#######
800	400	1200	-4	800	-0.25	1
0.18	0.01	1	-4	0.18	-0.25	1
-1.36	-5	-0.001	-4	-1.36	-0.25	1
0.1	0.05	0.3	-4	0.1	-0.25	1
0.2	0.01	0.5	-4	0.2	-0.25	1
0.75	0.20001	1	-3	0.75	-0.25	1
13.815511	-1	200	1	13.815511	-0.25	1
0	-1	1	-4	0	-0.25	1
0.2	1e-04	1.2	-3	0.2	-0.25	1
0	-10	10	-6	0	-1	1
0	-10	10	-6	0	-1	1
2	0	12	2	2	-0.5	1
1	0	12	2	1	-0.5	1
2	0	12	-2	2	-0.5	1
1	0	12	-2	1	-0.5	1
1.5	0	12	2	1.5	-0.5	1
2	0	12	2	2	-0.5	1
-14.8717145336967	-30	5	1	-14.8717145336967	-1	1
1	0.1	2	-1	1	-1	1
-1.54399197800355	-10	1.39	1	-1.54399197800355	-1	1
#######DEV CONSTRAINTS and DEVS#######
-15	15	2
-15	15	2
-15	15	2
0	0	0	0	0	0	0	0	0	0	0	0	0	0	0	0	0	0	0	0	0	0	0	0	0	0	0	0	0	0
0	0	0	0	0	0	0	0	0	0	0	0	0	0	0	0	0	0	0	0	0	0	0	0	0	0	0	0	0	0
0	0	0	0	0	0	0	0	0	0	0
#######LIKELIHOOD WEIGHTS#######
1
1
1
1
0
1
0
0
0
#######MISCELLANEOUS STUFF SECTION#######
2.5e-08
3
0.5	0.5	0.5	0.5	0.5	0.5	0.5	0.5	0.5	0.5	0.5	0.5
0.0229773699100256	0.320821300824607	0.904650535100891	0.994779874306442	0.999738809680904	0.999986992871533	0.999999352405202	0.999999967758134	0.999999998394772	0.99999999992008	0.999999999996021	0.999999999999802
0.2	0.2	0.2	0.2	0.2	0.2	0.2	0.2	0.2	0.2	0.2	0.2
0
1
10
0.2
1
1	0	0	0	0	0	0	0	0	0	0	0
0	1	0	0	0	0	0	0	0	0	0	0
0	0	1	0	0	0	0	0	0	0	0	0
0	0	0	1	0	0	0	0	0	0	0	0
0	0	0	0	1	0	0	0	0	0	0	0
0	0	0	0	0	1	0	0	0	0	0	0
0	0	0	0	0	0	1	0	0	0	0	0
0	0	0	0	0	0	0	1	0	0	0	0
0	0	0	0	0	0	0	0	1	0	0	0
0	0	0	0	0	0	0	0	0	1	0	0
0	0	0	0	0	0	0	0	0	0	1	0
0	0	0	0	0	0	0	0	0	0	0	1
40
31
2
1
#######END OF DATA FILE#######
999
