#styr												
1
#endyr												
30
#rec_age										
1															
#n_ages										
12
# numbers of length intervals
81
#Length	bin
10	11	12	13	14	15	16	17	18	19	20	21	22	23	24	25	26	27	28	29	30	31	32	33	34	35	36	37	38	39	40	41	42	43	44	45	46	47	48	49	50	51	52	53	54	55	56	57	58	59	60	61	62	63	64	65	66	67	68	69	70	71	72	73	74	75	76	77	78	79	80	81	82	83	84	85	86	87	88	89	90
#nfsh
1
#names_fsh
FLEET1												
#catch												
160.47650990118	464.773365283231	746.055741991464	967.593352869742	745.713886170284	1299.54238812487	1249.31549087444	2331.84559888621	1228.78312580143	1404.76277560013	1458.23189720749	1440.7462367864	979.047518138559	1362.6683838008	1381.09650867567	1186.93686888668	2151.08251107868	1589.38889845105	1477.41595358205	1333.04195313586	1700.32939452093	1127.93004092789	1683.74848069105	1233.48648585566	1172.18780989973	1010.61511318225	966.044147218873	1282.31457585717	924.817808411701	1325.66064941919
#catch_cv											
0.01	0.01	0.01	0.01	0.01	0.01	0.01	0.01	0.01	0.01	0.01	0.01	0.01	0.01	0.01	0.01	0.01	0.01	0.01	0.01	0.01	0.01	0.01	0.01	0.01	0.01	0.01	0.01	0.01	0.01
#n_ages_fsh								
30		
#n_lengths_fsh								
0															
#yrs_ages_fsh								
1	2	3	4	5	6	7	8	9	10	11	12	13	14	15	16	17	18	19	20	21	22	23	24	25	26	27	28	29	30	
#sample_ages_fsh							
200	200	200	200	200	200	200	200	200	200	200	200	200	200	200	200	200	200	200	200	200	200	200	200	200	200	200	200	200	200
#page_fsh	2	3	4	5	6	7	8	9	10	11						
0.05	0.125	0.1	0.17	0.13	0.065	0.095	0.05	0.05	0.03	0.025	0.11
0.08	0.09	0.145	0.1	0.145	0.095	0.05	0.07	0.055	0.04	0.015	0.115
0.045	0.135	0.135	0.14	0.095	0.06	0.08	0.055	0.03	0.045	0.03	0.15
0.1	0.065	0.135	0.13	0.105	0.09	0.06	0.04	0.07	0.05	0.01	0.145
0.045	0.18	0.15	0.095	0.075	0.095	0.07	0.04	0.04	0.035	0.04	0.135
0.085	0.05	0.195	0.135	0.1	0.11	0.045	0.065	0.035	0.045	0.03	0.105
0.055	0.105	0.085	0.205	0.115	0.115	0.075	0.025	0.06	0.025	0.045	0.09
0.105	0.115	0.155	0.065	0.13	0.09	0.06	0.05	0.03	0.05	0.02	0.13
0.095	0.145	0.11	0.1	0.075	0.135	0.035	0.085	0.035	0.025	0.035	0.125
0.08	0.14	0.15	0.095	0.095	0.05	0.15	0.055	0.035	0.025	0.035	0.09
0.05	0.16	0.12	0.175	0.145	0.075	0.04	0.06	0.02	0.04	0.01	0.105
0.135	0.1	0.145	0.1	0.15	0.075	0.04	0.06	0.025	0.02	0.055	0.095
0.12	0.17	0.115	0.155	0.09	0.08	0.065	0.025	0.01	0.025	0.045	0.1
0.115	0.185	0.145	0.1	0.1	0.09	0.095	0.04	0.035	0.005	0.025	0.065
0.11	0.155	0.145	0.185	0.11	0.05	0.05	0.07	0.025	0.02	0.005	0.075
0.15	0.185	0.17	0.13	0.095	0.05	0.07	0.05	0.03	0.02	0.005	0.045
0.145	0.195	0.185	0.11	0.13	0.06	0.045	0.02	0.035	0.025	0	0.05
0.09	0.17	0.245	0.145	0.045	0.09	0.05	0.035	0.035	0.005	0.035	0.055
0.095	0.175	0.175	0.16	0.14	0.07	0.045	0.05	0.01	0.005	0.02	0.055
0.145	0.125	0.15	0.15	0.145	0.095	0.07	0.05	0.02	0.025	0.01	0.015
0.145	0.14	0.155	0.135	0.15	0.1	0.035	0.04	0.025	0.02	0.02	0.035
0.105	0.19	0.175	0.145	0.15	0.07	0.06	0.025	0.025	0.02	0.025	0.01
0.155	0.145	0.205	0.14	0.1	0.08	0.05	0.055	0.025	0.015	0.005	0.025
0.155	0.24	0.17	0.155	0.065	0.06	0.04	0.02	0.05	0.02	0.005	0.02
0.17	0.19	0.205	0.165	0.095	0.05	0.06	0.02	0.01	0.01	0.02	0.005
0.13	0.2	0.205	0.19	0.075	0.09	0.025	0.025	0.015	0.015	0.01	0.02
0.145	0.215	0.145	0.14	0.155	0.075	0.045	0.03	0.02	0.005	0.005	0.02
0.195	0.18	0.195	0.17	0.11	0.065	0.025	0.02	0.015	0.01	0.005	0.01
0.16	0.23	0.19	0.155	0.07	0.055	0.05	0.035	0.025	0.01	0.01	0.01
0.17	0.225	0.23	0.175	0.075	0.045	0.05	0.01	0	0.02	0	0
#wt_age_fsh	1 2	3	4	5	6	7	8	9	10	11						
0.000530656	0.001196328	0.002058265	0.003034987	0.004055212	0.005064698	0.006026226	0.006916921	0.007724891	0.008446113	0.009081853	0.009636695
0.000530656	0.001196328	0.002058265	0.003034987	0.004055212	0.005064698	0.006026226	0.006916921	0.007724891	0.008446113	0.009081853	0.009636695
0.000530656	0.001196328	0.002058265	0.003034987	0.004055212	0.005064698	0.006026226	0.006916921	0.007724891	0.008446113	0.009081853	0.009636695
0.000530656	0.001196328	0.002058265	0.003034987	0.004055212	0.005064698	0.006026226	0.006916921	0.007724891	0.008446113	0.009081853	0.009636695
0.000530656	0.001196328	0.002058265	0.003034987	0.004055212	0.005064698	0.006026226	0.006916921	0.007724891	0.008446113	0.009081853	0.009636695
0.000530656	0.001196328	0.002058265	0.003034987	0.004055212	0.005064698	0.006026226	0.006916921	0.007724891	0.008446113	0.009081853	0.009636695
0.000530656	0.001196328	0.002058265	0.003034987	0.004055212	0.005064698	0.006026226	0.006916921	0.007724891	0.008446113	0.009081853	0.009636695
0.000530656	0.001196328	0.002058265	0.003034987	0.004055212	0.005064698	0.006026226	0.006916921	0.007724891	0.008446113	0.009081853	0.009636695
0.000530656	0.001196328	0.002058265	0.003034987	0.004055212	0.005064698	0.006026226	0.006916921	0.007724891	0.008446113	0.009081853	0.009636695
0.000530656	0.001196328	0.002058265	0.003034987	0.004055212	0.005064698	0.006026226	0.006916921	0.007724891	0.008446113	0.009081853	0.009636695
0.000530656	0.001196328	0.002058265	0.003034987	0.004055212	0.005064698	0.006026226	0.006916921	0.007724891	0.008446113	0.009081853	0.009636695
0.000530656	0.001196328	0.002058265	0.003034987	0.004055212	0.005064698	0.006026226	0.006916921	0.007724891	0.008446113	0.009081853	0.009636695
0.000530656	0.001196328	0.002058265	0.003034987	0.004055212	0.005064698	0.006026226	0.006916921	0.007724891	0.008446113	0.009081853	0.009636695
0.000530656	0.001196328	0.002058265	0.003034987	0.004055212	0.005064698	0.006026226	0.006916921	0.007724891	0.008446113	0.009081853	0.009636695
0.000530656	0.001196328	0.002058265	0.003034987	0.004055212	0.005064698	0.006026226	0.006916921	0.007724891	0.008446113	0.009081853	0.009636695
0.000530656	0.001196328	0.002058265	0.003034987	0.004055212	0.005064698	0.006026226	0.006916921	0.007724891	0.008446113	0.009081853	0.009636695
0.000530656	0.001196328	0.002058265	0.003034987	0.004055212	0.005064698	0.006026226	0.006916921	0.007724891	0.008446113	0.009081853	0.009636695
0.000530656	0.001196328	0.002058265	0.003034987	0.004055212	0.005064698	0.006026226	0.006916921	0.007724891	0.008446113	0.009081853	0.009636695
0.000530656	0.001196328	0.002058265	0.003034987	0.004055212	0.005064698	0.006026226	0.006916921	0.007724891	0.008446113	0.009081853	0.009636695
0.000530656	0.001196328	0.002058265	0.003034987	0.004055212	0.005064698	0.006026226	0.006916921	0.007724891	0.008446113	0.009081853	0.009636695
0.000530656	0.001196328	0.002058265	0.003034987	0.004055212	0.005064698	0.006026226	0.006916921	0.007724891	0.008446113	0.009081853	0.009636695
0.000530656	0.001196328	0.002058265	0.003034987	0.004055212	0.005064698	0.006026226	0.006916921	0.007724891	0.008446113	0.009081853	0.009636695
0.000530656	0.001196328	0.002058265	0.003034987	0.004055212	0.005064698	0.006026226	0.006916921	0.007724891	0.008446113	0.009081853	0.009636695
0.000530656	0.001196328	0.002058265	0.003034987	0.004055212	0.005064698	0.006026226	0.006916921	0.007724891	0.008446113	0.009081853	0.009636695
0.000530656	0.001196328	0.002058265	0.003034987	0.004055212	0.005064698	0.006026226	0.006916921	0.007724891	0.008446113	0.009081853	0.009636695
0.000530656	0.001196328	0.002058265	0.003034987	0.004055212	0.005064698	0.006026226	0.006916921	0.007724891	0.008446113	0.009081853	0.009636695
0.000530656	0.001196328	0.002058265	0.003034987	0.004055212	0.005064698	0.006026226	0.006916921	0.007724891	0.008446113	0.009081853	0.009636695
0.000530656	0.001196328	0.002058265	0.003034987	0.004055212	0.005064698	0.006026226	0.006916921	0.007724891	0.008446113	0.009081853	0.009636695
0.000530656	0.001196328	0.002058265	0.003034987	0.004055212	0.005064698	0.006026226	0.006916921	0.007724891	0.008446113	0.009081853	0.009636695
0.000530656	0.001196328	0.002058265	0.003034987	0.004055212	0.005064698	0.006026226	0.006916921	0.007724891	0.008446113	0.009081853	0.009636695
#nind
1
#ind_names									
SURVEY1									
#nobs_ind
30
#yrs_ind											
1	2	3	4	5	6	7	8	9	10	11	12	13	14	15	16	17	18	19	20	21	22	23	24	25	26	27	28	29	30	
#month_ind										
1															
#biom_ind											
1.56372954698792	1.35370520896151	1.64579395496363	1.36000025973867	1.41705681178005	1.50714069240813	1.16727792849873	1.34218654374621	1.17185405875809	1.26026162483041	1.20702210432561	1.07122196398974	1.02035983938344	0.971610343270438	0.899028997892876	1.12429883680016	0.922104173710843	0.956736479698527	0.829384811821301	0.714612572777065	0.860120294653002	0.79643958315448	0.705744768060421	0.686011405813676	0.611220369692971	0.588232783022091	0.566306037112219	0.604872330488779	0.486832700431319	0.49639180216881
#biom_cv																
0.312745909397585	0.270741041792301	0.329158790992726	0.272000051947734	0.28341136235601	0.301428138481627	0.233455585699747	0.268437308749242	0.234370811751618	0.252052324966082	0.241404420865122	0.214244392797949	0.204071967876687	0.194322068654088	0.179805799578575	0.224859767360031	0.184420834742169	0.191347295939705	0.16587696236426	0.142922514555413	0.1720240589306	0.159287916630896	0.141148953612084	0.137202281162735	0.122244073938594	0.117646556604418	0.113261207422444	0.120974466097756	0.0973665400862638	0.099278360433762
#n_ages_ind															
30			
#n_lengths_ind															
0															
#yrs_ages_ind															
1	2	3	4	5	6	7	8	9	10	11	12	13	14	15	16	17	18	19	20	21	22	23	24	25	26	27	28	29	30	
#sample_ages_ind					
200	200	200	200	200	200	200	200	200	200	200	200	200	200	200	200	200	200	200	200	200	200	200	200	200	200	200	200	200	200
#page_ind						
0.055	0.12	0.19	0.13	0.08	0.08	0.07	0.04	0.05	0.02	0.03	0.135
0.085	0.115	0.145	0.105	0.08	0.09	0.05	0.105	0.035	0.03	0.04	0.12
0.075	0.15	0.125	0.125	0.09	0.07	0.055	0.045	0.055	0.05	0.02	0.14
0.05	0.12	0.18	0.095	0.08	0.095	0.055	0.065	0.05	0.035	0.025	0.15
0.03	0.22	0.16	0.125	0.055	0.075	0.055	0.035	0.045	0.045	0.03	0.125
0.055	0.095	0.205	0.135	0.095	0.06	0.055	0.04	0.035	0.045	0.04	0.14
0.065	0.13	0.13	0.145	0.08	0.065	0.08	0.045	0.055	0.035	0.03	0.14
0.095	0.09	0.095	0.065	0.185	0.11	0.06	0.03	0.07	0.025	0.025	0.15
0.055	0.245	0.095	0.16	0.055	0.12	0.055	0.05	0.025	0.035	0.02	0.085
0.075	0.165	0.19	0.11	0.08	0.05	0.08	0.055	0.02	0.04	0.01	0.125
0.065	0.2	0.115	0.2	0.06	0.09	0.025	0.075	0.03	0.03	0.025	0.085
0.08	0.125	0.215	0.11	0.145	0.075	0.055	0.015	0.07	0.04	0.015	0.055
0.13	0.2	0.11	0.135	0.11	0.11	0.045	0.05	0.005	0.035	0.02	0.05
0.095	0.175	0.17	0.1	0.11	0.115	0.05	0.03	0.025	0.005	0.03	0.095
0.09	0.15	0.205	0.19	0.08	0.07	0.06	0.055	0.025	0.01	0.01	0.055
0.14	0.145	0.145	0.17	0.105	0.06	0.045	0.045	0.035	0.005	0.02	0.085
0.1	0.29	0.15	0.105	0.115	0.055	0.065	0.04	0.02	0.02	0.005	0.035
0.07	0.25	0.215	0.11	0.105	0.075	0.07	0.02	0.015	0.02	0.01	0.04
0.06	0.185	0.2	0.235	0.105	0.035	0.05	0.04	0.02	0.01	0.02	0.04
0.11	0.15	0.195	0.145	0.175	0.1	0.015	0.04	0.025	0.01	0.01	0.025
0.14	0.2	0.185	0.1	0.105	0.13	0.035	0.015	0.04	0.02	0.01	0.02
0.1	0.315	0.125	0.155	0.1	0.05	0.045	0.04	0.02	0.015	0.01	0.025
0.145	0.19	0.245	0.14	0.11	0.04	0.05	0.025	0.02	0.01	0.005	0.02
0.12	0.25	0.2	0.19	0.045	0.095	0.03	0.035	0.02	0	0	0.015
0.125	0.235	0.285	0.105	0.105	0.035	0.035	0.01	0.03	0.02	0	0.015
0.125	0.23	0.155	0.23	0.1	0.075	0.03	0.02	0.005	0.01	0.005	0.015
0.14	0.195	0.24	0.145	0.095	0.05	0.045	0.03	0.015	0	0.025	0.02
0.125	0.225	0.23	0.15	0.105	0.08	0.03	0.015	0.015	0.005	0.01	0.01
0.11	0.285	0.19	0.155	0.11	0.065	0.05	0.01	0.01	0.005	0	0.01
0.105	0.21	0.305	0.12	0.105	0.045	0.03	0.025	0.015	0.015	0.005	0.02
#wt_age_ind						
1 1 1 1 1 1 1 1 1 1 1 1 
1 1 1 1 1 1 1 1 1 1 1 1 
1 1 1 1 1 1 1 1 1 1 1 1 
1 1 1 1 1 1 1 1 1 1 1 1 
1 1 1 1 1 1 1 1 1 1 1 1 
1 1 1 1 1 1 1 1 1 1 1 1 
1 1 1 1 1 1 1 1 1 1 1 1 
1 1 1 1 1 1 1 1 1 1 1 1 
1 1 1 1 1 1 1 1 1 1 1 1 
1 1 1 1 1 1 1 1 1 1 1 1 
1 1 1 1 1 1 1 1 1 1 1 1 
1 1 1 1 1 1 1 1 1 1 1 1 
1 1 1 1 1 1 1 1 1 1 1 1 
1 1 1 1 1 1 1 1 1 1 1 1 
1 1 1 1 1 1 1 1 1 1 1 1 
1 1 1 1 1 1 1 1 1 1 1 1 
1 1 1 1 1 1 1 1 1 1 1 1 
1 1 1 1 1 1 1 1 1 1 1 1 
1 1 1 1 1 1 1 1 1 1 1 1 
1 1 1 1 1 1 1 1 1 1 1 1 
1 1 1 1 1 1 1 1 1 1 1 1 
1 1 1 1 1 1 1 1 1 1 1 1 
1 1 1 1 1 1 1 1 1 1 1 1 
1 1 1 1 1 1 1 1 1 1 1 1 
1 1 1 1 1 1 1 1 1 1 1 1 
1 1 1 1 1 1 1 1 1 1 1 1 
1 1 1 1 1 1 1 1 1 1 1 1 
1 1 1 1 1 1 1 1 1 1 1 1 
1 1 1 1 1 1 1 1 1 1 1 1 
1 1 1 1 1 1 1 1 1 1 1 1 
# wt_pop
0.000530656	0.001196328	0.002058265	0.003034987	0.004055212	0.005064698	0.006026226	0.006916921	0.007724891	0.008446113	0.009081853	0.009636695
#maturity
0.02297737 0.32082130 0.90465054 0.99477987 0.99973881 0.99998699 0.99999935 0.99999997 1 1 1 1
#spmonth						
1		
#age_err						
1	0	0	0	0	0	0	0	0	0	0	0
0	1	0	0	0	0	0	0	0	0	0	0
0	0	1	0	0	0	0	0	0	0	0	0
0	0	0	1	0	0	0	0	0	0	0	0
0	0	0	0	1	0	0	0	0	0	0	0
0	0	0	0	0	1	0	0	0	0	0	0
0	0	0	0	0	0	1	0	0	0	0	0
0	0	0	0	0	0	0	1	0	0	0	0
0	0	0	0	0	0	0	0	1	0	0	0
0	0	0	0	0	0	0	0	0	1	0	0
0	0	0	0	0	0	0	0	0	0	1	0
0	0	0	0	0	0	0	0	0	0	0	1																														
