# Number of parameters = 77  Objective function value = 26219.6  Maximum gradient component = 0.000423484
# sel_params[1]:
2.00408835185
# sel_params[2]:
1.01958622572
# log_Fmult_year1:
 -4.63801171466
# log_Fmult_devs:
 1.07251295494 0.494984793898 0.311563849170 -0.241660357876 0.585232492634 0.0174225402987 0.758861636457 -0.535264071136 0.207039133960 0.127567066632 0.0786398841030 -0.333333831425 0.384093892425 0.0577721026913 -0.0947802770067 0.656075798606 -0.199573196620 -0.0229839337134 -0.00595030836368 0.321681170701 -0.313604233107 0.505997607746 -0.192235244824 0.0123923229784 -0.0826932570901 -0.0170596704731 0.359290134077 -0.254350784076 0.461947775386
# log_recruit_devs:
 0.0136460379526 0.0606013079186 0.0696056618074 0.0292085482997 -0.231971444348 0.218547741316 -0.0452516675655 0.366633823512 0.167432443615 -0.171429572190 -0.0907231827359 0.0545650677017 -0.102269372299 -0.0275045944579 0.101030201541 0.0140785672097 -0.110939572082 -0.0215642793492 -0.454453426779 0.0967038839068 -0.0242527156177 0.0294164981781 0.0502707922413 -0.00832699940450 0.0517718478352 -0.210713195454 0.152643512370 0.136595653316 0.149545951515 -0.262897517954
# log_N_year1_devs:
 0.0703551312264 -0.177619970620 -0.0880642749795 -0.0747861035468 0.0749988016520 -0.0518533002623 -0.0792639144746 -0.219078044241 -0.135248466952 -0.494931567085 -0.0748265898162
# log_q_year1:
 -7.93499493919
# log_q_devs:
 0.00000000000 0.00000000000 0.00000000000 0.00000000000 0.00000000000 0.00000000000 0.00000000000 0.00000000000 0.00000000000 0.00000000000 0.00000000000 0.00000000000 0.00000000000 0.00000000000 0.00000000000 0.00000000000 0.00000000000 0.00000000000 0.00000000000 0.00000000000 0.00000000000 0.00000000000 0.00000000000 0.00000000000 0.00000000000 0.00000000000 0.00000000000 0.00000000000 0.00000000000
# index_sel_params[1]:
1.49158643823
# index_sel_params[2]:
0.513516377242
# log_SR_scaler:
6.90702297150
# SR_steepness:
0.750000000000
