#######GENERAL HEADER INPUT#######
1
30
1
30
1
30
30
12
1	2	3	4	5	6	7	8	9	10	11	12
12
1	2	3	4	5	6	7	8	9	10	11	12
1
1001
1
1
#######SURVEY DATA#######
30
1	2	3	4	5	6	7	8	9	10	11	12	13	14	15	16	17	18	19	20	21	22	23	24	25	26	27	28	29	30
1.50736173171326	1.46602887084587	1.44779195512279	1.19491548076348	1.22536927541784	1.09549416068592	1.49191822662899	1.17638387679279	1.12795447414569	1.07484860627341	1.09012225984014	1.21803938945151	0.852818363175697	1.00391280999559	0.922796943447475	0.814731398885562	0.864136433923506	0.89769794280206	0.836161445733351	0.845053189243802	0.92499952788691	0.801583242933478	0.701758977040494	0.603543427259909	0.692749959675712	0.667935217585654	0.677762846892354	0.627043008836219	0.605023096898655	0.564305234550588
0.2	0.2	0.2	0.2	0.2	0.2	0.2	0.2	0.2	0.2	0.2	0.2	0.2	0.2	0.2	0.2	0.2	0.2	0.2	0.2	0.2	0.2	0.2	0.2	0.2	0.2	0.2	0.2	0.2	0.2
30
1	2	3	4	5	6	7	8	9	10	11	12	13	14	15	16	17	18	19	20	21	22	23	24	25	26	27	28	29	30
200	200	200	200	200	200	200	200	200	200	200	200	200	200	200	200	200	200	200	200	200	200	200	200	200	200	200	200	200	200
200	200	200	200	200	200	200	200	200	200	200	200	200	200	200	200	200	200	200	200	200	200	200	200	200	200	200	200	200	200
0.075	0.135	0.165	0.11	0.105	0.09	0.045	0.06	0.03	0.045	0.03	0.11
0.065	0.14	0.13	0.19	0.085	0.095	0.065	0.05	0.025	0.03	0.015	0.11
0.055	0.16	0.17	0.16	0.085	0.055	0.1	0.05	0.015	0.04	0.025	0.085
0.04	0.16	0.165	0.14	0.04	0.105	0.035	0.045	0.055	0.04	0.015	0.16
0.085	0.095	0.165	0.125	0.07	0.105	0.07	0.045	0.035	0.065	0.015	0.125
0.085	0.125	0.13	0.085	0.145	0.075	0.085	0.065	0.05	0.04	0.025	0.09
0.06	0.165	0.225	0.08	0.065	0.09	0.06	0.075	0.03	0.025	0.035	0.09
0.04	0.155	0.2	0.135	0.095	0.065	0.095	0.025	0.045	0.025	0.025	0.095
0.105	0.145	0.135	0.19	0.075	0.025	0.045	0.02	0.025	0.03	0.03	0.175
0.09	0.235	0.155	0.155	0.125	0.055	0.05	0.03	0.015	0.015	0.02	0.055
0.07	0.19	0.215	0.095	0.075	0.115	0.025	0.04	0	0.025	0.03	0.12
0.1	0.175	0.18	0.125	0.115	0.115	0.045	0.015	0.02	0.03	0.01	0.07
0.07	0.15	0.13	0.15	0.12	0.095	0.065	0.06	0.045	0.01	0.025	0.08
0.085	0.195	0.175	0.1	0.12	0.11	0.055	0.02	0.03	0.025	0.015	0.07
0.13	0.195	0.185	0.13	0.12	0.06	0.055	0.03	0.015	0.025	0.015	0.04
0.11	0.19	0.16	0.12	0.115	0.09	0.075	0.06	0.02	0.025	0.01	0.025
0.115	0.205	0.17	0.14	0.125	0.07	0.035	0.06	0.035	0.005	0	0.04
0.12	0.175	0.21	0.155	0.145	0.05	0.045	0.02	0.015	0.02	0	0.045
0.12	0.2	0.23	0.135	0.09	0.08	0.03	0.025	0.02	0.01	0.02	0.04
0.09	0.25	0.26	0.17	0.07	0.06	0.025	0.015	0.02	0	0.01	0.03
0.115	0.175	0.245	0.135	0.12	0.06	0.075	0.015	0.025	0.015	0.015	0.005
0.1	0.285	0.17	0.16	0.115	0.065	0.02	0.035	0.005	0.01	0.01	0.025
0.115	0.235	0.195	0.135	0.095	0.115	0.03	0.02	0.02	0.005	0.005	0.03
0.12	0.215	0.175	0.18	0.12	0.07	0.03	0.03	0.03	0.02	0.005	0.005
0.145	0.255	0.245	0.12	0.06	0.09	0.03	0.025	0.015	0	0.005	0.01
0.165	0.225	0.235	0.15	0.08	0.06	0.035	0.015	0.015	0.015	0.005	0
0.11	0.285	0.225	0.165	0.1	0.055	0.03	0.02	0.005	0.005	0	0
0.065	0.24	0.3	0.18	0.095	0.06	0.03	0.01	0.005	0	0.01	0.005
0.13	0.195	0.26	0.17	0.095	0.08	0.015	0.015	0.025	0.015	0	0
0.115	0.325	0.12	0.15	0.155	0.05	0.05	0.005	0.01	0.01	0.01	0
#######LANDINGS DATA#######
1
30
161.120167911489	463.622468237782	750.187746896801	970.964034756305	734.918049095158	1251.13317273627	1194.70491798924	2300.64615949177	1246.70811205848	1441.67453493391	1523.3893050222	1549.67697722405	1060.80131605996	1491.14852371867	1480.2679764605	1268.83790923666	2273.86813806293	1614.14806138897	1486.57896609695	1396.20468367483	1790.08400299803	1224.53851393688	1838.51299895953	1357.65471425034	1267.62368182504	1132.05212137819	1113.52249612893	1496.49226984969	1065.21858761849	1481.20313181251
0.01	0.01	0.01	0.01	0.01	0.01	0.01	0.01	0.01	0.01	0.01	0.01	0.01	0.01	0.01	0.01	0.01	0.01	0.01	0.01	0.01	0.01	0.01	0.01	0.01	0.01	0.01	0.01	0.01	0.01
30
1	2	3	4	5	6	7	8	9	10	11	12	13	14	15	16	17	18	19	20	21	22	23	24	25	26	27	28	29	30
200	200	200	200	200	200	200	200	200	200	200	200	200	200	200	200	200	200	200	200	200	200	200	200	200	200	200	200	200	200
200	200	200	200	200	200	200	200	200	200	200	200	200	200	200	200	200	200	200	200	200	200	200	200	200	200	200	200	200	200
0.08	0.115	0.13	0.125	0.11	0.065	0.065	0.04	0.045	0.025	0.045	0.155
0.06	0.075	0.105	0.11	0.14	0.1	0.08	0.065	0.06	0.055	0.015	0.135
0.055	0.055	0.115	0.105	0.1	0.1	0.095	0.05	0.05	0.045	0.02	0.21
0.055	0.065	0.145	0.135	0.125	0.095	0.07	0.05	0.025	0.03	0.06	0.145
0.085	0.115	0.11	0.16	0.11	0.08	0.055	0.07	0.035	0.04	0.03	0.11
0.125	0.115	0.06	0.11	0.095	0.07	0.06	0.08	0.035	0.04	0.06	0.15
0.11	0.12	0.16	0.095	0.08	0.08	0.055	0.065	0.06	0.05	0.025	0.1
0.075	0.13	0.17	0.17	0.07	0.075	0.065	0.05	0.065	0.02	0.02	0.09
0.115	0.135	0.17	0.155	0.125	0.08	0.035	0.04	0.015	0.025	0.025	0.08
0.085	0.16	0.105	0.14	0.13	0.1	0.04	0.045	0.035	0.005	0.03	0.125
0.05	0.19	0.18	0.12	0.105	0.08	0.08	0.03	0.015	0.03	0.025	0.095
0.07	0.105	0.16	0.19	0.1	0.075	0.09	0.06	0.025	0.005	0.015	0.105
0.09	0.15	0.12	0.165	0.14	0.055	0.095	0.025	0.045	0.015	0.01	0.09
0.135	0.155	0.185	0.105	0.085	0.09	0.075	0.06	0.035	0.02	0	0.055
0.1	0.175	0.22	0.105	0.085	0.075	0.075	0.04	0.04	0.02	0.01	0.055
0.105	0.195	0.17	0.145	0.105	0.055	0.06	0.045	0.04	0.025	0.02	0.035
0.105	0.165	0.165	0.15	0.11	0.105	0.07	0.04	0.03	0.02	0.015	0.025
0.175	0.11	0.155	0.175	0.14	0.075	0.065	0.02	0.03	0.045	0	0.01
0.145	0.195	0.15	0.135	0.1	0.07	0.055	0.04	0.015	0.025	0.025	0.045
0.19	0.185	0.21	0.105	0.1	0.08	0.045	0.035	0.02	0.005	0.01	0.015
0.11	0.135	0.27	0.19	0.065	0.05	0.07	0.04	0.015	0.015	0	0.04
0.125	0.25	0.155	0.145	0.14	0.065	0.035	0.025	0.02	0.02	0.005	0.015
0.14	0.15	0.175	0.165	0.095	0.095	0.035	0.05	0.02	0.025	0.03	0.02
0.135	0.15	0.205	0.165	0.12	0.085	0.065	0.025	0.015	0.01	0.01	0.015
0.135	0.215	0.215	0.15	0.11	0.08	0.035	0.03	0.015	0	0.01	0.005
0.2	0.205	0.19	0.125	0.075	0.115	0.035	0.015	0.01	0.01	0.015	0.005
0.145	0.25	0.18	0.175	0.085	0.08	0.02	0.03	0.015	0.015	0	0.005
0.085	0.225	0.275	0.155	0.145	0.035	0.035	0.01	0.005	0.015	0.005	0.01
0.2	0.15	0.18	0.19	0.13	0.045	0.055	0.02	0.02	0	0.005	0.005
0.145	0.345	0.12	0.08	0.105	0.04	0.045	0.04	0.04	0.015	0.015	0.01
#######PARAMETER SECTION#######
800	400	1200	-4	800	-0.25	1
0.18	0.01	1	-4	0.18	-0.25	1
-1.36	-5	-0.001	-4	-1.36	-0.25	1
0.1	0.05	0.3	-4	0.1	-0.25	1
0.2	0.01	0.5	-4	0.2	-0.25	1
0.75	0.20001	1	-3	0.75	-0.25	1
13.815511	-1	200	1	13.815511	-0.25	1
0	-1	1	-4	0	-0.25	1
0.2	1e-04	1.2	-3	0.2	-0.25	1
0	-10	10	-6	0	-1	1
0	-10	10	-6	0	-1	1
2	0	12	2	2	-0.5	1
1	0	12	2	1	-0.5	1
2	0	12	-2	2	-0.5	1
1	0	12	-2	1	-0.5	1
1.5	0	12	2	1.5	-0.5	1
2	0	12	2	2	-0.5	1
-14.8948766784158	-30	5	1	-14.8948766784158	-1	1
1	0.1	2	-1	1	-1	1
-1.54399197800355	-10	1.39	1	-1.54399197800355	-1	1
#######DEV CONSTRAINTS and DEVS#######
-15	15	2
-15	15	2
-15	15	2
0	0	0	0	0	0	0	0	0	0	0	0	0	0	0	0	0	0	0	0	0	0	0	0	0	0	0	0	0	0
0	0	0	0	0	0	0	0	0	0	0	0	0	0	0	0	0	0	0	0	0	0	0	0	0	0	0	0	0	0
0	0	0	0	0	0	0	0	0	0	0
#######LIKELIHOOD WEIGHTS#######
1
1
1
1
0
1
0
0
0
#######MISCELLANEOUS STUFF SECTION#######
2.5e-08
3
0.5	0.5	0.5	0.5	0.5	0.5	0.5	0.5	0.5	0.5	0.5	0.5
0.0229773699100256	0.320821300824607	0.904650535100891	0.994779874306442	0.999738809680904	0.999986992871533	0.999999352405202	0.999999967758134	0.999999998394772	0.99999999992008	0.999999999996021	0.999999999999802
0.2	0.2	0.2	0.2	0.2	0.2	0.2	0.2	0.2	0.2	0.2	0.2
0
1
10
0.2
1
1	0	0	0	0	0	0	0	0	0	0	0
0	1	0	0	0	0	0	0	0	0	0	0
0	0	1	0	0	0	0	0	0	0	0	0
0	0	0	1	0	0	0	0	0	0	0	0
0	0	0	0	1	0	0	0	0	0	0	0
0	0	0	0	0	1	0	0	0	0	0	0
0	0	0	0	0	0	1	0	0	0	0	0
0	0	0	0	0	0	0	1	0	0	0	0
0	0	0	0	0	0	0	0	1	0	0	0
0	0	0	0	0	0	0	0	0	1	0	0
0	0	0	0	0	0	0	0	0	0	1	0
0	0	0	0	0	0	0	0	0	0	0	1
40
31
2
1
#######END OF DATA FILE#######
999
