#styr												
1
#endyr												
30
#rec_age										
1															
#n_ages										
12
# numbers of length intervals
81
#Length	bin
10	11	12	13	14	15	16	17	18	19	20	21	22	23	24	25	26	27	28	29	30	31	32	33	34	35	36	37	38	39	40	41	42	43	44	45	46	47	48	49	50	51	52	53	54	55	56	57	58	59	60	61	62	63	64	65	66	67	68	69	70	71	72	73	74	75	76	77	78	79	80	81	82	83	84	85	86	87	88	89	90
#nfsh
1
#names_fsh
FLEET1												
#catch												
175.790504141323	534.731470979904	597.566194272951	723.086990517862	1141.12004951838	1424.37020043225	1751.72836883685	1673.99236684248	1548.87269708184	1310.08733323638	2298.15985761713	1673.05311632798	1625.55843145826	1668.1123005434	1279.38821395499	1876.37027833226	1351.88182906924	1436.5725961905	1379.95798239917	1800.77855781431	1091.77445915768	1073.06068892827	1460.11471190898	1983.49276850391	1159.66605610422	1089.56011282806	1091.44617232841	1144.39039378212	987.398256774226	957.129377453386
#catch_cv											
0.01	0.01	0.01	0.01	0.01	0.01	0.01	0.01	0.01	0.01	0.01	0.01	0.01	0.01	0.01	0.01	0.01	0.01	0.01	0.01	0.01	0.01	0.01	0.01	0.01	0.01	0.01	0.01	0.01	0.01
#n_ages_fsh								
30		
#n_lengths_fsh								
0															
#yrs_ages_fsh								
1	2	3	4	5	6	7	8	9	10	11	12	13	14	15	16	17	18	19	20	21	22	23	24	25	26	27	28	29	30	
#sample_ages_fsh							
200	200	200	200	200	200	200	200	200	200	200	200	200	200	200	200	200	200	200	200	200	200	200	200	200	200	200	200	200	200
#page_fsh	2	3	4	5	6	7	8	9	10	11						
0.06	0.1	0.105	0.135	0.11	0.085	0.07	0.07	0.04	0.035	0.04	0.15
0.08	0.1	0.17	0.13	0.055	0.07	0.08	0.04	0.04	0.06	0.025	0.15
0.075	0.155	0.135	0.09	0.1	0.105	0.08	0.03	0.035	0.03	0.015	0.15
0.055	0.115	0.13	0.145	0.12	0.075	0.07	0.035	0.05	0.005	0.06	0.14
0.07	0.09	0.16	0.09	0.105	0.105	0.075	0.06	0.045	0.03	0.01	0.16
0.1	0.125	0.11	0.105	0.12	0.045	0.08	0.045	0.06	0.065	0.02	0.125
0.09	0.11	0.125	0.13	0.12	0.095	0.045	0.05	0.04	0.035	0.025	0.135
0.09	0.09	0.215	0.135	0.105	0.105	0.035	0.045	0.04	0.045	0.02	0.075
0.09	0.11	0.12	0.135	0.155	0.085	0.05	0.05	0.03	0.04	0.015	0.12
0.07	0.18	0.135	0.15	0.11	0.11	0.055	0.03	0.035	0.015	0.015	0.095
0.13	0.12	0.1	0.12	0.15	0.13	0.085	0.045	0.025	0.015	0.005	0.075
0.095	0.155	0.13	0.185	0.15	0.1	0.025	0.035	0.045	0.005	0.025	0.05
0.09	0.11	0.165	0.155	0.105	0.08	0.065	0.05	0.04	0.03	0.005	0.105
0.1	0.16	0.12	0.155	0.09	0.08	0.075	0.065	0.05	0.04	0.015	0.05
0.115	0.175	0.19	0.085	0.145	0.095	0.04	0.045	0.015	0.025	0.025	0.045
0.175	0.105	0.155	0.135	0.055	0.085	0.075	0.02	0.065	0.04	0.03	0.06
0.11	0.23	0.18	0.125	0.105	0.065	0.035	0.04	0.03	0.025	0.015	0.04
0.165	0.15	0.24	0.08	0.135	0.065	0.025	0.03	0.025	0.015	0.005	0.065
0.105	0.17	0.21	0.16	0.1	0.065	0.08	0.035	0.02	0.01	0.015	0.03
0.125	0.155	0.175	0.13	0.115	0.055	0.095	0.035	0.035	0.03	0.005	0.045
0.075	0.205	0.12	0.21	0.1	0.11	0.075	0.06	0.025	0.005	0.005	0.01
0.22	0.135	0.185	0.13	0.115	0.08	0.04	0.03	0.02	0.01	0.005	0.03
0.16	0.21	0.155	0.125	0.1	0.105	0.04	0.02	0.015	0.02	0.015	0.035
0.11	0.23	0.195	0.085	0.125	0.06	0.05	0.05	0.035	0.03	0.005	0.025
0.145	0.2	0.25	0.155	0.075	0.085	0.035	0.015	0.005	0.025	0	0.01
0.175	0.175	0.16	0.195	0.145	0.045	0.02	0.025	0.02	0.025	0	0.015
0.105	0.23	0.21	0.17	0.125	0.085	0.005	0.02	0.005	0.02	0.01	0.015
0.11	0.15	0.26	0.17	0.09	0.085	0.08	0.01	0.01	0.005	0.01	0.02
0.15	0.215	0.21	0.185	0.085	0.065	0.035	0.025	0	0.015	0.005	0.01
0.245	0.2	0.175	0.14	0.115	0.035	0.045	0.025	0	0	0.01	0.01
#wt_age_fsh	1 2	3	4	5	6	7	8	9	10	11						
0.000530656	0.001196328	0.002058265	0.003034987	0.004055212	0.005064698	0.006026226	0.006916921	0.007724891	0.008446113	0.009081853	0.009636695
0.000530656	0.001196328	0.002058265	0.003034987	0.004055212	0.005064698	0.006026226	0.006916921	0.007724891	0.008446113	0.009081853	0.009636695
0.000530656	0.001196328	0.002058265	0.003034987	0.004055212	0.005064698	0.006026226	0.006916921	0.007724891	0.008446113	0.009081853	0.009636695
0.000530656	0.001196328	0.002058265	0.003034987	0.004055212	0.005064698	0.006026226	0.006916921	0.007724891	0.008446113	0.009081853	0.009636695
0.000530656	0.001196328	0.002058265	0.003034987	0.004055212	0.005064698	0.006026226	0.006916921	0.007724891	0.008446113	0.009081853	0.009636695
0.000530656	0.001196328	0.002058265	0.003034987	0.004055212	0.005064698	0.006026226	0.006916921	0.007724891	0.008446113	0.009081853	0.009636695
0.000530656	0.001196328	0.002058265	0.003034987	0.004055212	0.005064698	0.006026226	0.006916921	0.007724891	0.008446113	0.009081853	0.009636695
0.000530656	0.001196328	0.002058265	0.003034987	0.004055212	0.005064698	0.006026226	0.006916921	0.007724891	0.008446113	0.009081853	0.009636695
0.000530656	0.001196328	0.002058265	0.003034987	0.004055212	0.005064698	0.006026226	0.006916921	0.007724891	0.008446113	0.009081853	0.009636695
0.000530656	0.001196328	0.002058265	0.003034987	0.004055212	0.005064698	0.006026226	0.006916921	0.007724891	0.008446113	0.009081853	0.009636695
0.000530656	0.001196328	0.002058265	0.003034987	0.004055212	0.005064698	0.006026226	0.006916921	0.007724891	0.008446113	0.009081853	0.009636695
0.000530656	0.001196328	0.002058265	0.003034987	0.004055212	0.005064698	0.006026226	0.006916921	0.007724891	0.008446113	0.009081853	0.009636695
0.000530656	0.001196328	0.002058265	0.003034987	0.004055212	0.005064698	0.006026226	0.006916921	0.007724891	0.008446113	0.009081853	0.009636695
0.000530656	0.001196328	0.002058265	0.003034987	0.004055212	0.005064698	0.006026226	0.006916921	0.007724891	0.008446113	0.009081853	0.009636695
0.000530656	0.001196328	0.002058265	0.003034987	0.004055212	0.005064698	0.006026226	0.006916921	0.007724891	0.008446113	0.009081853	0.009636695
0.000530656	0.001196328	0.002058265	0.003034987	0.004055212	0.005064698	0.006026226	0.006916921	0.007724891	0.008446113	0.009081853	0.009636695
0.000530656	0.001196328	0.002058265	0.003034987	0.004055212	0.005064698	0.006026226	0.006916921	0.007724891	0.008446113	0.009081853	0.009636695
0.000530656	0.001196328	0.002058265	0.003034987	0.004055212	0.005064698	0.006026226	0.006916921	0.007724891	0.008446113	0.009081853	0.009636695
0.000530656	0.001196328	0.002058265	0.003034987	0.004055212	0.005064698	0.006026226	0.006916921	0.007724891	0.008446113	0.009081853	0.009636695
0.000530656	0.001196328	0.002058265	0.003034987	0.004055212	0.005064698	0.006026226	0.006916921	0.007724891	0.008446113	0.009081853	0.009636695
0.000530656	0.001196328	0.002058265	0.003034987	0.004055212	0.005064698	0.006026226	0.006916921	0.007724891	0.008446113	0.009081853	0.009636695
0.000530656	0.001196328	0.002058265	0.003034987	0.004055212	0.005064698	0.006026226	0.006916921	0.007724891	0.008446113	0.009081853	0.009636695
0.000530656	0.001196328	0.002058265	0.003034987	0.004055212	0.005064698	0.006026226	0.006916921	0.007724891	0.008446113	0.009081853	0.009636695
0.000530656	0.001196328	0.002058265	0.003034987	0.004055212	0.005064698	0.006026226	0.006916921	0.007724891	0.008446113	0.009081853	0.009636695
0.000530656	0.001196328	0.002058265	0.003034987	0.004055212	0.005064698	0.006026226	0.006916921	0.007724891	0.008446113	0.009081853	0.009636695
0.000530656	0.001196328	0.002058265	0.003034987	0.004055212	0.005064698	0.006026226	0.006916921	0.007724891	0.008446113	0.009081853	0.009636695
0.000530656	0.001196328	0.002058265	0.003034987	0.004055212	0.005064698	0.006026226	0.006916921	0.007724891	0.008446113	0.009081853	0.009636695
0.000530656	0.001196328	0.002058265	0.003034987	0.004055212	0.005064698	0.006026226	0.006916921	0.007724891	0.008446113	0.009081853	0.009636695
0.000530656	0.001196328	0.002058265	0.003034987	0.004055212	0.005064698	0.006026226	0.006916921	0.007724891	0.008446113	0.009081853	0.009636695
0.000530656	0.001196328	0.002058265	0.003034987	0.004055212	0.005064698	0.006026226	0.006916921	0.007724891	0.008446113	0.009081853	0.009636695
#nind
1
#ind_names									
SURVEY1									
#nobs_ind
30
#yrs_ind											
1	2	3	4	5	6	7	8	9	10	11	12	13	14	15	16	17	18	19	20	21	22	23	24	25	26	27	28	29	30	
#month_ind										
1															
#biom_ind											
1.49333545022711	1.46702074019309	1.65796789595752	1.36415768543742	1.69362424323745	1.38834922094653	1.47346059058565	1.58141711611058	1.27173448276906	1.46779978638102	1.08857654150047	1.08459998864898	1.02879588146698	1.0205319449498	1.0959041165533	1.00572253632579	0.902054195144163	0.955127790181015	0.873063367594462	0.859037821914061	0.789310064089201	0.869768684766595	0.628553981859436	0.76893240363805	0.597001137241591	0.547616621062443	0.4848759107183	0.525940503650817	0.503380741641336	0.353990404846149
#biom_cv																
0.298667090045423	0.293404148038618	0.331593579191503	0.272831537087483	0.33872484864749	0.277669844189307	0.29469211811713	0.316283423222115	0.254346896553813	0.293559957276204	0.217715308300094	0.216919997729795	0.205759176293396	0.20410638898996	0.219180823310661	0.201144507265159	0.180410839028833	0.191025558036203	0.174612673518892	0.171807564382812	0.15786201281784	0.173953736953319	0.125710796371887	0.15378648072761	0.119400227448318	0.109523324212489	0.0969751821436599	0.105188100730163	0.100676148328267	0.0707980809692298
#n_ages_ind															
30			
#n_lengths_ind															
0															
#yrs_ages_ind															
1	2	3	4	5	6	7	8	9	10	11	12	13	14	15	16	17	18	19	20	21	22	23	24	25	26	27	28	29	30	
#sample_ages_ind					
200	200	200	200	200	200	200	200	200	200	200	200	200	200	200	200	200	200	200	200	200	200	200	200	200	200	200	200	200	200
#page_ind						
0.065	0.12	0.14	0.1	0.115	0.06	0.09	0.05	0.085	0.04	0.025	0.11
0.095	0.15	0.15	0.125	0.125	0.065	0.035	0.02	0.06	0.025	0.02	0.13
0.085	0.17	0.145	0.125	0.125	0.08	0.05	0.05	0.02	0.03	0.025	0.095
0.07	0.135	0.195	0.08	0.105	0.09	0.05	0.03	0.03	0.045	0.03	0.14
0.065	0.165	0.165	0.15	0.095	0.075	0.03	0.04	0.06	0.055	0.015	0.085
0.105	0.13	0.185	0.165	0.09	0.06	0.04	0.03	0.025	0.04	0.01	0.12
0.065	0.145	0.235	0.145	0.09	0.05	0.06	0.045	0.025	0.025	0.01	0.105
0.065	0.165	0.21	0.155	0.085	0.065	0.06	0.045	0.02	0.03	0.015	0.085
0.04	0.155	0.195	0.155	0.125	0.055	0.07	0.045	0.04	0.005	0.015	0.1
0.09	0.16	0.215	0.12	0.085	0.085	0.05	0.015	0.035	0.03	0.015	0.1
0.115	0.14	0.165	0.135	0.1	0.11	0.065	0.04	0.025	0.015	0.03	0.06
0.06	0.165	0.155	0.16	0.13	0.095	0.06	0.065	0.025	0.015	0.01	0.06
0.13	0.12	0.19	0.165	0.1	0.095	0.065	0.025	0.025	0.01	0.015	0.06
0.09	0.185	0.14	0.16	0.08	0.07	0.065	0.085	0.025	0.025	0.005	0.07
0.09	0.215	0.19	0.11	0.095	0.075	0.06	0.04	0.025	0.025	0.02	0.055
0.18	0.12	0.225	0.15	0.05	0.065	0.065	0.02	0.025	0.035	0.01	0.055
0.065	0.27	0.175	0.125	0.13	0.05	0.055	0.02	0.035	0.025	0.02	0.03
0.105	0.19	0.265	0.135	0.07	0.045	0.045	0.025	0.04	0.045	0	0.035
0.09	0.235	0.22	0.185	0.075	0.05	0.06	0.02	0.01	0.015	0.01	0.03
0.11	0.155	0.245	0.155	0.15	0.04	0.05	0.015	0.01	0.025	0.015	0.03
0.1	0.22	0.205	0.145	0.11	0.07	0.03	0.035	0.03	0.005	0.02	0.03
0.125	0.145	0.235	0.195	0.14	0.045	0.065	0.01	0.025	0.005	0	0.01
0.125	0.25	0.14	0.205	0.085	0.1	0.015	0.025	0.015	0.02	0.01	0.01
0.08	0.285	0.195	0.105	0.14	0.065	0.055	0.01	0.025	0.02	0.005	0.015
0.065	0.26	0.235	0.18	0.085	0.05	0.02	0.055	0.02	0.01	0.01	0.01
0.165	0.215	0.19	0.18	0.09	0.025	0.055	0.02	0.035	0.01	0.01	0.005
0.12	0.315	0.22	0.14	0.08	0.055	0.03	0.005	0.01	0.005	0.005	0.015
0.115	0.19	0.3	0.115	0.09	0.08	0.035	0.03	0.02	0.01	0.01	0.005
0.135	0.205	0.24	0.19	0.03	0.09	0.04	0.02	0	0.015	0.005	0.03
0.14	0.295	0.205	0.09	0.11	0.03	0.045	0.035	0.02	0.02	0	0.01
#wt_age_ind						
1 1 1 1 1 1 1 1 1 1 1 1 
1 1 1 1 1 1 1 1 1 1 1 1 
1 1 1 1 1 1 1 1 1 1 1 1 
1 1 1 1 1 1 1 1 1 1 1 1 
1 1 1 1 1 1 1 1 1 1 1 1 
1 1 1 1 1 1 1 1 1 1 1 1 
1 1 1 1 1 1 1 1 1 1 1 1 
1 1 1 1 1 1 1 1 1 1 1 1 
1 1 1 1 1 1 1 1 1 1 1 1 
1 1 1 1 1 1 1 1 1 1 1 1 
1 1 1 1 1 1 1 1 1 1 1 1 
1 1 1 1 1 1 1 1 1 1 1 1 
1 1 1 1 1 1 1 1 1 1 1 1 
1 1 1 1 1 1 1 1 1 1 1 1 
1 1 1 1 1 1 1 1 1 1 1 1 
1 1 1 1 1 1 1 1 1 1 1 1 
1 1 1 1 1 1 1 1 1 1 1 1 
1 1 1 1 1 1 1 1 1 1 1 1 
1 1 1 1 1 1 1 1 1 1 1 1 
1 1 1 1 1 1 1 1 1 1 1 1 
1 1 1 1 1 1 1 1 1 1 1 1 
1 1 1 1 1 1 1 1 1 1 1 1 
1 1 1 1 1 1 1 1 1 1 1 1 
1 1 1 1 1 1 1 1 1 1 1 1 
1 1 1 1 1 1 1 1 1 1 1 1 
1 1 1 1 1 1 1 1 1 1 1 1 
1 1 1 1 1 1 1 1 1 1 1 1 
1 1 1 1 1 1 1 1 1 1 1 1 
1 1 1 1 1 1 1 1 1 1 1 1 
1 1 1 1 1 1 1 1 1 1 1 1 
# wt_pop
0.000530656	0.001196328	0.002058265	0.003034987	0.004055212	0.005064698	0.006026226	0.006916921	0.007724891	0.008446113	0.009081853	0.009636695
#maturity
0.02297737 0.32082130 0.90465054 0.99477987 0.99973881 0.99998699 0.99999935 0.99999997 1 1 1 1
#spmonth						
1		
#age_err						
1	0	0	0	0	0	0	0	0	0	0	0
0	1	0	0	0	0	0	0	0	0	0	0
0	0	1	0	0	0	0	0	0	0	0	0
0	0	0	1	0	0	0	0	0	0	0	0
0	0	0	0	1	0	0	0	0	0	0	0
0	0	0	0	0	1	0	0	0	0	0	0
0	0	0	0	0	0	1	0	0	0	0	0
0	0	0	0	0	0	0	1	0	0	0	0
0	0	0	0	0	0	0	0	1	0	0	0
0	0	0	0	0	0	0	0	0	1	0	0
0	0	0	0	0	0	0	0	0	0	1	0
0	0	0	0	0	0	0	0	0	0	0	1																														
