#styr												
1
#endyr												
30
#rec_age										
1															
#n_ages										
12
# numbers of length intervals
81
#Length	bin
10	11	12	13	14	15	16	17	18	19	20	21	22	23	24	25	26	27	28	29	30	31	32	33	34	35	36	37	38	39	40	41	42	43	44	45	46	47	48	49	50	51	52	53	54	55	56	57	58	59	60	61	62	63	64	65	66	67	68	69	70	71	72	73	74	75	76	77	78	79	80	81	82	83	84	85	86	87	88	89	90
#nfsh
1
#names_fsh
FLEET1												
#catch												
162.584333363453	463.489221321417	746.59085651976	981.275538603174	763.064751437897	1333.44476666007	1276.62938119075	2462.7165733179	1284.98806039601	1481.11404654437	1540.6296529772	1535.91523776908	1047.22060455368	1533.25976699645	1566.86306411557	1385.45155803144	2451.63037654889	1793.47686372703	1629.48202324699	1479.10404971417	1859.59946382115	1232.14482887654	1842.78562370056	1377.98448714835	1310.14131631059	1160.60406372003	1124.07319211522	1502.95175043551	1078.75555288516	1524.52740869245
#catch_cv											
0.01	0.01	0.01	0.01	0.01	0.01	0.01	0.01	0.01	0.01	0.01	0.01	0.01	0.01	0.01	0.01	0.01	0.01	0.01	0.01	0.01	0.01	0.01	0.01	0.01	0.01	0.01	0.01	0.01	0.01
#n_ages_fsh								
30		
#n_lengths_fsh								
0															
#yrs_ages_fsh								
1	2	3	4	5	6	7	8	9	10	11	12	13	14	15	16	17	18	19	20	21	22	23	24	25	26	27	28	29	30	
#sample_ages_fsh							
200	200	200	200	200	200	200	200	200	200	200	200	200	200	200	200	200	200	200	200	200	200	200	200	200	200	200	200	200	200
#page_fsh	2	3	4	5	6	7	8	9	10	11						
0.05	0.12	0.115	0.13	0.075	0.085	0.055	0.055	0.07	0.03	0.05	0.165
0.09	0.1	0.1	0.145	0.105	0.06	0.085	0.03	0.06	0.03	0.065	0.13
0.11	0.105	0.13	0.12	0.09	0.09	0.1	0.06	0.035	0.005	0.06	0.095
0.07	0.13	0.135	0.115	0.15	0.08	0.035	0.035	0.035	0.035	0.035	0.145
0.09	0.13	0.095	0.155	0.095	0.095	0.07	0.055	0.03	0.035	0.035	0.115
0.055	0.125	0.155	0.12	0.095	0.115	0.065	0.085	0.025	0.04	0.015	0.105
0.07	0.155	0.16	0.095	0.1	0.075	0.065	0.03	0.05	0.035	0.04	0.125
0.09	0.065	0.1	0.155	0.12	0.115	0.07	0.055	0.035	0.055	0.025	0.115
0.11	0.12	0.12	0.12	0.115	0.075	0.055	0.06	0.085	0.025	0.015	0.1
0.05	0.13	0.205	0.14	0.1	0.095	0.08	0.035	0.015	0.005	0.02	0.125
0.07	0.13	0.125	0.16	0.125	0.085	0.1	0.055	0.025	0.02	0.03	0.075
0.115	0.14	0.155	0.135	0.14	0.08	0.065	0.03	0.02	0.025	0.01	0.085
0.17	0.175	0.19	0.095	0.125	0.07	0.03	0.045	0.02	0.03	0.015	0.035
0.085	0.21	0.245	0.1	0.095	0.075	0.055	0.03	0.02	0.015	0.01	0.06
0.105	0.085	0.265	0.165	0.08	0.1	0.045	0.04	0.03	0.025	0.025	0.035
0.11	0.155	0.115	0.225	0.14	0.035	0.055	0.045	0.04	0.015	0.01	0.055
0.08	0.105	0.195	0.09	0.215	0.125	0.055	0.025	0.035	0.02	0.02	0.035
0.12	0.14	0.19	0.16	0.075	0.14	0.04	0.03	0.02	0.035	0.015	0.035
0.115	0.19	0.165	0.11	0.11	0.1	0.06	0.07	0.01	0.03	0	0.04
0.09	0.155	0.2	0.145	0.125	0.085	0.03	0.08	0.02	0.015	0.01	0.045
0.145	0.13	0.23	0.165	0.095	0.045	0.06	0.05	0.05	0.01	0	0.02
0.11	0.215	0.16	0.165	0.12	0.07	0.06	0.035	0.01	0.03	0.005	0.02
0.17	0.155	0.24	0.115	0.09	0.085	0.055	0.03	0.015	0.01	0.01	0.025
0.185	0.26	0.125	0.175	0.105	0.05	0.035	0.02	0.005	0.015	0.005	0.02
0.11	0.175	0.315	0.12	0.105	0.075	0.03	0.03	0.03	0.01	0	0
0.095	0.265	0.185	0.2	0.085	0.08	0.03	0.03	0.015	0.005	0	0.01
0.165	0.19	0.215	0.14	0.115	0.055	0.04	0.025	0.025	0.005	0.005	0.02
0.14	0.26	0.15	0.145	0.115	0.1	0.015	0.035	0.01	0.01	0	0.02
0.12	0.21	0.29	0.12	0.075	0.065	0.045	0.04	0.01	0.005	0.01	0.01
0.16	0.175	0.235	0.215	0.1	0.035	0.015	0.04	0.01	0	0	0.015
#wt_age_fsh	1 2	3	4	5	6	7	8	9	10	11						
0.000530656	0.001196328	0.002058265	0.003034987	0.004055212	0.005064698	0.006026226	0.006916921	0.007724891	0.008446113	0.009081853	0.009636695
0.000530656	0.001196328	0.002058265	0.003034987	0.004055212	0.005064698	0.006026226	0.006916921	0.007724891	0.008446113	0.009081853	0.009636695
0.000530656	0.001196328	0.002058265	0.003034987	0.004055212	0.005064698	0.006026226	0.006916921	0.007724891	0.008446113	0.009081853	0.009636695
0.000530656	0.001196328	0.002058265	0.003034987	0.004055212	0.005064698	0.006026226	0.006916921	0.007724891	0.008446113	0.009081853	0.009636695
0.000530656	0.001196328	0.002058265	0.003034987	0.004055212	0.005064698	0.006026226	0.006916921	0.007724891	0.008446113	0.009081853	0.009636695
0.000530656	0.001196328	0.002058265	0.003034987	0.004055212	0.005064698	0.006026226	0.006916921	0.007724891	0.008446113	0.009081853	0.009636695
0.000530656	0.001196328	0.002058265	0.003034987	0.004055212	0.005064698	0.006026226	0.006916921	0.007724891	0.008446113	0.009081853	0.009636695
0.000530656	0.001196328	0.002058265	0.003034987	0.004055212	0.005064698	0.006026226	0.006916921	0.007724891	0.008446113	0.009081853	0.009636695
0.000530656	0.001196328	0.002058265	0.003034987	0.004055212	0.005064698	0.006026226	0.006916921	0.007724891	0.008446113	0.009081853	0.009636695
0.000530656	0.001196328	0.002058265	0.003034987	0.004055212	0.005064698	0.006026226	0.006916921	0.007724891	0.008446113	0.009081853	0.009636695
0.000530656	0.001196328	0.002058265	0.003034987	0.004055212	0.005064698	0.006026226	0.006916921	0.007724891	0.008446113	0.009081853	0.009636695
0.000530656	0.001196328	0.002058265	0.003034987	0.004055212	0.005064698	0.006026226	0.006916921	0.007724891	0.008446113	0.009081853	0.009636695
0.000530656	0.001196328	0.002058265	0.003034987	0.004055212	0.005064698	0.006026226	0.006916921	0.007724891	0.008446113	0.009081853	0.009636695
0.000530656	0.001196328	0.002058265	0.003034987	0.004055212	0.005064698	0.006026226	0.006916921	0.007724891	0.008446113	0.009081853	0.009636695
0.000530656	0.001196328	0.002058265	0.003034987	0.004055212	0.005064698	0.006026226	0.006916921	0.007724891	0.008446113	0.009081853	0.009636695
0.000530656	0.001196328	0.002058265	0.003034987	0.004055212	0.005064698	0.006026226	0.006916921	0.007724891	0.008446113	0.009081853	0.009636695
0.000530656	0.001196328	0.002058265	0.003034987	0.004055212	0.005064698	0.006026226	0.006916921	0.007724891	0.008446113	0.009081853	0.009636695
0.000530656	0.001196328	0.002058265	0.003034987	0.004055212	0.005064698	0.006026226	0.006916921	0.007724891	0.008446113	0.009081853	0.009636695
0.000530656	0.001196328	0.002058265	0.003034987	0.004055212	0.005064698	0.006026226	0.006916921	0.007724891	0.008446113	0.009081853	0.009636695
0.000530656	0.001196328	0.002058265	0.003034987	0.004055212	0.005064698	0.006026226	0.006916921	0.007724891	0.008446113	0.009081853	0.009636695
0.000530656	0.001196328	0.002058265	0.003034987	0.004055212	0.005064698	0.006026226	0.006916921	0.007724891	0.008446113	0.009081853	0.009636695
0.000530656	0.001196328	0.002058265	0.003034987	0.004055212	0.005064698	0.006026226	0.006916921	0.007724891	0.008446113	0.009081853	0.009636695
0.000530656	0.001196328	0.002058265	0.003034987	0.004055212	0.005064698	0.006026226	0.006916921	0.007724891	0.008446113	0.009081853	0.009636695
0.000530656	0.001196328	0.002058265	0.003034987	0.004055212	0.005064698	0.006026226	0.006916921	0.007724891	0.008446113	0.009081853	0.009636695
0.000530656	0.001196328	0.002058265	0.003034987	0.004055212	0.005064698	0.006026226	0.006916921	0.007724891	0.008446113	0.009081853	0.009636695
0.000530656	0.001196328	0.002058265	0.003034987	0.004055212	0.005064698	0.006026226	0.006916921	0.007724891	0.008446113	0.009081853	0.009636695
0.000530656	0.001196328	0.002058265	0.003034987	0.004055212	0.005064698	0.006026226	0.006916921	0.007724891	0.008446113	0.009081853	0.009636695
0.000530656	0.001196328	0.002058265	0.003034987	0.004055212	0.005064698	0.006026226	0.006916921	0.007724891	0.008446113	0.009081853	0.009636695
0.000530656	0.001196328	0.002058265	0.003034987	0.004055212	0.005064698	0.006026226	0.006916921	0.007724891	0.008446113	0.009081853	0.009636695
0.000530656	0.001196328	0.002058265	0.003034987	0.004055212	0.005064698	0.006026226	0.006916921	0.007724891	0.008446113	0.009081853	0.009636695
#nind
1
#ind_names									
SURVEY1									
#nobs_ind
30
#yrs_ind											
1	2	3	4	5	6	7	8	9	10	11	12	13	14	15	16	17	18	19	20	21	22	23	24	25	26	27	28	29	30	
#month_ind										
1															
#biom_ind											
1.29140655897183	1.36050163582845	1.54796317099911	1.63308899604133	1.50073958597305	1.42406585106535	1.48846179362375	1.16998191081257	1.215251785771	1.18895827025564	0.982245272099527	0.92670809628791	1.17414950630324	1.23082116326967	1.19055199062949	1.04887965594046	0.911579585168113	0.755011903868141	1.02902112190686	0.742638408787221	0.732747756356618	0.719233698916752	0.810749100750711	0.693358750891177	0.534512002243388	0.691544151307829	0.510118845204497	0.668107797122709	0.658461524914773	0.740993870631241
#biom_cv																
0.258281311794365	0.27210032716569	0.309592634199823	0.326617799208265	0.300147917194611	0.284813170213071	0.29769235872475	0.233996382162513	0.2430503571542	0.237791654051129	0.196449054419906	0.185341619257582	0.234829901260648	0.246164232653935	0.238110398125897	0.209775931188091	0.182315917033623	0.151002380773628	0.205804224381371	0.148527681757444	0.146549551271324	0.14384673978335	0.162149820150142	0.138671750178235	0.106902400448678	0.138308830261566	0.102023769040899	0.133621559424542	0.131692304982955	0.148198774126248
#n_ages_ind															
30			
#n_lengths_ind															
0															
#yrs_ages_ind															
1	2	3	4	5	6	7	8	9	10	11	12	13	14	15	16	17	18	19	20	21	22	23	24	25	26	27	28	29	30	
#sample_ages_ind					
200	200	200	200	200	200	200	200	200	200	200	200	200	200	200	200	200	200	200	200	200	200	200	200	200	200	200	200	200	200
#page_ind						
0.08	0.14	0.13	0.14	0.085	0.095	0.06	0.05	0.02	0.04	0.055	0.105
0.095	0.13	0.115	0.155	0.08	0.09	0.055	0.055	0.05	0.03	0.055	0.09
0.08	0.16	0.13	0.14	0.11	0.085	0.04	0.055	0.055	0.01	0.02	0.115
0.06	0.195	0.17	0.105	0.075	0.1	0.05	0.045	0.045	0.05	0.02	0.085
0.075	0.11	0.165	0.135	0.095	0.075	0.06	0.065	0.045	0.04	0.03	0.105
0.075	0.25	0.085	0.14	0.05	0.07	0.085	0.05	0.02	0.035	0.035	0.105
0.045	0.14	0.235	0.075	0.165	0.075	0.06	0.055	0.025	0.025	0.04	0.06
0.065	0.125	0.14	0.19	0.12	0.08	0.055	0.05	0.045	0.015	0.005	0.11
0.07	0.205	0.135	0.105	0.145	0.065	0.05	0.04	0.025	0.025	0.04	0.095
0.065	0.135	0.205	0.15	0.07	0.125	0.06	0.055	0.025	0.015	0.025	0.07
0.085	0.15	0.19	0.175	0.075	0.065	0.065	0.04	0.05	0.02	0.005	0.08
0.12	0.14	0.15	0.175	0.14	0.06	0.02	0.03	0.03	0.025	0.03	0.08
0.185	0.2	0.175	0.1	0.085	0.06	0.08	0.02	0.02	0.01	0.005	0.06
0.055	0.265	0.235	0.1	0.085	0.06	0.055	0.04	0.03	0.025	0.01	0.04
0.105	0.145	0.335	0.115	0.095	0.065	0.045	0.02	0.02	0.01	0.02	0.025
0.09	0.185	0.15	0.22	0.1	0.075	0.02	0.035	0.005	0.01	0.025	0.085
0.145	0.145	0.235	0.095	0.125	0.06	0.03	0.035	0.045	0.02	0.025	0.04
0.11	0.195	0.16	0.145	0.105	0.085	0.08	0.03	0.025	0.025	0.015	0.025
0.09	0.245	0.16	0.15	0.11	0.035	0.1	0.03	0.025	0.01	0.02	0.025
0.045	0.255	0.2	0.145	0.115	0.025	0.04	0.065	0.04	0.015	0.02	0.035
0.125	0.205	0.22	0.16	0.095	0.07	0.04	0.025	0.015	0.01	0.01	0.025
0.06	0.25	0.19	0.165	0.125	0.06	0.035	0.03	0.03	0.015	0.01	0.03
0.145	0.14	0.275	0.135	0.08	0.045	0.045	0.04	0.015	0.005	0.02	0.055
0.125	0.315	0.195	0.14	0.055	0.045	0.05	0.02	0.025	0.005	0.005	0.02
0.095	0.23	0.3	0.08	0.115	0.03	0.035	0.05	0.005	0.03	0.005	0.025
0.09	0.27	0.2	0.235	0.07	0.06	0.025	0.025	0.01	0.01	0.005	0
0.16	0.21	0.25	0.125	0.105	0.065	0.02	0.025	0.01	0.005	0.005	0.02
0.16	0.325	0.16	0.13	0.07	0.05	0.05	0.02	0.02	0.01	0.005	0
0.13	0.275	0.25	0.095	0.11	0.075	0.04	0	0.02	0.005	0	0
0.09	0.255	0.22	0.19	0.065	0.06	0.055	0.02	0.005	0.035	0	0.005
#wt_age_ind						
1 1 1 1 1 1 1 1 1 1 1 1 
1 1 1 1 1 1 1 1 1 1 1 1 
1 1 1 1 1 1 1 1 1 1 1 1 
1 1 1 1 1 1 1 1 1 1 1 1 
1 1 1 1 1 1 1 1 1 1 1 1 
1 1 1 1 1 1 1 1 1 1 1 1 
1 1 1 1 1 1 1 1 1 1 1 1 
1 1 1 1 1 1 1 1 1 1 1 1 
1 1 1 1 1 1 1 1 1 1 1 1 
1 1 1 1 1 1 1 1 1 1 1 1 
1 1 1 1 1 1 1 1 1 1 1 1 
1 1 1 1 1 1 1 1 1 1 1 1 
1 1 1 1 1 1 1 1 1 1 1 1 
1 1 1 1 1 1 1 1 1 1 1 1 
1 1 1 1 1 1 1 1 1 1 1 1 
1 1 1 1 1 1 1 1 1 1 1 1 
1 1 1 1 1 1 1 1 1 1 1 1 
1 1 1 1 1 1 1 1 1 1 1 1 
1 1 1 1 1 1 1 1 1 1 1 1 
1 1 1 1 1 1 1 1 1 1 1 1 
1 1 1 1 1 1 1 1 1 1 1 1 
1 1 1 1 1 1 1 1 1 1 1 1 
1 1 1 1 1 1 1 1 1 1 1 1 
1 1 1 1 1 1 1 1 1 1 1 1 
1 1 1 1 1 1 1 1 1 1 1 1 
1 1 1 1 1 1 1 1 1 1 1 1 
1 1 1 1 1 1 1 1 1 1 1 1 
1 1 1 1 1 1 1 1 1 1 1 1 
1 1 1 1 1 1 1 1 1 1 1 1 
1 1 1 1 1 1 1 1 1 1 1 1 
# wt_pop
0.000530656	0.001196328	0.002058265	0.003034987	0.004055212	0.005064698	0.006026226	0.006916921	0.007724891	0.008446113	0.009081853	0.009636695
#maturity
0.02297737 0.32082130 0.90465054 0.99477987 0.99973881 0.99998699 0.99999935 0.99999997 1 1 1 1
#spmonth						
1		
#age_err						
1	0	0	0	0	0	0	0	0	0	0	0
0	1	0	0	0	0	0	0	0	0	0	0
0	0	1	0	0	0	0	0	0	0	0	0
0	0	0	1	0	0	0	0	0	0	0	0
0	0	0	0	1	0	0	0	0	0	0	0
0	0	0	0	0	1	0	0	0	0	0	0
0	0	0	0	0	0	1	0	0	0	0	0
0	0	0	0	0	0	0	1	0	0	0	0
0	0	0	0	0	0	0	0	1	0	0	0
0	0	0	0	0	0	0	0	0	1	0	0
0	0	0	0	0	0	0	0	0	0	1	0
0	0	0	0	0	0	0	0	0	0	0	1																														
