#styr												
1
#endyr												
30
#rec_age										
1															
#n_ages										
12
# numbers of length intervals
81
#Length	bin
10	11	12	13	14	15	16	17	18	19	20	21	22	23	24	25	26	27	28	29	30	31	32	33	34	35	36	37	38	39	40	41	42	43	44	45	46	47	48	49	50	51	52	53	54	55	56	57	58	59	60	61	62	63	64	65	66	67	68	69	70	71	72	73	74	75	76	77	78	79	80	81	82	83	84	85	86	87	88	89	90
#nfsh
1
#names_fsh
FLEET1												
#catch												
160.415335789653	462.241555678734	730.849567606822	948.729112800525	716.804209573536	1230.00716912615	1175.01088887315	2208.63708417237	1171.0130322178	1315.93646910997	1368.46839842641	1356.29825101502	919.155793582834	1283.27813567813	1286.6022188166	1130.61997680436	2044.96007548555	1521.00504906517	1414.87656373293	1324.3842228907	1688.05609705211	1146.71351029692	1725.50299253758	1247.85166232906	1165.67352490576	1029.94674693077	1018.35114502744	1347.33094356168	976.052606462954	1412.13404021261
#catch_cv											
0.01	0.01	0.01	0.01	0.01	0.01	0.01	0.01	0.01	0.01	0.01	0.01	0.01	0.01	0.01	0.01	0.01	0.01	0.01	0.01	0.01	0.01	0.01	0.01	0.01	0.01	0.01	0.01	0.01	0.01
#n_ages_fsh								
30		
#n_lengths_fsh								
0															
#yrs_ages_fsh								
1	2	3	4	5	6	7	8	9	10	11	12	13	14	15	16	17	18	19	20	21	22	23	24	25	26	27	28	29	30	
#sample_ages_fsh							
200	200	200	200	200	200	200	200	200	200	200	200	200	200	200	200	200	200	200	200	200	200	200	200	200	200	200	200	200	200
#page_fsh	2	3	4	5	6	7	8	9	10	11						
0.04	0.125	0.155	0.1	0.095	0.06	0.11	0.09	0.01	0.04	0.02	0.155
0.035	0.11	0.12	0.11	0.08	0.125	0.085	0.055	0.055	0.035	0.045	0.145
0.075	0.065	0.105	0.14	0.085	0.085	0.085	0.105	0.03	0.025	0.06	0.14
0.06	0.085	0.105	0.1	0.145	0.12	0.085	0.06	0.05	0.025	0.05	0.115
0.06	0.12	0.105	0.095	0.105	0.09	0.08	0.085	0.045	0.035	0.03	0.15
0.075	0.085	0.18	0.12	0.055	0.075	0.105	0.035	0.08	0.035	0.02	0.135
0.065	0.065	0.115	0.165	0.07	0.07	0.115	0.1	0.075	0.03	0.035	0.095
0.07	0.11	0.145	0.12	0.105	0.095	0.07	0.055	0.045	0.04	0.045	0.1
0.09	0.1	0.125	0.115	0.11	0.12	0.045	0.03	0.05	0.05	0.025	0.14
0.08	0.17	0.125	0.125	0.1	0.095	0.09	0.075	0.02	0.02	0.035	0.065
0.055	0.16	0.17	0.115	0.115	0.1	0.07	0.06	0.005	0.01	0.015	0.125
0.135	0.08	0.13	0.155	0.105	0.095	0.07	0.04	0.04	0.045	0.03	0.075
0.06	0.15	0.13	0.145	0.13	0.08	0.055	0.075	0.035	0.025	0.015	0.1
0.125	0.15	0.175	0.145	0.105	0.08	0.04	0.035	0.025	0.03	0.015	0.075
0.14	0.145	0.17	0.16	0.105	0.075	0.045	0.03	0.025	0.025	0.005	0.075
0.125	0.185	0.225	0.09	0.12	0.065	0.04	0.03	0.03	0.015	0.005	0.07
0.105	0.17	0.19	0.17	0.13	0.06	0.04	0.025	0.03	0.04	0.005	0.035
0.085	0.2	0.15	0.17	0.15	0.08	0.05	0.025	0.035	0.005	0.02	0.03
0.12	0.165	0.195	0.16	0.1	0.085	0.045	0.04	0.02	0.015	0.015	0.04
0.155	0.155	0.205	0.145	0.115	0.075	0.06	0.025	0.02	0.015	0.005	0.025
0.165	0.185	0.2	0.09	0.155	0.04	0.035	0.04	0.025	0.02	0.02	0.025
0.12	0.175	0.215	0.105	0.11	0.075	0.075	0.025	0.025	0.01	0.025	0.04
0.125	0.16	0.225	0.165	0.095	0.065	0.035	0.02	0.025	0.025	0.04	0.02
0.23	0.13	0.105	0.165	0.175	0.07	0.045	0.02	0.025	0.02	0.01	0.005
0.19	0.21	0.195	0.11	0.105	0.085	0.045	0.015	0.01	0	0.005	0.03
0.105	0.195	0.28	0.13	0.095	0.09	0.04	0.005	0.005	0.02	0.005	0.03
0.18	0.19	0.245	0.145	0.09	0.07	0.035	0.03	0.015	0	0	0
0.16	0.205	0.185	0.195	0.115	0.055	0.025	0.03	0	0.01	0	0.02
0.195	0.2	0.215	0.155	0.1	0.055	0.01	0.03	0	0.015	0.01	0.015
0.205	0.145	0.205	0.175	0.125	0.07	0.03	0.015	0.01	0	0.01	0.01
#wt_age_fsh	1 2	3	4	5	6	7	8	9	10	11						
0.000530656	0.001196328	0.002058265	0.003034987	0.004055212	0.005064698	0.006026226	0.006916921	0.007724891	0.008446113	0.009081853	0.009636695
0.000530656	0.001196328	0.002058265	0.003034987	0.004055212	0.005064698	0.006026226	0.006916921	0.007724891	0.008446113	0.009081853	0.009636695
0.000530656	0.001196328	0.002058265	0.003034987	0.004055212	0.005064698	0.006026226	0.006916921	0.007724891	0.008446113	0.009081853	0.009636695
0.000530656	0.001196328	0.002058265	0.003034987	0.004055212	0.005064698	0.006026226	0.006916921	0.007724891	0.008446113	0.009081853	0.009636695
0.000530656	0.001196328	0.002058265	0.003034987	0.004055212	0.005064698	0.006026226	0.006916921	0.007724891	0.008446113	0.009081853	0.009636695
0.000530656	0.001196328	0.002058265	0.003034987	0.004055212	0.005064698	0.006026226	0.006916921	0.007724891	0.008446113	0.009081853	0.009636695
0.000530656	0.001196328	0.002058265	0.003034987	0.004055212	0.005064698	0.006026226	0.006916921	0.007724891	0.008446113	0.009081853	0.009636695
0.000530656	0.001196328	0.002058265	0.003034987	0.004055212	0.005064698	0.006026226	0.006916921	0.007724891	0.008446113	0.009081853	0.009636695
0.000530656	0.001196328	0.002058265	0.003034987	0.004055212	0.005064698	0.006026226	0.006916921	0.007724891	0.008446113	0.009081853	0.009636695
0.000530656	0.001196328	0.002058265	0.003034987	0.004055212	0.005064698	0.006026226	0.006916921	0.007724891	0.008446113	0.009081853	0.009636695
0.000530656	0.001196328	0.002058265	0.003034987	0.004055212	0.005064698	0.006026226	0.006916921	0.007724891	0.008446113	0.009081853	0.009636695
0.000530656	0.001196328	0.002058265	0.003034987	0.004055212	0.005064698	0.006026226	0.006916921	0.007724891	0.008446113	0.009081853	0.009636695
0.000530656	0.001196328	0.002058265	0.003034987	0.004055212	0.005064698	0.006026226	0.006916921	0.007724891	0.008446113	0.009081853	0.009636695
0.000530656	0.001196328	0.002058265	0.003034987	0.004055212	0.005064698	0.006026226	0.006916921	0.007724891	0.008446113	0.009081853	0.009636695
0.000530656	0.001196328	0.002058265	0.003034987	0.004055212	0.005064698	0.006026226	0.006916921	0.007724891	0.008446113	0.009081853	0.009636695
0.000530656	0.001196328	0.002058265	0.003034987	0.004055212	0.005064698	0.006026226	0.006916921	0.007724891	0.008446113	0.009081853	0.009636695
0.000530656	0.001196328	0.002058265	0.003034987	0.004055212	0.005064698	0.006026226	0.006916921	0.007724891	0.008446113	0.009081853	0.009636695
0.000530656	0.001196328	0.002058265	0.003034987	0.004055212	0.005064698	0.006026226	0.006916921	0.007724891	0.008446113	0.009081853	0.009636695
0.000530656	0.001196328	0.002058265	0.003034987	0.004055212	0.005064698	0.006026226	0.006916921	0.007724891	0.008446113	0.009081853	0.009636695
0.000530656	0.001196328	0.002058265	0.003034987	0.004055212	0.005064698	0.006026226	0.006916921	0.007724891	0.008446113	0.009081853	0.009636695
0.000530656	0.001196328	0.002058265	0.003034987	0.004055212	0.005064698	0.006026226	0.006916921	0.007724891	0.008446113	0.009081853	0.009636695
0.000530656	0.001196328	0.002058265	0.003034987	0.004055212	0.005064698	0.006026226	0.006916921	0.007724891	0.008446113	0.009081853	0.009636695
0.000530656	0.001196328	0.002058265	0.003034987	0.004055212	0.005064698	0.006026226	0.006916921	0.007724891	0.008446113	0.009081853	0.009636695
0.000530656	0.001196328	0.002058265	0.003034987	0.004055212	0.005064698	0.006026226	0.006916921	0.007724891	0.008446113	0.009081853	0.009636695
0.000530656	0.001196328	0.002058265	0.003034987	0.004055212	0.005064698	0.006026226	0.006916921	0.007724891	0.008446113	0.009081853	0.009636695
0.000530656	0.001196328	0.002058265	0.003034987	0.004055212	0.005064698	0.006026226	0.006916921	0.007724891	0.008446113	0.009081853	0.009636695
0.000530656	0.001196328	0.002058265	0.003034987	0.004055212	0.005064698	0.006026226	0.006916921	0.007724891	0.008446113	0.009081853	0.009636695
0.000530656	0.001196328	0.002058265	0.003034987	0.004055212	0.005064698	0.006026226	0.006916921	0.007724891	0.008446113	0.009081853	0.009636695
0.000530656	0.001196328	0.002058265	0.003034987	0.004055212	0.005064698	0.006026226	0.006916921	0.007724891	0.008446113	0.009081853	0.009636695
0.000530656	0.001196328	0.002058265	0.003034987	0.004055212	0.005064698	0.006026226	0.006916921	0.007724891	0.008446113	0.009081853	0.009636695
#nind
1
#ind_names									
SURVEY1									
#nobs_ind
30
#yrs_ind											
1	2	3	4	5	6	7	8	9	10	11	12	13	14	15	16	17	18	19	20	21	22	23	24	25	26	27	28	29	30	
#month_ind										
1															
#biom_ind											
1.38685472603278	1.6490691943577	1.85802018281828	1.67182735852237	1.40329874727349	1.45881773269784	1.35312952583801	1.36385787628121	1.21917443647629	1.03917601827273	1.00491121157429	0.932875421023073	0.964768964552922	1.31052563389743	0.891976491582522	1.02434019382481	0.941691134186079	0.837700382267802	0.976907482264375	0.706658378427368	0.900803344886399	0.732519786125146	0.906289767428457	0.620341008547903	0.623017389798668	0.609457287425929	0.634531342078746	0.654967111270587	0.664013891580436	0.551112305468228
#biom_cv																
0.277370945206555	0.329813838871539	0.371604036563657	0.334365471704474	0.280659749454697	0.291763546539569	0.270625905167601	0.272771575256241	0.243834887295258	0.207835203654546	0.200982242314858	0.186575084204615	0.192953792910584	0.262105126779486	0.178395298316504	0.204868038764962	0.188338226837216	0.16754007645356	0.195381496452875	0.141331675685474	0.18016066897728	0.146503957225029	0.181257953485692	0.124068201709581	0.124603477959734	0.121891457485186	0.126906268415749	0.130993422254117	0.132802778316087	0.110222461093646
#n_ages_ind															
30			
#n_lengths_ind															
0															
#yrs_ages_ind															
1	2	3	4	5	6	7	8	9	10	11	12	13	14	15	16	17	18	19	20	21	22	23	24	25	26	27	28	29	30	
#sample_ages_ind					
200	200	200	200	200	200	200	200	200	200	200	200	200	200	200	200	200	200	200	200	200	200	200	200	200	200	200	200	200	200
#page_ind						
0.07	0.125	0.14	0.17	0.08	0.085	0.05	0.055	0.035	0.035	0.02	0.135
0.06	0.145	0.185	0.125	0.06	0.055	0.065	0.04	0.035	0.055	0.04	0.135
0.06	0.085	0.2	0.16	0.12	0.09	0.055	0.025	0.04	0.03	0.045	0.09
0.08	0.16	0.13	0.115	0.11	0.09	0.075	0.05	0.055	0.035	0.01	0.09
0.065	0.16	0.135	0.075	0.13	0.075	0.07	0.065	0.045	0.035	0.03	0.115
0.035	0.095	0.225	0.16	0.095	0.08	0.06	0.05	0.045	0.025	0.035	0.095
0.08	0.105	0.155	0.1	0.095	0.09	0.08	0.045	0.03	0.045	0.02	0.155
0.02	0.15	0.125	0.15	0.14	0.075	0.035	0.065	0.05	0.035	0.045	0.11
0.095	0.15	0.185	0.115	0.105	0.09	0.045	0.03	0.035	0.04	0.005	0.105
0.07	0.16	0.16	0.105	0.08	0.07	0.075	0.075	0.03	0.025	0.025	0.125
0.05	0.18	0.175	0.145	0.125	0.075	0.03	0.08	0.025	0.01	0.03	0.075
0.1	0.115	0.095	0.15	0.125	0.06	0.06	0.09	0.07	0.015	0.03	0.09
0.07	0.225	0.13	0.13	0.13	0.075	0.045	0.04	0.025	0.01	0.01	0.11
0.06	0.205	0.19	0.125	0.1	0.085	0.055	0.035	0.015	0.03	0.025	0.075
0.14	0.19	0.195	0.115	0.07	0.05	0.065	0.015	0.04	0.035	0.02	0.065
0.065	0.24	0.115	0.17	0.155	0.06	0.05	0.05	0.025	0.02	0.01	0.04
0.115	0.185	0.2	0.16	0.09	0.075	0.04	0.03	0.02	0.015	0.02	0.05
0.08	0.24	0.17	0.165	0.06	0.065	0.075	0.02	0.025	0.02	0.01	0.07
0.125	0.17	0.235	0.145	0.08	0.085	0.04	0.06	0.005	0.015	0.005	0.035
0.145	0.21	0.2	0.17	0.135	0.045	0.015	0.015	0.03	0.01	0.005	0.02
0.115	0.245	0.15	0.125	0.155	0.05	0.045	0.025	0.025	0.01	0.005	0.05
0.1	0.255	0.315	0.1	0.085	0.055	0.04	0.005	0.01	0	0.005	0.03
0.125	0.22	0.225	0.14	0.1	0.06	0.04	0.045	0.015	0.005	0.005	0.02
0.135	0.22	0.235	0.17	0.09	0.055	0.025	0.025	0.02	0.01	0.01	0.005
0.135	0.325	0.165	0.145	0.09	0.07	0.02	0.025	0.005	0	0.005	0.015
0.06	0.255	0.315	0.11	0.125	0.03	0.05	0.015	0.015	0.01	0	0.015
0.135	0.225	0.235	0.19	0.08	0.045	0.03	0.02	0.015	0.01	0	0.015
0.145	0.265	0.185	0.185	0.09	0.025	0.03	0.015	0.005	0.015	0	0.04
0.14	0.18	0.245	0.165	0.115	0.075	0.03	0.02	0.015	0.005	0	0.01
0.14	0.22	0.245	0.155	0.085	0.035	0.04	0.01	0.02	0.025	0.01	0.015
#wt_age_ind						
1 1 1 1 1 1 1 1 1 1 1 1 
1 1 1 1 1 1 1 1 1 1 1 1 
1 1 1 1 1 1 1 1 1 1 1 1 
1 1 1 1 1 1 1 1 1 1 1 1 
1 1 1 1 1 1 1 1 1 1 1 1 
1 1 1 1 1 1 1 1 1 1 1 1 
1 1 1 1 1 1 1 1 1 1 1 1 
1 1 1 1 1 1 1 1 1 1 1 1 
1 1 1 1 1 1 1 1 1 1 1 1 
1 1 1 1 1 1 1 1 1 1 1 1 
1 1 1 1 1 1 1 1 1 1 1 1 
1 1 1 1 1 1 1 1 1 1 1 1 
1 1 1 1 1 1 1 1 1 1 1 1 
1 1 1 1 1 1 1 1 1 1 1 1 
1 1 1 1 1 1 1 1 1 1 1 1 
1 1 1 1 1 1 1 1 1 1 1 1 
1 1 1 1 1 1 1 1 1 1 1 1 
1 1 1 1 1 1 1 1 1 1 1 1 
1 1 1 1 1 1 1 1 1 1 1 1 
1 1 1 1 1 1 1 1 1 1 1 1 
1 1 1 1 1 1 1 1 1 1 1 1 
1 1 1 1 1 1 1 1 1 1 1 1 
1 1 1 1 1 1 1 1 1 1 1 1 
1 1 1 1 1 1 1 1 1 1 1 1 
1 1 1 1 1 1 1 1 1 1 1 1 
1 1 1 1 1 1 1 1 1 1 1 1 
1 1 1 1 1 1 1 1 1 1 1 1 
1 1 1 1 1 1 1 1 1 1 1 1 
1 1 1 1 1 1 1 1 1 1 1 1 
1 1 1 1 1 1 1 1 1 1 1 1 
# wt_pop
0.000530656	0.001196328	0.002058265	0.003034987	0.004055212	0.005064698	0.006026226	0.006916921	0.007724891	0.008446113	0.009081853	0.009636695
#maturity
0.02297737 0.32082130 0.90465054 0.99477987 0.99973881 0.99998699 0.99999935 0.99999997 1 1 1 1
#spmonth						
1		
#age_err						
1	0	0	0	0	0	0	0	0	0	0	0
0	1	0	0	0	0	0	0	0	0	0	0
0	0	1	0	0	0	0	0	0	0	0	0
0	0	0	1	0	0	0	0	0	0	0	0
0	0	0	0	1	0	0	0	0	0	0	0
0	0	0	0	0	1	0	0	0	0	0	0
0	0	0	0	0	0	1	0	0	0	0	0
0	0	0	0	0	0	0	1	0	0	0	0
0	0	0	0	0	0	0	0	1	0	0	0
0	0	0	0	0	0	0	0	0	1	0	0
0	0	0	0	0	0	0	0	0	0	1	0
0	0	0	0	0	0	0	0	0	0	0	1																														
