#styr												
1
#endyr												
30
#rec_age										
1															
#n_ages										
12
# numbers of length intervals
81
#Length	bin
10	11	12	13	14	15	16	17	18	19	20	21	22	23	24	25	26	27	28	29	30	31	32	33	34	35	36	37	38	39	40	41	42	43	44	45	46	47	48	49	50	51	52	53	54	55	56	57	58	59	60	61	62	63	64	65	66	67	68	69	70	71	72	73	74	75	76	77	78	79	80	81	82	83	84	85	86	87	88	89	90
#nfsh
1
#names_fsh
FLEET1												
#catch												
162.495049342884	458.395614259609	744.19024420195	972.909454134521	740.658235227029	1281.56223494776	1217.66645634069	2345.68075174051	1243.76203175475	1457.23238887771	1574.16020745369	1589.39382295877	1103.95725806258	1546.96768784219	1571.64412871679	1358.74853502414	2452.29499086791	1790.0006415263	1657.8239616255	1518.30768106166	1902.06836935392	1273.14735489833	1922.94877761219	1417.3461323901	1301.4823573408	1122.35752904254	1076.42885500842	1394.323506945	978.212284836044	1353.5134386842
#catch_cv											
0.01	0.01	0.01	0.01	0.01	0.01	0.01	0.01	0.01	0.01	0.01	0.01	0.01	0.01	0.01	0.01	0.01	0.01	0.01	0.01	0.01	0.01	0.01	0.01	0.01	0.01	0.01	0.01	0.01	0.01
#n_ages_fsh								
30		
#n_lengths_fsh								
0															
#yrs_ages_fsh								
1	2	3	4	5	6	7	8	9	10	11	12	13	14	15	16	17	18	19	20	21	22	23	24	25	26	27	28	29	30	
#sample_ages_fsh							
200	200	200	200	200	200	200	200	200	200	200	200	200	200	200	200	200	200	200	200	200	200	200	200	200	200	200	200	200	200
#page_fsh	2	3	4	5	6	7	8	9	10	11						
0.08	0.1	0.145	0.11	0.135	0.105	0.07	0.03	0.03	0.025	0.03	0.14
0.06	0.085	0.15	0.15	0.115	0.09	0.075	0.06	0.045	0.035	0.02	0.115
0.1	0.125	0.125	0.095	0.12	0.085	0.075	0.065	0.04	0.035	0.03	0.105
0.08	0.14	0.12	0.125	0.12	0.09	0.04	0.03	0.045	0.025	0.03	0.155
0.04	0.09	0.16	0.105	0.105	0.095	0.09	0.075	0.055	0.025	0.035	0.125
0.115	0.115	0.115	0.125	0.13	0.09	0.065	0.035	0.03	0.03	0.025	0.125
0.095	0.14	0.115	0.125	0.08	0.075	0.07	0.065	0.035	0.035	0.025	0.14
0.13	0.09	0.12	0.11	0.115	0.115	0.085	0.03	0.04	0.035	0.025	0.105
0.09	0.18	0.165	0.115	0.075	0.06	0.08	0.045	0.02	0.025	0.03	0.115
0.065	0.14	0.17	0.14	0.125	0.05	0.05	0.08	0.055	0.02	0.025	0.08
0.045	0.125	0.16	0.21	0.15	0.055	0.065	0.04	0.05	0.02	0.015	0.065
0.105	0.13	0.175	0.11	0.135	0.075	0.055	0.02	0.035	0.035	0.045	0.08
0.15	0.1	0.165	0.16	0.095	0.13	0.03	0.02	0.03	0.025	0.015	0.08
0.1	0.17	0.145	0.16	0.09	0.11	0.085	0.03	0.05	0.035	0	0.025
0.09	0.17	0.205	0.13	0.095	0.08	0.08	0.065	0.015	0.005	0.01	0.055
0.12	0.19	0.175	0.135	0.095	0.085	0.075	0.03	0.035	0.015	0.02	0.025
0.145	0.13	0.205	0.155	0.1	0.075	0.055	0.04	0.03	0.015	0.015	0.035
0.11	0.205	0.14	0.155	0.175	0.09	0.03	0.005	0.02	0.01	0.025	0.035
0.115	0.175	0.21	0.14	0.115	0.07	0.055	0.04	0.025	0.025	0.01	0.02
0.155	0.17	0.12	0.175	0.12	0.07	0.07	0.03	0.015	0.015	0.015	0.045
0.19	0.115	0.15	0.135	0.17	0.035	0.055	0.04	0.04	0.015	0.02	0.035
0.12	0.26	0.14	0.15	0.085	0.095	0.06	0.03	0.03	0.015	0.005	0.01
0.085	0.22	0.27	0.145	0.095	0.04	0.055	0.01	0.03	0.01	0.01	0.03
0.125	0.165	0.24	0.19	0.095	0.065	0.02	0.04	0.02	0.025	0	0.015
0.105	0.25	0.18	0.2	0.1	0.04	0.02	0.015	0.03	0.015	0.01	0.035
0.135	0.17	0.195	0.17	0.13	0.085	0.04	0.015	0.01	0.02	0.005	0.025
0.115	0.24	0.15	0.195	0.07	0.105	0.04	0.04	0.01	0.015	0.01	0.01
0.185	0.245	0.19	0.115	0.11	0.05	0.05	0.03	0.01	0.005	0.005	0.005
0.19	0.155	0.15	0.2	0.1	0.09	0.04	0.03	0.02	0.005	0.01	0.01
0.15	0.275	0.19	0.13	0.135	0.03	0.03	0.015	0.01	0.02	0	0.015
#wt_age_fsh	1 2	3	4	5	6	7	8	9	10	11						
0.000530656	0.001196328	0.002058265	0.003034987	0.004055212	0.005064698	0.006026226	0.006916921	0.007724891	0.008446113	0.009081853	0.009636695
0.000530656	0.001196328	0.002058265	0.003034987	0.004055212	0.005064698	0.006026226	0.006916921	0.007724891	0.008446113	0.009081853	0.009636695
0.000530656	0.001196328	0.002058265	0.003034987	0.004055212	0.005064698	0.006026226	0.006916921	0.007724891	0.008446113	0.009081853	0.009636695
0.000530656	0.001196328	0.002058265	0.003034987	0.004055212	0.005064698	0.006026226	0.006916921	0.007724891	0.008446113	0.009081853	0.009636695
0.000530656	0.001196328	0.002058265	0.003034987	0.004055212	0.005064698	0.006026226	0.006916921	0.007724891	0.008446113	0.009081853	0.009636695
0.000530656	0.001196328	0.002058265	0.003034987	0.004055212	0.005064698	0.006026226	0.006916921	0.007724891	0.008446113	0.009081853	0.009636695
0.000530656	0.001196328	0.002058265	0.003034987	0.004055212	0.005064698	0.006026226	0.006916921	0.007724891	0.008446113	0.009081853	0.009636695
0.000530656	0.001196328	0.002058265	0.003034987	0.004055212	0.005064698	0.006026226	0.006916921	0.007724891	0.008446113	0.009081853	0.009636695
0.000530656	0.001196328	0.002058265	0.003034987	0.004055212	0.005064698	0.006026226	0.006916921	0.007724891	0.008446113	0.009081853	0.009636695
0.000530656	0.001196328	0.002058265	0.003034987	0.004055212	0.005064698	0.006026226	0.006916921	0.007724891	0.008446113	0.009081853	0.009636695
0.000530656	0.001196328	0.002058265	0.003034987	0.004055212	0.005064698	0.006026226	0.006916921	0.007724891	0.008446113	0.009081853	0.009636695
0.000530656	0.001196328	0.002058265	0.003034987	0.004055212	0.005064698	0.006026226	0.006916921	0.007724891	0.008446113	0.009081853	0.009636695
0.000530656	0.001196328	0.002058265	0.003034987	0.004055212	0.005064698	0.006026226	0.006916921	0.007724891	0.008446113	0.009081853	0.009636695
0.000530656	0.001196328	0.002058265	0.003034987	0.004055212	0.005064698	0.006026226	0.006916921	0.007724891	0.008446113	0.009081853	0.009636695
0.000530656	0.001196328	0.002058265	0.003034987	0.004055212	0.005064698	0.006026226	0.006916921	0.007724891	0.008446113	0.009081853	0.009636695
0.000530656	0.001196328	0.002058265	0.003034987	0.004055212	0.005064698	0.006026226	0.006916921	0.007724891	0.008446113	0.009081853	0.009636695
0.000530656	0.001196328	0.002058265	0.003034987	0.004055212	0.005064698	0.006026226	0.006916921	0.007724891	0.008446113	0.009081853	0.009636695
0.000530656	0.001196328	0.002058265	0.003034987	0.004055212	0.005064698	0.006026226	0.006916921	0.007724891	0.008446113	0.009081853	0.009636695
0.000530656	0.001196328	0.002058265	0.003034987	0.004055212	0.005064698	0.006026226	0.006916921	0.007724891	0.008446113	0.009081853	0.009636695
0.000530656	0.001196328	0.002058265	0.003034987	0.004055212	0.005064698	0.006026226	0.006916921	0.007724891	0.008446113	0.009081853	0.009636695
0.000530656	0.001196328	0.002058265	0.003034987	0.004055212	0.005064698	0.006026226	0.006916921	0.007724891	0.008446113	0.009081853	0.009636695
0.000530656	0.001196328	0.002058265	0.003034987	0.004055212	0.005064698	0.006026226	0.006916921	0.007724891	0.008446113	0.009081853	0.009636695
0.000530656	0.001196328	0.002058265	0.003034987	0.004055212	0.005064698	0.006026226	0.006916921	0.007724891	0.008446113	0.009081853	0.009636695
0.000530656	0.001196328	0.002058265	0.003034987	0.004055212	0.005064698	0.006026226	0.006916921	0.007724891	0.008446113	0.009081853	0.009636695
0.000530656	0.001196328	0.002058265	0.003034987	0.004055212	0.005064698	0.006026226	0.006916921	0.007724891	0.008446113	0.009081853	0.009636695
0.000530656	0.001196328	0.002058265	0.003034987	0.004055212	0.005064698	0.006026226	0.006916921	0.007724891	0.008446113	0.009081853	0.009636695
0.000530656	0.001196328	0.002058265	0.003034987	0.004055212	0.005064698	0.006026226	0.006916921	0.007724891	0.008446113	0.009081853	0.009636695
0.000530656	0.001196328	0.002058265	0.003034987	0.004055212	0.005064698	0.006026226	0.006916921	0.007724891	0.008446113	0.009081853	0.009636695
0.000530656	0.001196328	0.002058265	0.003034987	0.004055212	0.005064698	0.006026226	0.006916921	0.007724891	0.008446113	0.009081853	0.009636695
0.000530656	0.001196328	0.002058265	0.003034987	0.004055212	0.005064698	0.006026226	0.006916921	0.007724891	0.008446113	0.009081853	0.009636695
#nind
1
#ind_names									
SURVEY1									
#nobs_ind
30
#yrs_ind											
1	2	3	4	5	6	7	8	9	10	11	12	13	14	15	16	17	18	19	20	21	22	23	24	25	26	27	28	29	30	
#month_ind										
1															
#biom_ind											
1.67255310945473	1.43348914392408	1.71489084642841	1.43999551800126	1.34168566347855	1.12535155666534	1.27979231299787	1.18147942389011	1.2126918881865	1.1599467758271	1.1900509684171	1.13728728847106	0.897566379461586	1.33763910265533	0.947865847816376	1.18612732499239	0.987491546016147	1.07878723689498	0.781822797342102	0.869828583920588	0.737990979986447	0.70365142847723	0.856780501913516	0.686747117349017	0.749866189535684	0.591708122783765	0.574102229811605	0.607521616131159	0.562571044903244	0.535599475608242
#biom_cv																
0.334510621890946	0.286697828784816	0.342978169285683	0.287999103600253	0.268337132695709	0.225070311333068	0.255958462599573	0.236295884778023	0.2425383776373	0.231989355165421	0.238010193683419	0.227457457694213	0.179513275892317	0.267527820531065	0.189573169563275	0.237225464998478	0.197498309203229	0.215757447378996	0.15636455946842	0.173965716784118	0.147598195997289	0.140730285695446	0.171356100382703	0.137349423469803	0.149973237907137	0.118341624556753	0.114820445962321	0.121504323226232	0.112514208980649	0.107119895121648
#n_ages_ind															
30			
#n_lengths_ind															
0															
#yrs_ages_ind															
1	2	3	4	5	6	7	8	9	10	11	12	13	14	15	16	17	18	19	20	21	22	23	24	25	26	27	28	29	30	
#sample_ages_ind					
200	200	200	200	200	200	200	200	200	200	200	200	200	200	200	200	200	200	200	200	200	200	200	200	200	200	200	200	200	200
#page_ind						
0.07	0.15	0.13	0.13	0.08	0.065	0.08	0.055	0.045	0.045	0.025	0.125
0.05	0.12	0.15	0.13	0.12	0.09	0.075	0.04	0.025	0.045	0.005	0.15
0.09	0.155	0.135	0.13	0.04	0.055	0.04	0.06	0.08	0.03	0.03	0.155
0.07	0.17	0.16	0.145	0.095	0.085	0.04	0.06	0.025	0.015	0.015	0.12
0.05	0.17	0.15	0.12	0.13	0.035	0.085	0.045	0.045	0.02	0.045	0.105
0.07	0.08	0.135	0.155	0.11	0.105	0.085	0.065	0.03	0.035	0.04	0.09
0.095	0.17	0.13	0.12	0.125	0.04	0.08	0.03	0.03	0.035	0.05	0.095
0.115	0.125	0.13	0.115	0.1	0.095	0.09	0.05	0.025	0.035	0.015	0.105
0.085	0.195	0.175	0.13	0.075	0.095	0.04	0.045	0.03	0.02	0.025	0.085
0.085	0.17	0.225	0.13	0.075	0.07	0.04	0.06	0.015	0.03	0.025	0.075
0.075	0.125	0.175	0.235	0.095	0.075	0.065	0.03	0.035	0.01	0.015	0.065
0.06	0.145	0.18	0.135	0.175	0.095	0.03	0.035	0.02	0.035	0.015	0.075
0.11	0.125	0.145	0.135	0.12	0.14	0.06	0.015	0.045	0.025	0.025	0.055
0.07	0.2	0.15	0.165	0.07	0.105	0.095	0.035	0.005	0.02	0	0.085
0.115	0.17	0.215	0.15	0.09	0.065	0.05	0.08	0.02	0.01	0.005	0.03
0.12	0.235	0.145	0.16	0.065	0.065	0.065	0.025	0.03	0.02	0.02	0.05
0.115	0.14	0.235	0.16	0.13	0.03	0.045	0.055	0.04	0.02	0.015	0.015
0.08	0.225	0.22	0.19	0.11	0.06	0.01	0.015	0.025	0.005	0.02	0.04
0.09	0.175	0.255	0.135	0.105	0.06	0.045	0.045	0.025	0.015	0.015	0.035
0.105	0.19	0.16	0.19	0.085	0.095	0.045	0.045	0.015	0.03	0.01	0.03
0.135	0.155	0.185	0.135	0.13	0.065	0.06	0.035	0.035	0.015	0.015	0.035
0.135	0.28	0.2	0.12	0.085	0.05	0.03	0.02	0.04	0.015	0.005	0.02
0.105	0.245	0.26	0.115	0.06	0.065	0.07	0.005	0.02	0.035	0	0.02
0.11	0.19	0.225	0.22	0.075	0.045	0.06	0.02	0.01	0.02	0.01	0.015
0.085	0.23	0.23	0.16	0.15	0.05	0.025	0.03	0.02	0.005	0	0.015
0.15	0.195	0.235	0.15	0.11	0.055	0.04	0.02	0.02	0.01	0.005	0.01
0.09	0.26	0.23	0.13	0.09	0.045	0.065	0.02	0	0.025	0.01	0.035
0.105	0.195	0.32	0.14	0.11	0.07	0.025	0.025	0	0	0	0.01
0.085	0.25	0.165	0.21	0.06	0.105	0.075	0.025	0.015	0.01	0	0
0.155	0.235	0.235	0.09	0.145	0.035	0.05	0.025	0.015	0.005	0	0.01
#wt_age_ind						
1 1 1 1 1 1 1 1 1 1 1 1 
1 1 1 1 1 1 1 1 1 1 1 1 
1 1 1 1 1 1 1 1 1 1 1 1 
1 1 1 1 1 1 1 1 1 1 1 1 
1 1 1 1 1 1 1 1 1 1 1 1 
1 1 1 1 1 1 1 1 1 1 1 1 
1 1 1 1 1 1 1 1 1 1 1 1 
1 1 1 1 1 1 1 1 1 1 1 1 
1 1 1 1 1 1 1 1 1 1 1 1 
1 1 1 1 1 1 1 1 1 1 1 1 
1 1 1 1 1 1 1 1 1 1 1 1 
1 1 1 1 1 1 1 1 1 1 1 1 
1 1 1 1 1 1 1 1 1 1 1 1 
1 1 1 1 1 1 1 1 1 1 1 1 
1 1 1 1 1 1 1 1 1 1 1 1 
1 1 1 1 1 1 1 1 1 1 1 1 
1 1 1 1 1 1 1 1 1 1 1 1 
1 1 1 1 1 1 1 1 1 1 1 1 
1 1 1 1 1 1 1 1 1 1 1 1 
1 1 1 1 1 1 1 1 1 1 1 1 
1 1 1 1 1 1 1 1 1 1 1 1 
1 1 1 1 1 1 1 1 1 1 1 1 
1 1 1 1 1 1 1 1 1 1 1 1 
1 1 1 1 1 1 1 1 1 1 1 1 
1 1 1 1 1 1 1 1 1 1 1 1 
1 1 1 1 1 1 1 1 1 1 1 1 
1 1 1 1 1 1 1 1 1 1 1 1 
1 1 1 1 1 1 1 1 1 1 1 1 
1 1 1 1 1 1 1 1 1 1 1 1 
1 1 1 1 1 1 1 1 1 1 1 1 
# wt_pop
0.000530656	0.001196328	0.002058265	0.003034987	0.004055212	0.005064698	0.006026226	0.006916921	0.007724891	0.008446113	0.009081853	0.009636695
#maturity
0.02297737 0.32082130 0.90465054 0.99477987 0.99973881 0.99998699 0.99999935 0.99999997 1 1 1 1
#spmonth						
1		
#age_err						
1	0	0	0	0	0	0	0	0	0	0	0
0	1	0	0	0	0	0	0	0	0	0	0
0	0	1	0	0	0	0	0	0	0	0	0
0	0	0	1	0	0	0	0	0	0	0	0
0	0	0	0	1	0	0	0	0	0	0	0
0	0	0	0	0	1	0	0	0	0	0	0
0	0	0	0	0	0	1	0	0	0	0	0
0	0	0	0	0	0	0	1	0	0	0	0
0	0	0	0	0	0	0	0	1	0	0	0
0	0	0	0	0	0	0	0	0	1	0	0
0	0	0	0	0	0	0	0	0	0	1	0
0	0	0	0	0	0	0	0	0	0	0	1																														
