# Number of parameters = 77  Objective function value = 26196.3  Maximum gradient component = 0.000340386
# sel_params[1]:
2.06140680000
# sel_params[2]:
1.01630301996
# log_Fmult_year1:
 -4.69117932214
# log_Fmult_devs:
 1.07639238404 0.505643763931 0.317741606833 -0.229059006951 0.594090478921 0.0256367728449 0.760483412543 -0.532473069621 0.200461653634 0.136460453606 0.0769664428854 -0.320163568301 0.372533179054 0.0753210542545 -0.109314265428 0.656837649602 -0.194582090050 -0.0114373449505 -0.0138762600974 0.321550331096 -0.336216323516 0.497687632167 -0.177540157124 -4.23977767490e-005 -0.0642101342806 0.0153359049729 0.363775952229 -0.248894825065 0.486528677608
# log_recruit_devs:
 -0.0883566560733 0.0774921270291 -0.111664138465 -0.0552631376686 0.123894200290 -0.264582541583 -0.152136373117 -0.0248982708426 0.0104226915609 0.104583440369 -0.0308285557364 -0.210885386210 -0.0188031679588 0.261171479302 0.267856605185 -0.311449898899 -0.158451488717 0.0562181665851 0.175953392415 0.198941882155 0.161183459076 -0.0186929676241 0.195790617756 -0.0679334588911 -0.234622624714 -0.0228257756643 -0.0227929549626 -0.0796451850184 0.176888808846 0.0634357115756
# log_N_year1_devs:
 -0.0262096383240 0.0522983454973 -0.0101914977061 -0.159037376103 -0.00142498254416 -0.0117955308374 0.0983454363901 -0.130919146670 0.0164831162531 0.0747504591793 -0.160097724880
# log_q_year1:
 -7.98464752335
# log_q_devs:
 0.00000000000 0.00000000000 0.00000000000 0.00000000000 0.00000000000 0.00000000000 0.00000000000 0.00000000000 0.00000000000 0.00000000000 0.00000000000 0.00000000000 0.00000000000 0.00000000000 0.00000000000 0.00000000000 0.00000000000 0.00000000000 0.00000000000 0.00000000000 0.00000000000 0.00000000000 0.00000000000 0.00000000000 0.00000000000 0.00000000000 0.00000000000 0.00000000000 0.00000000000
# index_sel_params[1]:
1.45268815905
# index_sel_params[2]:
0.485309725533
# log_SR_scaler:
6.92380773444
# SR_steepness:
0.750000000000
