#######GENERAL HEADER INPUT#######
1
30
1
30
1
30
30
12
1	2	3	4	5	6	7	8	9	10	11	12
12
1	2	3	4	5	6	7	8	9	10	11	12
1
1001
1
1
#######SURVEY DATA#######
30
1	2	3	4	5	6	7	8	9	10	11	12	13	14	15	16	17	18	19	20	21	22	23	24	25	26	27	28	29	30
1.37693078873241	1.54188222393036	1.56458014131641	1.47909164442086	1.64528801569704	1.36518432111471	1.33072707908263	1.156966706562	1.25984149350679	1.07628077013386	1.27919383168647	1.20372666278564	1.10804432996056	1.29241763488195	1.13324871970329	1.00031604343548	0.956334315185136	1.07121228735089	0.89637573865949	0.908219344976147	0.881536181449817	0.789293885238135	0.688500485886732	0.561116393597411	0.480849502652843	0.728544637513048	0.633625548532267	0.454390823494006	0.51263265013806	0.537056709380744
0.2	0.2	0.2	0.2	0.2	0.2	0.2	0.2	0.2	0.2	0.2	0.2	0.2	0.2	0.2	0.2	0.2	0.2	0.2	0.2	0.2	0.2	0.2	0.2	0.2	0.2	0.2	0.2	0.2	0.2
30
1	2	3	4	5	6	7	8	9	10	11	12	13	14	15	16	17	18	19	20	21	22	23	24	25	26	27	28	29	30
200	200	200	200	200	200	200	200	200	200	200	200	200	200	200	200	200	200	200	200	200	200	200	200	200	200	200	200	200	200
200	200	200	200	200	200	200	200	200	200	200	200	200	200	200	200	200	200	200	200	200	200	200	200	200	200	200	200	200	200
0.095	0.14	0.155	0.095	0.085	0.085	0.07	0.055	0.045	0.035	0.025	0.115
0.085	0.12	0.16	0.075	0.07	0.12	0.05	0.08	0.055	0.035	0.035	0.115
0.05	0.19	0.165	0.1	0.065	0.08	0.12	0.045	0.035	0.035	0.015	0.1
0.105	0.135	0.195	0.155	0.085	0.055	0.06	0.04	0.025	0.025	0.015	0.105
0.055	0.17	0.16	0.21	0.085	0.065	0.045	0.025	0.02	0.025	0.03	0.11
0.05	0.095	0.175	0.145	0.13	0.105	0.055	0.075	0.035	0.025	0.02	0.09
0.05	0.13	0.105	0.185	0.1	0.095	0.075	0.055	0.03	0.015	0.03	0.13
0.07	0.115	0.145	0.12	0.17	0.09	0.065	0.045	0.04	0.03	0.015	0.095
0.11	0.215	0.15	0.095	0.07	0.075	0.06	0.03	0.04	0.045	0.025	0.085
0.075	0.235	0.19	0.105	0.07	0.06	0.05	0.045	0.035	0.025	0.035	0.075
0.055	0.175	0.23	0.145	0.115	0.08	0.02	0.05	0.045	0.025	0.01	0.05
0.1	0.15	0.135	0.17	0.135	0.085	0.035	0.025	0.025	0.045	0.03	0.065
0.085	0.235	0.115	0.135	0.15	0.08	0.015	0.055	0.02	0.03	0.02	0.06
0.08	0.16	0.21	0.085	0.065	0.1	0.11	0.015	0.03	0.035	0.025	0.085
0.085	0.155	0.205	0.19	0.09	0.055	0.05	0.05	0.025	0.025	0.01	0.06
0.13	0.245	0.13	0.135	0.085	0.07	0.055	0.035	0.025	0.015	0	0.075
0.1	0.23	0.165	0.135	0.08	0.135	0.025	0.025	0.05	0.005	0.01	0.04
0.07	0.24	0.265	0.115	0.095	0.07	0.05	0.02	0.015	0.015	0.01	0.035
0.07	0.185	0.19	0.22	0.105	0.08	0.045	0.04	0.02	0.015	0.005	0.025
0.13	0.165	0.17	0.115	0.13	0.105	0.065	0.02	0.015	0.02	0.015	0.05
0.09	0.24	0.205	0.125	0.08	0.085	0.045	0.035	0.03	0.015	0.02	0.03
0.075	0.215	0.24	0.12	0.075	0.09	0.055	0.04	0.03	0.005	0.02	0.035
0.08	0.22	0.22	0.17	0.105	0.055	0.035	0.035	0.03	0.01	0.02	0.02
0.135	0.265	0.2	0.1	0.115	0.045	0.055	0.04	0.02	0.015	0.005	0.005
0.13	0.21	0.245	0.135	0.085	0.06	0.05	0.02	0.02	0.03	0	0.015
0.09	0.34	0.215	0.125	0.075	0.055	0.045	0.005	0.015	0.015	0.015	0.005
0.11	0.18	0.34	0.13	0.07	0.07	0.06	0.025	0.005	0.005	0	0.005
0.14	0.26	0.11	0.23	0.11	0.025	0.06	0.02	0.03	0.005	0	0.01
0.065	0.295	0.215	0.125	0.13	0.065	0.03	0.03	0.03	0.005	0	0.01
0.125	0.28	0.255	0.13	0.065	0.065	0.04	0.005	0.015	0.005	0	0.015
#######LANDINGS DATA#######
1
30
160.624069495039	463.058780267863	753.256991905961	997.367729952854	777.529494411713	1358.99236278816	1300.11440911518	2475.59456098168	1306.65124668621	1504.16498935372	1614.42831322823	1626.15987749471	1125.70700392573	1588.49146719314	1605.64099116807	1372.54670110311	2529.87906426883	1868.53047083933	1724.58606776768	1567.77114280265	1922.28947920715	1263.85360094559	1848.56034737478	1314.90454320916	1218.29349316788	1065.83158732666	1040.95880461476	1356.17698188747	965.903827885442	1368.43856183321
0.01	0.01	0.01	0.01	0.01	0.01	0.01	0.01	0.01	0.01	0.01	0.01	0.01	0.01	0.01	0.01	0.01	0.01	0.01	0.01	0.01	0.01	0.01	0.01	0.01	0.01	0.01	0.01	0.01	0.01
30
1	2	3	4	5	6	7	8	9	10	11	12	13	14	15	16	17	18	19	20	21	22	23	24	25	26	27	28	29	30
200	200	200	200	200	200	200	200	200	200	200	200	200	200	200	200	200	200	200	200	200	200	200	200	200	200	200	200	200	200
200	200	200	200	200	200	200	200	200	200	200	200	200	200	200	200	200	200	200	200	200	200	200	200	200	200	200	200	200	200
0.07	0.085	0.11	0.11	0.13	0.055	0.07	0.08	0.045	0.065	0.03	0.15
0.075	0.115	0.115	0.095	0.09	0.115	0.06	0.05	0.045	0.06	0.03	0.15
0.07	0.12	0.095	0.165	0.05	0.09	0.125	0.055	0.035	0.03	0.025	0.14
0.105	0.12	0.12	0.075	0.085	0.11	0.065	0.05	0.03	0.055	0.03	0.155
0.075	0.125	0.135	0.11	0.105	0.09	0.075	0.02	0.035	0.05	0.05	0.13
0.05	0.08	0.12	0.135	0.145	0.1	0.065	0.05	0.06	0.04	0.03	0.125
0.09	0.075	0.1	0.18	0.12	0.105	0.075	0.065	0.045	0.01	0.02	0.115
0.105	0.07	0.155	0.07	0.14	0.125	0.08	0.055	0.035	0.025	0.025	0.115
0.12	0.195	0.1	0.09	0.085	0.1	0.045	0.045	0.03	0.005	0.04	0.145
0.075	0.175	0.125	0.08	0.08	0.06	0.1	0.095	0.075	0.015	0.035	0.085
0.06	0.125	0.265	0.14	0.105	0.045	0.03	0.065	0.015	0.055	0.02	0.075
0.115	0.105	0.15	0.225	0.115	0.055	0.055	0.04	0.04	0.01	0.025	0.065
0.105	0.2	0.135	0.105	0.09	0.085	0.05	0.06	0.025	0.045	0.02	0.08
0.11	0.135	0.22	0.09	0.1	0.1	0.075	0.04	0.025	0.035	0.01	0.06
0.16	0.1	0.145	0.175	0.11	0.06	0.08	0.045	0.015	0.02	0	0.09
0.08	0.275	0.095	0.11	0.13	0.085	0.065	0.05	0.035	0.02	0.005	0.05
0.11	0.155	0.24	0.095	0.06	0.115	0.07	0.03	0.025	0.03	0.005	0.065
0.11	0.15	0.18	0.17	0.115	0.09	0.09	0.01	0.01	0.025	0.01	0.04
0.075	0.13	0.17	0.18	0.16	0.08	0.07	0.035	0.025	0.02	0.02	0.035
0.17	0.14	0.165	0.09	0.14	0.09	0.05	0.03	0.035	0.035	0.005	0.05
0.13	0.225	0.15	0.14	0.105	0.09	0.055	0.035	0.015	0.01	0.005	0.04
0.13	0.16	0.215	0.15	0.085	0.11	0.025	0.045	0.03	0.005	0.015	0.03
0.135	0.21	0.2	0.145	0.11	0.045	0.06	0.04	0.015	0.01	0	0.03
0.2	0.155	0.205	0.12	0.115	0.065	0.025	0.06	0.015	0.01	0.005	0.025
0.19	0.19	0.13	0.13	0.14	0.105	0.05	0.02	0.015	0.005	0.015	0.01
0.105	0.315	0.2	0.115	0.09	0.065	0.045	0.025	0.005	0	0.015	0.02
0.12	0.1	0.29	0.155	0.125	0.055	0.06	0.04	0.01	0.015	0.02	0.01
0.23	0.135	0.165	0.21	0.13	0.04	0.025	0.035	0.025	0.005	0	0
0.15	0.22	0.245	0.115	0.14	0.045	0.02	0.03	0.005	0.01	0.01	0.01
0.175	0.21	0.2	0.205	0.035	0.075	0.025	0.03	0.015	0.01	0.01	0.01
#######PARAMETER SECTION#######
800	400	1200	-4	800	-0.25	1
0.18	0.01	1	-4	0.18	-0.25	1
-1.36	-5	-0.001	-4	-1.36	-0.25	1
0.1	0.05	0.3	-4	0.1	-0.25	1
0.2	0.01	0.5	-4	0.2	-0.25	1
0.75	0.20001	1	-3	0.75	-0.25	1
13.815511	-1	200	1	13.815511	-0.25	1
0	-1	1	-4	0	-0.25	1
0.2	1e-04	1.2	-3	0.2	-0.25	1
0	-10	10	-6	0	-1	1
0	-10	10	-6	0	-1	1
2	0	12	2	2	-0.5	1
1	0	12	2	1	-0.5	1
2	0	12	-2	2	-0.5	1
1	0	12	-2	1	-0.5	1
1.5	0	12	2	1.5	-0.5	1
2	0	12	2	2	-0.5	1
-14.9407916527419	-30	5	1	-14.9407916527419	-1	1
1	0.1	2	-1	1	-1	1
-1.54399197800355	-10	1.39	1	-1.54399197800355	-1	1
#######DEV CONSTRAINTS and DEVS#######
-15	15	2
-15	15	2
-15	15	2
0	0	0	0	0	0	0	0	0	0	0	0	0	0	0	0	0	0	0	0	0	0	0	0	0	0	0	0	0	0
0	0	0	0	0	0	0	0	0	0	0	0	0	0	0	0	0	0	0	0	0	0	0	0	0	0	0	0	0	0
0	0	0	0	0	0	0	0	0	0	0
#######LIKELIHOOD WEIGHTS#######
1
1
1
1
0
1
0
0
0
#######MISCELLANEOUS STUFF SECTION#######
2.5e-08
3
0.5	0.5	0.5	0.5	0.5	0.5	0.5	0.5	0.5	0.5	0.5	0.5
0.0229773699100256	0.320821300824607	0.904650535100891	0.994779874306442	0.999738809680904	0.999986992871533	0.999999352405202	0.999999967758134	0.999999998394772	0.99999999992008	0.999999999996021	0.999999999999802
0.2	0.2	0.2	0.2	0.2	0.2	0.2	0.2	0.2	0.2	0.2	0.2
0
1
10
0.2
1
1	0	0	0	0	0	0	0	0	0	0	0
0	1	0	0	0	0	0	0	0	0	0	0
0	0	1	0	0	0	0	0	0	0	0	0
0	0	0	1	0	0	0	0	0	0	0	0
0	0	0	0	1	0	0	0	0	0	0	0
0	0	0	0	0	1	0	0	0	0	0	0
0	0	0	0	0	0	1	0	0	0	0	0
0	0	0	0	0	0	0	1	0	0	0	0
0	0	0	0	0	0	0	0	1	0	0	0
0	0	0	0	0	0	0	0	0	1	0	0
0	0	0	0	0	0	0	0	0	0	1	0
0	0	0	0	0	0	0	0	0	0	0	1
40
31
2
1
#######END OF DATA FILE#######
999
