# Number of parameters = 77  Objective function value = 25988.9  Maximum gradient component = 0.00284001
# sel_params[1]:
1.90622422451
# sel_params[2]:
0.951579647462
# log_Fmult_year1:
 -4.67922623229
# log_Fmult_devs:
 1.05794920044 0.502273440564 0.304056210795 -0.209724080131 0.595112868538 0.0149130138287 0.745813894888 -0.537208581446 0.204506343025 0.115268702360 0.0748913836613 -0.314489591409 0.381286273144 0.0516166759435 -0.115437964966 0.660121416401 -0.208166803506 -0.00675837183280 -0.0294507319806 0.329034496602 -0.328022398307 0.511242547214 -0.173453573619 -0.0198342385597 -0.100364322433 -0.0122040886603 0.320653853582 -0.274953208908 0.401758929618
# log_recruit_devs:
 -0.0316889019895 -0.0664629060800 -0.297713145009 -0.345064280209 -0.593560039322 0.203464025481 0.367841485206 -0.188527629056 0.567609417489 0.427274618376 -0.256802627994 -0.313296020548 -0.233462343621 0.107609800671 -0.242508936943 -0.0225885902283 0.0663862209567 0.427668518597 0.317545748219 0.487873448572 0.215799634663 -0.505495386016 0.319463713619 -0.0462107420657 0.0998010215782 0.159156797424 -0.499560805187 -0.0831210810930 -0.810926478468 0.769495462978
# log_N_year1_devs:
 0.0225011579986 -0.0399612363038 -0.0708177845438 -0.0911054365044 -0.0999830863886 0.0318386433922 -0.0335935815092 0.145971923425 0.199475942354 -0.100541618684 -0.201448908043
# log_q_year1:
 -7.96630802808
# log_q_devs:
 0.00000000000 0.00000000000 0.00000000000 0.00000000000 0.00000000000 0.00000000000 0.00000000000 0.00000000000 0.00000000000 0.00000000000 0.00000000000 0.00000000000 0.00000000000 0.00000000000 0.00000000000 0.00000000000 0.00000000000 0.00000000000 0.00000000000 0.00000000000 0.00000000000 0.00000000000 0.00000000000 0.00000000000 0.00000000000 0.00000000000 0.00000000000 0.00000000000 0.00000000000
# index_sel_params[1]:
1.50307667542
# index_sel_params[2]:
0.454094250499
# log_SR_scaler:
6.88928623261
# SR_steepness:
0.750000000000
