# Number of parameters = 77  Objective function value = 26179.5  Maximum gradient component = 0.00122845
# sel_params[1]:
2.00837440678
# sel_params[2]:
1.03048008025
# log_Fmult_year1:
 -4.64399173253
# log_Fmult_devs:
 1.06685618769 0.488484901783 0.305906691959 -0.232495357862 0.583583445300 0.0110444753038 0.730863796708 -0.540664886218 0.199435890670 0.132403401281 0.0607808440044 -0.315636681647 0.376961635114 0.0562032920801 -0.0989316109872 0.671593616424 -0.182269887552 -0.00938479962107 0.00552270215048 0.331606746957 -0.316761104295 0.496275884273 -0.186430307289 -4.10464169533e-005 -0.0719972532822 -0.00520642165674 0.353009079645 -0.271374942808 0.412158829533
# log_recruit_devs:
 0.0342487260201 -0.306465569715 0.0678974906380 0.170764318689 0.347680804758 -0.0630619811815 -0.0795186027175 -0.126892490897 0.140537503337 -0.418739213797 -0.214526901132 -0.00580595374412 -0.564690402013 0.213182422672 -0.0636679248738 -0.117691693737 0.126652326680 0.312044360351 0.0832830556074 0.299051997895 0.0707899217057 0.304307570146 -0.123623759276 -0.00914349025174 -0.339679534724 -0.114299950330 0.183520851041 0.0674812859893 0.0942190100726 0.0321458227883
# log_N_year1_devs:
 -0.0231698201483 -0.0782005431790 0.107447075353 0.0265726603514 -0.0367630092316 0.0944859907334 0.00785209186447 -0.490065507958 -0.255580188349 -0.276607529157 -0.139426869675
# log_q_year1:
 -7.92187051593
# log_q_devs:
 0.00000000000 0.00000000000 0.00000000000 0.00000000000 0.00000000000 0.00000000000 0.00000000000 0.00000000000 0.00000000000 0.00000000000 0.00000000000 0.00000000000 0.00000000000 0.00000000000 0.00000000000 0.00000000000 0.00000000000 0.00000000000 0.00000000000 0.00000000000 0.00000000000 0.00000000000 0.00000000000 0.00000000000 0.00000000000 0.00000000000 0.00000000000 0.00000000000 0.00000000000
# index_sel_params[1]:
1.52405313673
# index_sel_params[2]:
0.453189070024
# log_SR_scaler:
6.87098056636
# SR_steepness:
0.750000000000
