#######GENERAL HEADER INPUT#######
1
30
1
30
1
30
30
12
1	2	3	4	5	6	7	8	9	10	11	12
12
1	2	3	4	5	6	7	8	9	10	11	12
1
1001
1
1
#######SURVEY DATA#######
30
1	2	3	4	5	6	7	8	9	10	11	12	13	14	15	16	17	18	19	20	21	22	23	24	25	26	27	28	29	30
1.33653351745132	1.69702730095039	1.83174047535802	1.78171148524718	1.63643096670548	1.46294134662629	1.58061425158221	1.32440908705655	1.2068719983545	1.1399148227189	1.01267722611525	1.0662490655343	1.10330027966255	1.0286121726848	1.01999684482346	0.983680141763286	0.902356919945567	0.87647742705964	0.75741254710337	0.641353786087144	0.639987564962038	0.647166776406382	0.588046236329882	0.695618806002197	0.683941375106544	0.567343996987509	0.589859227015633	0.545590591029597	0.53937468580389	0.525707006155139
0.2	0.2	0.2	0.2	0.2	0.2	0.2	0.2	0.2	0.2	0.2	0.2	0.2	0.2	0.2	0.2	0.2	0.2	0.2	0.2	0.2	0.2	0.2	0.2	0.2	0.2	0.2	0.2	0.2	0.2
30
1	2	3	4	5	6	7	8	9	10	11	12	13	14	15	16	17	18	19	20	21	22	23	24	25	26	27	28	29	30
200	200	200	200	200	200	200	200	200	200	200	200	200	200	200	200	200	200	200	200	200	200	200	200	200	200	200	200	200	200
200	200	200	200	200	200	200	200	200	200	200	200	200	200	200	200	200	200	200	200	200	200	200	200	200	200	200	200	200	200
0.06	0.115	0.14	0.085	0.135	0.1	0.06	0.075	0.06	0.04	0.025	0.105
0.07	0.1	0.135	0.12	0.095	0.1	0.055	0.055	0.075	0.04	0.015	0.14
0.065	0.12	0.12	0.14	0.105	0.105	0.065	0.055	0.035	0.06	0.005	0.125
0.08	0.15	0.14	0.095	0.105	0.075	0.075	0.06	0.025	0.025	0.035	0.135
0.075	0.165	0.15	0.095	0.06	0.07	0.065	0.05	0.06	0.035	0.025	0.15
0.06	0.1	0.215	0.12	0.09	0.085	0.085	0.03	0.05	0.03	0.01	0.125
0.12	0.12	0.12	0.145	0.08	0.08	0.045	0.065	0.05	0.03	0.03	0.115
0.1	0.205	0.095	0.145	0.08	0.08	0.05	0.06	0.055	0.035	0.015	0.08
0.065	0.195	0.235	0.105	0.075	0.05	0.035	0.035	0.025	0.03	0.035	0.115
0.105	0.145	0.215	0.175	0.08	0.09	0.06	0.03	0.02	0.015	0.015	0.05
0.09	0.18	0.12	0.15	0.085	0.06	0.07	0.06	0.04	0.04	0.015	0.09
0.09	0.195	0.165	0.115	0.1	0.085	0.07	0.045	0.025	0.025	0.025	0.06
0.15	0.12	0.235	0.11	0.115	0.09	0.06	0.035	0	0.02	0.01	0.055
0.03	0.195	0.22	0.19	0.065	0.04	0.065	0.05	0.025	0.03	0.045	0.045
0.075	0.085	0.225	0.155	0.15	0.1	0.04	0.045	0.03	0.025	0.005	0.065
0.105	0.14	0.125	0.21	0.11	0.095	0.06	0.04	0.03	0.01	0.02	0.055
0.1	0.24	0.14	0.075	0.105	0.08	0.055	0.045	0.045	0.01	0.025	0.08
0.055	0.255	0.195	0.1	0.08	0.085	0.055	0.06	0.02	0.035	0.025	0.035
0.12	0.135	0.215	0.17	0.06	0.06	0.075	0.015	0.06	0.03	0.02	0.04
0.08	0.2	0.15	0.18	0.15	0.055	0.04	0.02	0.025	0.035	0.02	0.045
0.16	0.21	0.19	0.125	0.11	0.08	0.025	0.015	0.025	0.025	0.005	0.03
0.1	0.33	0.17	0.115	0.07	0.055	0.055	0.025	0.015	0.005	0.015	0.045
0.11	0.225	0.3	0.13	0.08	0.035	0.035	0.04	0.01	0	0	0.035
0.145	0.26	0.19	0.15	0.085	0.075	0.005	0.02	0.045	0.005	0.01	0.01
0.125	0.27	0.245	0.115	0.09	0.065	0.02	0.025	0.015	0.015	0.005	0.01
0.12	0.195	0.29	0.17	0.09	0.07	0.005	0.025	0.005	0.015	0.01	0.005
0.115	0.21	0.26	0.235	0.06	0.025	0.045	0.02	0.015	0.01	0.005	0
0.1	0.235	0.185	0.2	0.11	0.075	0.03	0.03	0	0.01	0	0.025
0.095	0.28	0.23	0.12	0.105	0.05	0.05	0.02	0.02	0.01	0.005	0.015
0.155	0.19	0.265	0.145	0.06	0.09	0.04	0.015	0.01	0.02	0	0.01
#######LANDINGS DATA#######
1
30
161.668573739894	460.69581342711	745.1535873261	973.37512134228	746.799327502107	1274.24105363423	1223.55700369059	2335.84462316617	1222.49873531449	1382.90923376771	1450.72669542328	1492.42763091071	1026.75711162729	1448.1192495939	1461.49417996359	1212.58544209926	2073.70137102534	1427.71139111111	1251.26020816386	1122.87500221921	1397.23821025288	931.981267360448	1433.95757763155	1088.10963052645	1054.10830449232	962.882684069606	973.054443786156	1266.26190132498	894.162439477149	1211.42439992919
0.01	0.01	0.01	0.01	0.01	0.01	0.01	0.01	0.01	0.01	0.01	0.01	0.01	0.01	0.01	0.01	0.01	0.01	0.01	0.01	0.01	0.01	0.01	0.01	0.01	0.01	0.01	0.01	0.01	0.01
30
1	2	3	4	5	6	7	8	9	10	11	12	13	14	15	16	17	18	19	20	21	22	23	24	25	26	27	28	29	30
200	200	200	200	200	200	200	200	200	200	200	200	200	200	200	200	200	200	200	200	200	200	200	200	200	200	200	200	200	200
200	200	200	200	200	200	200	200	200	200	200	200	200	200	200	200	200	200	200	200	200	200	200	200	200	200	200	200	200	200
0.085	0.2	0.09	0.105	0.095	0.08	0.1	0.05	0.025	0.025	0.03	0.115
0.065	0.155	0.14	0.1	0.105	0.1	0.065	0.035	0.065	0.03	0.025	0.115
0.08	0.115	0.115	0.095	0.09	0.085	0.06	0.11	0.07	0.045	0.025	0.11
0.1	0.135	0.09	0.115	0.12	0.055	0.055	0.075	0.045	0.045	0.025	0.14
0.08	0.07	0.15	0.14	0.095	0.06	0.09	0.06	0.035	0.05	0.045	0.125
0.06	0.115	0.15	0.11	0.075	0.095	0.07	0.05	0.055	0.045	0.025	0.15
0.085	0.075	0.095	0.17	0.14	0.085	0.045	0.04	0.075	0.05	0.01	0.13
0.065	0.135	0.165	0.115	0.08	0.05	0.085	0.075	0.06	0.03	0.03	0.11
0.055	0.14	0.185	0.075	0.105	0.075	0.09	0.07	0.045	0.025	0.025	0.11
0.07	0.11	0.18	0.145	0.13	0.105	0.045	0.04	0.01	0.025	0.015	0.125
0.15	0.13	0.08	0.12	0.15	0.06	0.05	0.065	0.06	0.025	0.02	0.09
0.085	0.195	0.165	0.095	0.115	0.065	0.025	0.05	0.05	0.025	0.015	0.115
0.115	0.13	0.16	0.15	0.095	0.105	0.09	0.035	0.02	0.01	0.005	0.085
0.05	0.19	0.195	0.175	0.115	0.045	0.05	0.045	0.025	0.015	0.02	0.075
0.08	0.09	0.2	0.15	0.17	0.085	0.05	0.03	0.04	0.035	0.005	0.065
0.11	0.12	0.065	0.255	0.09	0.13	0.075	0.025	0.04	0.02	0.01	0.06
0.11	0.125	0.125	0.085	0.185	0.12	0.095	0.055	0.01	0.01	0.035	0.045
0.095	0.175	0.13	0.135	0.07	0.1	0.095	0.06	0.055	0.025	0.005	0.055
0.105	0.135	0.19	0.165	0.11	0.045	0.11	0.04	0.045	0.01	0	0.045
0.085	0.19	0.135	0.135	0.11	0.07	0.035	0.055	0.03	0.06	0.02	0.075
0.165	0.22	0.135	0.14	0.08	0.055	0.05	0.015	0.045	0.025	0.015	0.055
0.135	0.25	0.2	0.14	0.065	0.07	0.05	0.02	0.015	0.02	0.02	0.015
0.145	0.22	0.25	0.135	0.085	0.04	0.035	0.02	0.015	0.025	0.005	0.025
0.185	0.275	0.155	0.155	0.075	0.065	0.035	0.025	0	0.01	0.005	0.015
0.14	0.3	0.21	0.07	0.125	0.05	0.03	0.025	0.01	0	0.015	0.025
0.09	0.195	0.23	0.2	0.085	0.08	0.045	0.015	0.015	0.005	0.01	0.03
0.175	0.155	0.2	0.21	0.125	0.04	0.05	0.02	0.02	0	0	0.005
0.16	0.205	0.165	0.18	0.145	0.065	0.03	0.02	0.02	0.005	0.005	0
0.11	0.175	0.26	0.17	0.135	0.055	0.045	0.01	0.02	0.005	0.01	0.005
0.14	0.135	0.225	0.17	0.125	0.1	0.065	0.03	0	0.005	0.005	0
#######PARAMETER SECTION#######
800	400	1200	-4	800	-0.25	1
0.18	0.01	1	-4	0.18	-0.25	1
-1.36	-5	-0.001	-4	-1.36	-0.25	1
0.1	0.05	0.3	-4	0.1	-0.25	1
0.2	0.01	0.5	-4	0.2	-0.25	1
0.75	0.20001	1	-3	0.75	-0.25	1
13.815511	-1	200	1	13.815511	-0.25	1
0	-1	1	-4	0	-0.25	1
0.2	1e-04	1.2	-3	0.2	-0.25	1
0	-10	10	-6	0	-1	1
0	-10	10	-6	0	-1	1
2	0	12	2	2	-0.5	1
1	0	12	2	1	-0.5	1
2	0	12	-2	2	-0.5	1
1	0	12	-2	1	-0.5	1
1.5	0	12	2	1.5	-0.5	1
2	0	12	2	2	-0.5	1
-14.8137922426804	-30	5	1	-14.8137922426804	-1	1
1	0.1	2	-1	1	-1	1
-1.54399197800355	-10	1.39	1	-1.54399197800355	-1	1
#######DEV CONSTRAINTS and DEVS#######
-15	15	2
-15	15	2
-15	15	2
0	0	0	0	0	0	0	0	0	0	0	0	0	0	0	0	0	0	0	0	0	0	0	0	0	0	0	0	0	0
0	0	0	0	0	0	0	0	0	0	0	0	0	0	0	0	0	0	0	0	0	0	0	0	0	0	0	0	0	0
0	0	0	0	0	0	0	0	0	0	0
#######LIKELIHOOD WEIGHTS#######
1
1
1
1
0
1
0
0
0
#######MISCELLANEOUS STUFF SECTION#######
2.5e-08
3
0.5	0.5	0.5	0.5	0.5	0.5	0.5	0.5	0.5	0.5	0.5	0.5
0.0229773699100256	0.320821300824607	0.904650535100891	0.994779874306442	0.999738809680904	0.999986992871533	0.999999352405202	0.999999967758134	0.999999998394772	0.99999999992008	0.999999999996021	0.999999999999802
0.2	0.2	0.2	0.2	0.2	0.2	0.2	0.2	0.2	0.2	0.2	0.2
0
1
10
0.2
1
1	0	0	0	0	0	0	0	0	0	0	0
0	1	0	0	0	0	0	0	0	0	0	0
0	0	1	0	0	0	0	0	0	0	0	0
0	0	0	1	0	0	0	0	0	0	0	0
0	0	0	0	1	0	0	0	0	0	0	0
0	0	0	0	0	1	0	0	0	0	0	0
0	0	0	0	0	0	1	0	0	0	0	0
0	0	0	0	0	0	0	1	0	0	0	0
0	0	0	0	0	0	0	0	1	0	0	0
0	0	0	0	0	0	0	0	0	1	0	0
0	0	0	0	0	0	0	0	0	0	1	0
0	0	0	0	0	0	0	0	0	0	0	1
40
31
2
1
#######END OF DATA FILE#######
999
