#######GENERAL HEADER INPUT#######
1
30
1
30
1
30
30
12
1	2	3	4	5	6	7	8	9	10	11	12
12
1	2	3	4	5	6	7	8	9	10	11	12
1
1001
1
1
#######SURVEY DATA#######
30
1	2	3	4	5	6	7	8	9	10	11	12	13	14	15	16	17	18	19	20	21	22	23	24	25	26	27	28	29	30
1.43064312752337	1.33936836988916	1.47802728523449	1.48696240963681	1.5034078243637	1.40673281337283	1.38630281835121	1.26214883361951	1.35794743090086	1.15849454630996	1.23688233912524	1.06557282559169	1.20245778599141	1.16816867899412	0.947806675981406	0.991821586967071	0.752666447571565	0.856352595781374	0.850781818817804	0.879585730096301	0.768490032475602	0.711352581335721	0.794922496164242	0.599054541526427	0.524813803962406	0.679104457721258	0.632763502034927	0.574381819486081	0.44771570164519	0.581470851864723
0.2	0.2	0.2	0.2	0.2	0.2	0.2	0.2	0.2	0.2	0.2	0.2	0.2	0.2	0.2	0.2	0.2	0.2	0.2	0.2	0.2	0.2	0.2	0.2	0.2	0.2	0.2	0.2	0.2	0.2
30
1	2	3	4	5	6	7	8	9	10	11	12	13	14	15	16	17	18	19	20	21	22	23	24	25	26	27	28	29	30
200	200	200	200	200	200	200	200	200	200	200	200	200	200	200	200	200	200	200	200	200	200	200	200	200	200	200	200	200	200
200	200	200	200	200	200	200	200	200	200	200	200	200	200	200	200	200	200	200	200	200	200	200	200	200	200	200	200	200	200
0.05	0.14	0.145	0.145	0.14	0.065	0.075	0.03	0.035	0.05	0.01	0.115
0.04	0.145	0.15	0.11	0.14	0.055	0.065	0.045	0.045	0.045	0.035	0.125
0.06	0.105	0.155	0.115	0.105	0.05	0.055	0.055	0.06	0.055	0.045	0.14
0.1	0.14	0.145	0.155	0.105	0.085	0.055	0.055	0.05	0.035	0.01	0.065
0.04	0.165	0.11	0.115	0.13	0.105	0.045	0.05	0.065	0.035	0.025	0.115
0.07	0.195	0.12	0.165	0.07	0.08	0.02	0.065	0.04	0.025	0.02	0.13
0.055	0.105	0.22	0.135	0.09	0.08	0.05	0.05	0.05	0.02	0.02	0.125
0.09	0.21	0.125	0.18	0.085	0.05	0.085	0.015	0.01	0.015	0.03	0.105
0.115	0.14	0.21	0.1	0.105	0.06	0.025	0.07	0.03	0.025	0.01	0.11
0.085	0.25	0.13	0.155	0.08	0.095	0.07	0.02	0.04	0.005	0.01	0.06
0.08	0.165	0.23	0.095	0.1	0.065	0.065	0.05	0.02	0.02	0.005	0.105
0.105	0.165	0.165	0.145	0.08	0.075	0.065	0.05	0.03	0.03	0.005	0.085
0.06	0.175	0.145	0.155	0.14	0.115	0.075	0.035	0.04	0.005	0.01	0.045
0.1	0.15	0.245	0.105	0.09	0.1	0.055	0.045	0.04	0.035	0.01	0.025
0.075	0.24	0.13	0.145	0.095	0.085	0.03	0.05	0.025	0.015	0.02	0.09
0.08	0.175	0.235	0.105	0.135	0.04	0.025	0.04	0.02	0.055	0.025	0.065
0.08	0.19	0.17	0.18	0.1	0.075	0.04	0.04	0.04	0.025	0.01	0.05
0.1	0.195	0.155	0.115	0.16	0.045	0.085	0.045	0.03	0.025	0.01	0.035
0.085	0.28	0.205	0.115	0.08	0.07	0.045	0.035	0.02	0.015	0.005	0.045
0.145	0.19	0.25	0.12	0.075	0.065	0.06	0.025	0	0.03	0.01	0.03
0.065	0.245	0.185	0.265	0.065	0.055	0.035	0.015	0.02	0.005	0.005	0.04
0.06	0.18	0.305	0.17	0.14	0.055	0.01	0.015	0.03	0.01	0.005	0.02
0.17	0.18	0.165	0.135	0.12	0.085	0.025	0.045	0.005	0.025	0	0.045
0.06	0.385	0.13	0.095	0.135	0.075	0.065	0.015	0.005	0.01	0.01	0.015
0.155	0.17	0.275	0.12	0.085	0.075	0.05	0.02	0.02	0.015	0	0.015
0.125	0.245	0.155	0.2	0.075	0.045	0.055	0.045	0.025	0.015	0	0.015
0.135	0.23	0.24	0.1	0.13	0.025	0.01	0.035	0.035	0.03	0.01	0.02
0.115	0.215	0.305	0.17	0.035	0.085	0.035	0.01	0.005	0.01	0	0.015
0.145	0.16	0.29	0.215	0.065	0.03	0.035	0.03	0.015	0.01	0	0.005
0.16	0.225	0.165	0.155	0.12	0.085	0.025	0.03	0	0.005	0.015	0.015
#######LANDINGS DATA#######
1
30
161.388298104397	460.884599398816	742.92729181057	980.186365191181	750.689692137712	1297.30802161932	1255.60436863053	2431.86737897213	1311.07595831169	1530.30236847336	1660.22753941922	1656.86637285792	1154.51396931626	1592.91132167999	1559.45018445878	1327.29117140382	2283.80232189493	1598.58684505962	1453.77266582678	1360.36694086401	1764.60736031347	1194.99249776643	1797.01146086317	1290.57778921008	1213.53280436777	1068.16544233648	1057.27822440429	1413.71348405448	1004.18457726483	1409.6600471965
0.01	0.01	0.01	0.01	0.01	0.01	0.01	0.01	0.01	0.01	0.01	0.01	0.01	0.01	0.01	0.01	0.01	0.01	0.01	0.01	0.01	0.01	0.01	0.01	0.01	0.01	0.01	0.01	0.01	0.01
30
1	2	3	4	5	6	7	8	9	10	11	12	13	14	15	16	17	18	19	20	21	22	23	24	25	26	27	28	29	30
200	200	200	200	200	200	200	200	200	200	200	200	200	200	200	200	200	200	200	200	200	200	200	200	200	200	200	200	200	200
200	200	200	200	200	200	200	200	200	200	200	200	200	200	200	200	200	200	200	200	200	200	200	200	200	200	200	200	200	200
0.055	0.11	0.115	0.12	0.075	0.095	0.07	0.09	0.035	0.045	0.045	0.145
0.075	0.13	0.15	0.11	0.12	0.085	0.065	0.06	0.02	0.055	0.05	0.08
0.085	0.12	0.095	0.115	0.1	0.09	0.06	0.065	0.035	0.035	0.01	0.19
0.075	0.125	0.1	0.115	0.065	0.105	0.1	0.065	0.045	0.03	0.025	0.15
0.06	0.105	0.15	0.135	0.12	0.06	0.11	0.055	0.01	0.015	0.03	0.15
0.045	0.17	0.115	0.12	0.075	0.105	0.065	0.065	0.035	0.055	0.05	0.1
0.09	0.115	0.15	0.14	0.085	0.06	0.06	0.035	0.06	0.04	0.035	0.13
0.06	0.155	0.085	0.185	0.15	0.065	0.065	0.03	0.05	0.035	0.015	0.105
0.06	0.125	0.195	0.14	0.16	0.085	0.06	0.06	0.025	0.015	0.015	0.06
0.09	0.14	0.145	0.23	0.075	0.12	0.045	0.025	0.02	0.015	0.015	0.08
0.065	0.155	0.165	0.115	0.115	0.06	0.06	0.095	0.035	0.03	0.02	0.085
0.07	0.15	0.18	0.195	0.09	0.095	0.035	0.055	0.015	0.03	0.025	0.06
0.065	0.185	0.125	0.15	0.16	0.09	0.06	0.045	0.01	0.035	0.025	0.05
0.115	0.085	0.175	0.115	0.085	0.11	0.065	0.075	0.03	0.04	0.02	0.085
0.095	0.15	0.145	0.165	0.09	0.085	0.07	0.035	0.02	0.035	0.03	0.08
0.065	0.115	0.22	0.135	0.14	0.09	0.085	0.04	0.005	0.015	0.015	0.075
0.13	0.125	0.135	0.23	0.07	0.1	0.06	0.035	0.015	0.025	0.035	0.04
0.22	0.13	0.125	0.08	0.145	0.04	0.05	0.055	0.025	0.04	0.03	0.06
0.15	0.25	0.175	0.11	0.095	0.065	0.015	0.04	0.025	0.025	0.025	0.025
0.16	0.165	0.22	0.11	0.095	0.075	0.045	0.045	0.03	0.015	0.01	0.03
0.115	0.15	0.2	0.21	0.08	0.08	0.04	0.025	0.005	0.035	0.01	0.05
0.06	0.155	0.285	0.15	0.115	0.05	0.05	0.035	0.03	0.005	0.01	0.055
0.205	0.12	0.13	0.155	0.12	0.15	0.025	0.03	0.005	0.02	0.005	0.035
0.1	0.295	0.15	0.14	0.115	0.095	0.045	0.02	0.015	0.01	0.01	0.005
0.205	0.2	0.26	0.12	0.055	0.04	0.045	0.05	0.01	0.005	0	0.01
0.22	0.26	0.12	0.18	0.06	0.035	0.05	0.035	0.025	0.005	0.005	0.005
0.165	0.205	0.2	0.105	0.145	0.085	0.04	0.02	0.01	0.015	0.005	0.005
0.155	0.12	0.305	0.21	0.055	0.07	0.035	0.015	0.015	0.015	0.005	0
0.255	0.14	0.18	0.16	0.12	0.055	0.05	0.015	0.005	0.005	0.005	0.01
0.235	0.2	0.205	0.1	0.09	0.07	0.005	0.03	0.025	0.005	0.02	0.015
#######PARAMETER SECTION#######
800	400	1200	-4	800	-0.25	1
0.18	0.01	1	-4	0.18	-0.25	1
-1.36	-5	-0.001	-4	-1.36	-0.25	1
0.1	0.05	0.3	-4	0.1	-0.25	1
0.2	0.01	0.5	-4	0.2	-0.25	1
0.75	0.20001	1	-3	0.75	-0.25	1
13.815511	-1	200	1	13.815511	-0.25	1
0	-1	1	-4	0	-0.25	1
0.2	1e-04	1.2	-3	0.2	-0.25	1
0	-10	10	-6	0	-1	1
0	-10	10	-6	0	-1	1
2	0	12	2	2	-0.5	1
1	0	12	2	1	-0.5	1
2	0	12	-2	2	-0.5	1
1	0	12	-2	1	-0.5	1
1.5	0	12	2	1.5	-0.5	1
2	0	12	2	2	-0.5	1
-14.9146165718979	-30	5	1	-14.9146165718979	-1	1
1	0.1	2	-1	1	-1	1
-1.54399197800355	-10	1.39	1	-1.54399197800355	-1	1
#######DEV CONSTRAINTS and DEVS#######
-15	15	2
-15	15	2
-15	15	2
0	0	0	0	0	0	0	0	0	0	0	0	0	0	0	0	0	0	0	0	0	0	0	0	0	0	0	0	0	0
0	0	0	0	0	0	0	0	0	0	0	0	0	0	0	0	0	0	0	0	0	0	0	0	0	0	0	0	0	0
0	0	0	0	0	0	0	0	0	0	0
#######LIKELIHOOD WEIGHTS#######
1
1
1
1
0
1
0
0
0
#######MISCELLANEOUS STUFF SECTION#######
2.5e-08
3
0.5	0.5	0.5	0.5	0.5	0.5	0.5	0.5	0.5	0.5	0.5	0.5
0.0229773699100256	0.320821300824607	0.904650535100891	0.994779874306442	0.999738809680904	0.999986992871533	0.999999352405202	0.999999967758134	0.999999998394772	0.99999999992008	0.999999999996021	0.999999999999802
0.2	0.2	0.2	0.2	0.2	0.2	0.2	0.2	0.2	0.2	0.2	0.2
0
1
10
0.2
1
1	0	0	0	0	0	0	0	0	0	0	0
0	1	0	0	0	0	0	0	0	0	0	0
0	0	1	0	0	0	0	0	0	0	0	0
0	0	0	1	0	0	0	0	0	0	0	0
0	0	0	0	1	0	0	0	0	0	0	0
0	0	0	0	0	1	0	0	0	0	0	0
0	0	0	0	0	0	1	0	0	0	0	0
0	0	0	0	0	0	0	1	0	0	0	0
0	0	0	0	0	0	0	0	1	0	0	0
0	0	0	0	0	0	0	0	0	1	0	0
0	0	0	0	0	0	0	0	0	0	1	0
0	0	0	0	0	0	0	0	0	0	0	1
40
31
2
1
#######END OF DATA FILE#######
999
