#######GENERAL HEADER INPUT#######
1
30
1
30
1
30
30
12
1	2	3	4	5	6	7	8	9	10	11	12
12
1	2	3	4	5	6	7	8	9	10	11	12
1
1001
1
1
#######SURVEY DATA#######
30
1	2	3	4	5	6	7	8	9	10	11	12	13	14	15	16	17	18	19	20	21	22	23	24	25	26	27	28	29	30
1.63334831869134	1.66309377342618	1.54146098993609	1.63527896045017	1.2599532764296	1.18870973396073	1.44952757744034	1.26910951420187	1.00796761875174	0.944101870114518	1.11143780510082	1.07392348894369	1.05388715909758	0.812171268999072	1.00094931532844	0.92767399393258	0.832848585910759	0.843077935747726	0.694103623476099	0.847395713055615	0.695350979320423	0.714894652083641	0.968515257140118	0.760385161311925	0.760791803106686	0.610407100322113	0.531208103477197	0.503273887112783	0.478533937639943	0.437899031405042
0.2	0.2	0.2	0.2	0.2	0.2	0.2	0.2	0.2	0.2	0.2	0.2	0.2	0.2	0.2	0.2	0.2	0.2	0.2	0.2	0.2	0.2	0.2	0.2	0.2	0.2	0.2	0.2	0.2	0.2
30
1	2	3	4	5	6	7	8	9	10	11	12	13	14	15	16	17	18	19	20	21	22	23	24	25	26	27	28	29	30
200	200	200	200	200	200	200	200	200	200	200	200	200	200	200	200	200	200	200	200	200	200	200	200	200	200	200	200	200	200
200	200	200	200	200	200	200	200	200	200	200	200	200	200	200	200	200	200	200	200	200	200	200	200	200	200	200	200	200	200
0.065	0.155	0.13	0.085	0.125	0.08	0.065	0.055	0.035	0.045	0.03	0.13
0.05	0.15	0.135	0.17	0.08	0.08	0.07	0.055	0.04	0.035	0.03	0.105
0.075	0.1	0.195	0.12	0.07	0.12	0.08	0.045	0.03	0.025	0.02	0.12
0.055	0.135	0.085	0.145	0.11	0.075	0.075	0.07	0.03	0.03	0.035	0.155
0.045	0.12	0.19	0.105	0.13	0.085	0.065	0.05	0.045	0.035	0.02	0.11
0.085	0.14	0.145	0.13	0.1	0.075	0.055	0.055	0.04	0.045	0.035	0.095
0.07	0.135	0.1	0.095	0.135	0.105	0.095	0.04	0.06	0.02	0.015	0.13
0.035	0.16	0.175	0.115	0.135	0.1	0.045	0.06	0.03	0.025	0.025	0.095
0.105	0.095	0.155	0.12	0.07	0.1	0.075	0.045	0.065	0.03	0.02	0.12
0.13	0.12	0.11	0.105	0.115	0.085	0.085	0.06	0.01	0.035	0.025	0.12
0.1	0.24	0.195	0.105	0.095	0.06	0.035	0.045	0.03	0.025	0.005	0.065
0.11	0.205	0.195	0.115	0.06	0.07	0.075	0.045	0.02	0.03	0.02	0.055
0.04	0.185	0.175	0.19	0.08	0.065	0.06	0.025	0.045	0.03	0.02	0.085
0.1	0.12	0.13	0.15	0.18	0.08	0.04	0.015	0.05	0.03	0.03	0.075
0.075	0.21	0.125	0.115	0.11	0.095	0.07	0.03	0.05	0.02	0.01	0.09
0.195	0.155	0.24	0.095	0.06	0.07	0.08	0.03	0.015	0.025	0.01	0.025
0.08	0.25	0.205	0.18	0.07	0.045	0.045	0.045	0.035	0.025	0.005	0.015
0.085	0.165	0.26	0.155	0.12	0.04	0.04	0.045	0.04	0	0.005	0.045
0.06	0.23	0.245	0.215	0.07	0.055	0.025	0.025	0.015	0.03	0.01	0.02
0.11	0.115	0.225	0.135	0.145	0.06	0.08	0.055	0.015	0.025	0.005	0.03
0.145	0.19	0.15	0.14	0.145	0.095	0.03	0.045	0.01	0.01	0.01	0.03
0.11	0.325	0.2	0.07	0.08	0.09	0.04	0.015	0.025	0.015	0.01	0.02
0.08	0.325	0.24	0.125	0.05	0.065	0.02	0.015	0.02	0.025	0.005	0.03
0.14	0.15	0.27	0.165	0.125	0.025	0.025	0.025	0.015	0.015	0.02	0.025
0.065	0.26	0.165	0.21	0.145	0.075	0.015	0.02	0.03	0.015	0	0
0.14	0.155	0.27	0.105	0.15	0.065	0.04	0.01	0.02	0.005	0.015	0.025
0.12	0.245	0.175	0.225	0.06	0.075	0.045	0.02	0.005	0.005	0.01	0.015
0.12	0.215	0.29	0.14	0.135	0.04	0.04	0	0.005	0.005	0.005	0.005
0.14	0.235	0.205	0.155	0.08	0.1	0.03	0.03	0.01	0.005	0.005	0.005
0.16	0.23	0.165	0.185	0.11	0.045	0.045	0.015	0.025	0	0	0.02
#######LANDINGS DATA#######
1
30
164.244095727471	390.456496300566	568.311659292889	771.617048167872	1181.01451862343	1143.26619111205	1171.58942645966	1674.62423228452	1331.30967335292	1739.7933028957	1531.21618779202	1272.618887206	1156.12694371491	1885.06563815765	1540.67034877047	1322.02499175991	1186.89117607991	1236.53457250125	1756.8562723089	1195.79491299561	1059.80028923801	998.587762447635	1305.30115051177	1596.9064078107	1773.04815586621	1420.79001586182	1145.28232686728	946.985432541923	1056.91106014248	1140.00418590672
0.01	0.01	0.01	0.01	0.01	0.01	0.01	0.01	0.01	0.01	0.01	0.01	0.01	0.01	0.01	0.01	0.01	0.01	0.01	0.01	0.01	0.01	0.01	0.01	0.01	0.01	0.01	0.01	0.01	0.01
30
1	2	3	4	5	6	7	8	9	10	11	12	13	14	15	16	17	18	19	20	21	22	23	24	25	26	27	28	29	30
200	200	200	200	200	200	200	200	200	200	200	200	200	200	200	200	200	200	200	200	200	200	200	200	200	200	200	200	200	200
200	200	200	200	200	200	200	200	200	200	200	200	200	200	200	200	200	200	200	200	200	200	200	200	200	200	200	200	200	200
0.07	0.1	0.085	0.14	0.08	0.115	0.08	0.065	0.025	0.05	0.02	0.17
0.025	0.105	0.115	0.12	0.145	0.125	0.06	0.045	0.05	0.035	0.02	0.155
0.08	0.06	0.155	0.115	0.11	0.095	0.06	0.055	0.05	0.055	0.02	0.145
0.09	0.115	0.105	0.15	0.055	0.11	0.045	0.04	0.045	0.06	0.025	0.16
0.06	0.14	0.135	0.095	0.105	0.06	0.065	0.05	0.055	0.06	0.025	0.15
0.085	0.095	0.16	0.115	0.1	0.07	0.06	0.08	0.06	0.025	0.02	0.13
0.06	0.125	0.095	0.11	0.155	0.08	0.065	0.065	0.055	0.01	0.04	0.14
0.045	0.115	0.125	0.07	0.12	0.075	0.08	0.09	0.05	0.07	0.03	0.13
0.055	0.09	0.14	0.155	0.095	0.105	0.1	0.065	0.04	0.03	0.015	0.11
0.16	0.135	0.09	0.125	0.08	0.06	0.065	0.085	0.02	0.025	0.045	0.11
0.115	0.095	0.12	0.14	0.065	0.08	0.065	0.07	0.05	0.045	0.025	0.13
0.05	0.145	0.195	0.11	0.1	0.105	0.045	0.055	0.055	0.04	0.015	0.085
0.095	0.155	0.175	0.18	0.125	0.04	0.035	0.03	0.04	0.015	0.02	0.09
0.11	0.12	0.145	0.15	0.13	0.085	0.08	0.045	0.025	0.02	0.025	0.065
0.095	0.195	0.13	0.125	0.125	0.125	0.07	0.015	0.02	0.015	0.03	0.055
0.145	0.135	0.175	0.165	0.095	0.07	0.05	0.04	0.015	0.025	0.035	0.05
0.105	0.2	0.135	0.185	0.05	0.065	0.06	0.065	0.035	0.015	0.015	0.07
0.12	0.19	0.195	0.175	0.14	0.035	0.035	0.03	0.015	0.02	0.015	0.03
0.045	0.185	0.165	0.185	0.13	0.11	0.04	0.025	0.03	0.03	0.02	0.035
0.145	0.145	0.185	0.155	0.16	0.05	0.07	0.02	0.01	0.025	0.005	0.03
0.155	0.185	0.13	0.175	0.105	0.09	0.04	0.05	0.015	0.015	0.005	0.035
0.17	0.2	0.165	0.125	0.115	0.09	0.055	0.01	0.01	0.01	0.01	0.04
0.095	0.265	0.21	0.115	0.11	0.1	0.035	0.02	0.005	0.015	0.005	0.025
0.13	0.125	0.24	0.2	0.13	0.055	0.02	0.025	0.025	0.02	0.015	0.015
0.145	0.2	0.135	0.21	0.13	0.07	0.025	0.035	0.005	0.015	0	0.03
0.15	0.16	0.285	0.075	0.13	0.1	0.045	0.02	0.01	0.02	0	0.005
0.135	0.16	0.17	0.305	0.06	0.08	0.035	0.02	0.02	0	0.005	0.01
0.125	0.205	0.245	0.125	0.15	0.02	0.055	0.03	0.015	0	0.005	0.025
0.145	0.255	0.155	0.2	0.09	0.085	0.005	0.05	0.01	0	0	0.005
0.24	0.195	0.155	0.135	0.12	0.045	0.06	0.035	0.01	0	0.005	0
#######PARAMETER SECTION#######
800	400	1200	-4	800	-0.25	1
0.18	0.01	1	-4	0.18	-0.25	1
-1.36	-5	-0.001	-4	-1.36	-0.25	1
0.1	0.05	0.3	-4	0.1	-0.25	1
0.2	0.01	0.5	-4	0.2	-0.25	1
0.75	0.20001	1	-3	0.75	-0.25	1
13.815511	-1	200	1	13.815511	-0.25	1
0	-1	1	-4	0	-0.25	1
0.2	1e-04	1.2	-3	0.2	-0.25	1
0	-10	10	-6	0	-1	1
0	-10	10	-6	0	-1	1
2	0	12	2	2	-0.5	1
1	0	12	2	1	-0.5	1
2	0	12	-2	2	-0.5	1
1	0	12	-2	1	-0.5	1
1.5	0	12	2	1.5	-0.5	1
2	0	12	2	2	-0.5	1
-14.8397008428485	-30	5	1	-14.8397008428485	-1	1
1	0.1	2	-1	1	-1	1
-1.56045035983952	-10	1.39	1	-1.56045035983952	-1	1
#######DEV CONSTRAINTS and DEVS#######
-15	15	2
-15	15	2
-15	15	2
0	0	0	0	0	0	0	0	0	0	0	0	0	0	0	0	0	0	0	0	0	0	0	0	0	0	0	0	0	0
0	0	0	0	0	0	0	0	0	0	0	0	0	0	0	0	0	0	0	0	0	0	0	0	0	0	0	0	0	0
0	0	0	0	0	0	0	0	0	0	0
#######LIKELIHOOD WEIGHTS#######
1
1
1
1
0
1
0
0
0
#######MISCELLANEOUS STUFF SECTION#######
2.5e-08
3
0.5	0.5	0.5	0.5	0.5	0.5	0.5	0.5	0.5	0.5	0.5	0.5
0.0229773699100256	0.320821300824607	0.904650535100891	0.994779874306442	0.999738809680904	0.999986992871533	0.999999352405202	0.999999967758134	0.999999998394772	0.99999999992008	0.999999999996021	0.999999999999802
0.2	0.2	0.2	0.2	0.2	0.2	0.2	0.2	0.2	0.2	0.2	0.2
0
1
10
0.2
1
1	0	0	0	0	0	0	0	0	0	0	0
0	1	0	0	0	0	0	0	0	0	0	0
0	0	1	0	0	0	0	0	0	0	0	0
0	0	0	1	0	0	0	0	0	0	0	0
0	0	0	0	1	0	0	0	0	0	0	0
0	0	0	0	0	1	0	0	0	0	0	0
0	0	0	0	0	0	1	0	0	0	0	0
0	0	0	0	0	0	0	1	0	0	0	0
0	0	0	0	0	0	0	0	1	0	0	0
0	0	0	0	0	0	0	0	0	1	0	0
0	0	0	0	0	0	0	0	0	0	1	0
0	0	0	0	0	0	0	0	0	0	0	1
40
31
2
1
#######END OF DATA FILE#######
999
