# Number of parameters = 77  Objective function value = 26264.3  Maximum gradient component = 0.0174291
# sel_params[1]:
2.02798862526
# sel_params[2]:
0.950514214282
# log_Fmult_year1:
 -4.61291429186
# log_Fmult_devs:
 1.05941672181 0.472644086589 0.295128028205 -0.226691084948 0.583293420214 0.00456596178369 0.746243151294 -0.539368827467 0.188451710473 0.117964421219 0.0590616176071 -0.326476428372 0.372099807771 0.0663172245790 -0.117691432029 0.684286917246 -0.215495968510 0.000703891449737 -0.0120961301721 0.332915378017 -0.320910442531 0.496389014882 -0.191822918268 0.00527307408374 -0.0759702842875 -0.0127930010162 0.337428358691 -0.261670243224 0.431596553985
# log_recruit_devs:
 -0.0375446731548 -0.0120874245263 -0.196640105404 0.261722530030 -0.123026445937 -0.369081604635 -0.0725044311205 -0.0768183776483 -0.198121127655 -0.0292727805332 -0.120829062795 0.00740934564921 0.159328433625 -0.0914434768497 -0.212072811191 -0.101511553104 0.0512994901012 0.00122034730590 0.322507908164 0.0624176135111 0.273914432223 0.111278073726 0.0562633089985 -0.342073429487 -0.0691515572192 0.206676353968 0.226882653488 0.0697128606310 0.169911040787 0.0716344690536
# log_N_year1_devs:
 0.172267723174 0.0404181586463 -0.0442961489163 -0.384936614048 -0.00466905581807 0.113942564500 -0.109610266491 -0.218723863783 -0.209689677359 -0.0747047850750 -0.235444847337
# log_q_year1:
 -7.99227021112
# log_q_devs:
 0.00000000000 0.00000000000 0.00000000000 0.00000000000 0.00000000000 0.00000000000 0.00000000000 0.00000000000 0.00000000000 0.00000000000 0.00000000000 0.00000000000 0.00000000000 0.00000000000 0.00000000000 0.00000000000 0.00000000000 0.00000000000 0.00000000000 0.00000000000 0.00000000000 0.00000000000 0.00000000000 0.00000000000 0.00000000000 0.00000000000 0.00000000000 0.00000000000 0.00000000000
# index_sel_params[1]:
1.55279446586
# index_sel_params[2]:
0.530944918008
# log_SR_scaler:
6.97081179511
# SR_steepness:
0.750000000000
