# Number of parameters = 77  Objective function value = 26384.3  Maximum gradient component = 0.00141871
# sel_params[1]:
2.03861326284
# sel_params[2]:
1.03234641735
# log_Fmult_year1:
 -4.67908492694
# log_Fmult_devs:
 1.06674679739 0.482134786259 0.308647831741 -0.230875615993 0.602429866323 0.0101142465093 0.737973174898 -0.526247618100 0.198518725154 0.129395333903 0.0940189364075 -0.332054850287 0.381604418763 0.0542259979007 -0.101669743389 0.672677806819 -0.186954095596 -0.00825501332533 -0.0204174144595 0.309782987537 -0.336172925157 0.492580513327 -0.205224729909 -0.00689889188678 -0.101416248519 -0.0175389323609 0.336656063080 -0.261896312030 0.422106813093
# log_recruit_devs:
 0.0701079773724 -0.0278670424905 -0.169140461064 -0.123463839612 -0.268969550459 0.112768499861 0.0957277293765 -0.0943044399822 0.277701426270 0.212104368587 -0.0336530174755 -0.203527351209 -0.202927477665 0.0345995038396 -0.192047116712 -0.0448721754272 0.0585006108337 0.268635112279 0.213314918404 0.335031308206 0.188831582364 -0.201323041253 0.109452370525 0.0486969151086 -0.0214650780966 0.0327197619738 -0.264525740802 -0.154233794750 -0.348695013320 0.292823055316
# log_N_year1_devs:
 -0.0357687919270 0.177197341445 0.0341692723137 -0.0268961997022 -0.0936708515178 -0.204702585128 9.09433625615e-005 0.00447510945453 -0.0615449488571 -0.432417000511 -0.0149119853360
# log_q_year1:
 -7.96743964689
# log_q_devs:
 0.00000000000 0.00000000000 0.00000000000 0.00000000000 0.00000000000 0.00000000000 0.00000000000 0.00000000000 0.00000000000 0.00000000000 0.00000000000 0.00000000000 0.00000000000 0.00000000000 0.00000000000 0.00000000000 0.00000000000 0.00000000000 0.00000000000 0.00000000000 0.00000000000 0.00000000000 0.00000000000 0.00000000000 0.00000000000 0.00000000000 0.00000000000 0.00000000000 0.00000000000
# index_sel_params[1]:
1.47629486357
# index_sel_params[2]:
0.474459902608
# log_SR_scaler:
6.88357798917
# SR_steepness:
0.750000000000
