# Number of parameters = 77  Objective function value = 26433.1  Maximum gradient component = 0.000438208
# sel_params[1]:
1.97454532034
# sel_params[2]:
1.01808748666
# log_Fmult_year1:
 -4.64178632863
# log_Fmult_devs:
 1.04480620161 0.502360653792 0.302791388041 -0.220651565248 0.578914466587 0.0104788556046 0.752000365429 -0.542027740654 0.192816241224 0.121922514998 0.0717820467710 -0.323649243403 0.368045487014 0.0603720975356 -0.119863708894 0.668779931488 -0.198092457795 -0.0220884437121 -0.00500595489497 0.320881034433 -0.335048759927 0.502878108015 -0.189864897915 -0.00264330748598 -0.0883175756915 -0.0244292319522 0.356584986884 -0.269097141533 0.434586085459
# log_recruit_devs:
 0.0288004179807 0.0214064880839 -0.196187064081 0.0661056514903 -0.178793954477 0.264533445714 0.0911194087230 -0.0671311969565 -0.0286430902594 -0.0688797103520 -0.0875794905407 0.140646940702 -0.172629034931 -0.0949845351019 0.0938688869468 0.0717286726278 0.186254837448 -0.130184657259 -0.115841430805 0.0823599146124 0.322673900667 -0.170968031391 0.149535563993 -0.0204873068492 0.00859896113038 -0.111460693728 0.0991370623083 -0.169328018377 -0.121565937678 0.107894000358
# log_N_year1_devs:
 -0.0358126932361 0.00731318697005 -0.0526941621009 0.0505410076706 0.0673670362473 -0.118753920553 0.0637043376130 -0.211716873587 -0.188826693645 0.0962447266141 -0.252317528244
# log_q_year1:
 -7.94341475723
# log_q_devs:
 0.00000000000 0.00000000000 0.00000000000 0.00000000000 0.00000000000 0.00000000000 0.00000000000 0.00000000000 0.00000000000 0.00000000000 0.00000000000 0.00000000000 0.00000000000 0.00000000000 0.00000000000 0.00000000000 0.00000000000 0.00000000000 0.00000000000 0.00000000000 0.00000000000 0.00000000000 0.00000000000 0.00000000000 0.00000000000 0.00000000000 0.00000000000 0.00000000000 0.00000000000
# index_sel_params[1]:
1.43774352693
# index_sel_params[2]:
0.472976490795
# log_SR_scaler:
6.88320048849
# SR_steepness:
0.750000000000
