# Number of parameters = 77  Objective function value = 26377.6  Maximum gradient component = 0.00293315
# sel_params[1]:
1.89350780604
# sel_params[2]:
0.947365566847
# log_Fmult_year1:
 -4.67122579275
# log_Fmult_devs:
 1.06640317538 0.505894291906 0.309941944752 -0.238992574897 0.578422390994 -0.00590050795245 0.745652536609 -0.542734683858 0.186887752977 0.136784444706 0.0680295218469 -0.317739168429 0.386612778338 0.0595661848539 -0.0999432507560 0.669014837222 -0.210584899343 -0.0106606581345 -0.0177014973388 0.318097111482 -0.315233148994 0.504539384715 -0.202202689117 -0.0238894235345 -0.103685093753 -0.0209026600841 0.333906297020 -0.284254748501 0.423172330649
# log_recruit_devs:
 -0.0448025677600 -0.146145291765 -0.280835242327 0.154945347239 0.0190566269857 0.324973650715 0.325456087565 -0.167202477093 -0.00211770538369 -0.0532965327529 -0.142710773855 -0.127632855161 -0.193781688677 0.0275537772999 0.136197540619 -0.0895267802641 0.0286010663340 0.0348520022000 -0.0346095894409 0.152355270815 -0.135473157583 0.0930029518178 -0.130376425090 0.0742280935090 -0.328647206784 0.178979346391 0.183598384392 0.285974728336 -0.141678593851 -0.000937986430950
# log_N_year1_devs:
 -0.0298080126625 -0.0132164024711 -0.0698718107092 0.00702239967269 0.0621365241263 -0.119817170556 0.0567928894118 -0.285694930215 -0.525206262080 0.411926959757 -0.208686057646
# log_q_year1:
 -7.95400759679
# log_q_devs:
 0.00000000000 0.00000000000 0.00000000000 0.00000000000 0.00000000000 0.00000000000 0.00000000000 0.00000000000 0.00000000000 0.00000000000 0.00000000000 0.00000000000 0.00000000000 0.00000000000 0.00000000000 0.00000000000 0.00000000000 0.00000000000 0.00000000000 0.00000000000 0.00000000000 0.00000000000 0.00000000000 0.00000000000 0.00000000000 0.00000000000 0.00000000000 0.00000000000 0.00000000000
# index_sel_params[1]:
1.50067248844
# index_sel_params[2]:
0.522763257206
# log_SR_scaler:
6.90456365708
# SR_steepness:
0.750000000000
