# Number of parameters = 77  Objective function value = 26318.1  Maximum gradient component = 0.00223387
# sel_params[1]:
1.96157001165
# sel_params[2]:
1.01012093091
# log_Fmult_year1:
 -4.65140049236
# log_Fmult_devs:
 1.06870673704 0.482117870463 0.314860726040 -0.232295259805 0.577493930576 0.0152836175501 0.733876618546 -0.523948415892 0.188246784517 0.132023695386 0.0819953906505 -0.325957960508 0.378983950971 0.0574867527800 -0.0962390695071 0.661266727432 -0.211095573472 -0.0102430158601 -0.0207981155046 0.319014677800 -0.309503342187 0.500519677424 -0.187134596709 -0.00184397795260 -0.0814901764660 -0.0271507080733 0.341254074086 -0.254174850411 0.452189002928
# log_recruit_devs:
 0.0744260850150 -0.222884765785 -0.121386310958 -0.188104663197 -0.0338280233491 0.0252570611362 0.183088022938 0.232462110784 0.108695658139 -0.148283197843 0.0552424048359 0.109319727906 -0.130521738870 0.0150084611850 0.332235360231 0.231678958082 -0.0600038674471 0.0198191396942 -0.380169358435 -0.308347226949 0.265819774165 -0.153301923041 -0.0143717913687 -0.234990041236 0.274956528965 -0.0824642292307 0.0164898075328 -0.0357897965258 0.286373708558 -0.116425874932
# log_N_year1_devs:
 0.0493674576377 0.0138265377305 0.0641744290004 -0.108702619323 -0.180557710281 0.00349213110921 -0.155972155793 -0.0513400618179 -0.213517259727 -0.204347034176 -0.102821457929
# log_q_year1:
 -7.90874553998
# log_q_devs:
 0.00000000000 0.00000000000 0.00000000000 0.00000000000 0.00000000000 0.00000000000 0.00000000000 0.00000000000 0.00000000000 0.00000000000 0.00000000000 0.00000000000 0.00000000000 0.00000000000 0.00000000000 0.00000000000 0.00000000000 0.00000000000 0.00000000000 0.00000000000 0.00000000000 0.00000000000 0.00000000000 0.00000000000 0.00000000000 0.00000000000 0.00000000000 0.00000000000 0.00000000000
# index_sel_params[1]:
1.52476076602
# index_sel_params[2]:
0.535131660180
# log_SR_scaler:
6.88477347432
# SR_steepness:
0.750000000000
