# Number of parameters = 77  Objective function value = 26287.4  Maximum gradient component = 0.000581518
# sel_params[1]:
1.98020488166
# sel_params[2]:
0.980963224129
# log_Fmult_year1:
 -4.70031002865
# log_Fmult_devs:
 1.06350173950 0.511409312663 0.303554529105 -0.216947840001 0.604848948976 0.0155239353159 0.744362740441 -0.535317490709 0.198077962814 0.133317275420 0.0648925325459 -0.324682950390 0.380133563380 0.0632536914168 -0.107679081336 0.655203572922 -0.207761167622 -0.0130522074053 -0.0123867876216 0.327204181406 -0.326363355184 0.508631410201 -0.202301598104 -0.0149565537948 -0.0996271797292 -0.0259198972362 0.336329760091 -0.307860375210 0.379264453922
# log_recruit_devs:
 -0.0887055455165 0.107794773601 -0.164661724046 0.144886909851 0.0944008703268 0.294629248925 0.262623778760 0.00745894290978 -0.229411086395 -0.185445333658 0.101633904266 -0.259085708678 0.0922128805546 -0.0980188708579 0.0191744925713 -0.300132817518 -0.0469006721878 -0.158066028288 0.0183197381216 0.139255969150 0.242730794673 0.247614925310 0.125917063327 -0.0106387584489 0.397228915719 0.0974153819383 -0.105907428053 -0.252872845144 -0.323070923418 -0.170380847797
# log_N_year1_devs:
 0.0451721772116 0.0153254851239 -0.0520023228644 0.00403694563314 -0.153839804692 -0.201495843142 -0.0651739327871 -0.0323595246285 -0.0530095171593 0.249572501615 -0.0309886435882
# log_q_year1:
 -8.02237935884
# log_q_devs:
 0.00000000000 0.00000000000 0.00000000000 0.00000000000 0.00000000000 0.00000000000 0.00000000000 0.00000000000 0.00000000000 0.00000000000 0.00000000000 0.00000000000 0.00000000000 0.00000000000 0.00000000000 0.00000000000 0.00000000000 0.00000000000 0.00000000000 0.00000000000 0.00000000000 0.00000000000 0.00000000000 0.00000000000 0.00000000000 0.00000000000 0.00000000000 0.00000000000 0.00000000000
# index_sel_params[1]:
1.49692073670
# index_sel_params[2]:
0.487462183278
# log_SR_scaler:
6.99394679579
# SR_steepness:
0.750000000000
