# Number of parameters = 77  Objective function value = 26560.7  Maximum gradient component = 0.00349234
# sel_params[1]:
3.75220475537
# sel_params[2]:
0.887414244334
# log_Fmult_year1:
 -4.24106094911
# log_Fmult_devs:
 1.00772204370 0.444769648210 0.279275691939 -0.277828204683 0.562968068761 -0.0130452380556 0.735193250341 -0.534848440271 0.199809420648 0.131574270083 0.0575479171817 -0.337486476467 0.352268658833 0.0383166302821 -0.139984757919 0.677975761672 -0.198431137757 -0.0106325091281 -0.0133630061396 0.329304465390 -0.311162379103 0.479948837423 -0.193853946821 -0.0202545344304 -0.0908784294396 -0.0243389520516 0.344028412455 -0.263500787960 0.450470892007
# log_recruit_devs:
 -0.197600642440 0.215505605313 -0.0858206241633 -0.300946580984 0.258301518637 0.143987887183 -0.121233914723 0.0607252975754 -0.0562226223576 0.116948486790 0.128905856320 0.000404894439304 -0.00850720939471 0.0755025445853 -0.0691945059483 0.105252476200 0.153603917152 -0.109358752769 -0.00507932868783 -0.181880270244 0.165641746425 0.227882040493 -0.0379236069293 -0.217838313462 0.135135489262 -0.290298396251 -0.0693574164826 0.0300673821723 0.150059458846 -0.216662416557
# log_N_year1_devs:
 -0.281961180250 -0.278262578044 -0.393160961867 -0.418349047623 -0.434118350862 -0.459544148854 -0.632453320340 -1.10448677708 -0.615667318476 -1.14563375072 -1.23650504991
# log_q_year1:
 -7.80895641657
# log_q_devs:
 0.00000000000 0.00000000000 0.00000000000 0.00000000000 0.00000000000 0.00000000000 0.00000000000 0.00000000000 0.00000000000 0.00000000000 0.00000000000 0.00000000000 0.00000000000 0.00000000000 0.00000000000 0.00000000000 0.00000000000 0.00000000000 0.00000000000 0.00000000000 0.00000000000 0.00000000000 0.00000000000 0.00000000000 0.00000000000 0.00000000000 0.00000000000 0.00000000000 0.00000000000
# index_sel_params[1]:
1.94535565764
# index_sel_params[2]:
0.641103330859
# log_SR_scaler:
6.84960849202
# SR_steepness:
0.750000000000
