#styr												
1
#endyr												
30
#rec_age										
1															
#n_ages										
12
# numbers of length intervals
81
#Length	bin
10	11	12	13	14	15	16	17	18	19	20	21	22	23	24	25	26	27	28	29	30	31	32	33	34	35	36	37	38	39	40	41	42	43	44	45	46	47	48	49	50	51	52	53	54	55	56	57	58	59	60	61	62	63	64	65	66	67	68	69	70	71	72	73	74	75	76	77	78	79	80	81	82	83	84	85	86	87	88	89	90
#nfsh
1
#names_fsh
FLEET1												
#catch												
159.214163195943	458.401019998271	736.948775610012	958.421410829544	721.86732280617	1232.42670377893	1172.78115292167	2302.66263292408	1242.26270053009	1427.30338641058	1528.99584585409	1510.59612608619	1032.18479569902	1429.86934549032	1405.89821651141	1203.91259645674	2132.42987995318	1520.92779128385	1389.89501042678	1290.2115700311	1637.57017444062	1115.44309498111	1694.32110971555	1235.20627147726	1129.53699471891	981.231764742204	957.991036475527	1314.77253194117	977.253830809907	1430.49722081012
#catch_cv											
0.01	0.01	0.01	0.01	0.01	0.01	0.01	0.01	0.01	0.01	0.01	0.01	0.01	0.01	0.01	0.01	0.01	0.01	0.01	0.01	0.01	0.01	0.01	0.01	0.01	0.01	0.01	0.01	0.01	0.01
#n_ages_fsh								
30		
#n_lengths_fsh								
0															
#yrs_ages_fsh								
1	2	3	4	5	6	7	8	9	10	11	12	13	14	15	16	17	18	19	20	21	22	23	24	25	26	27	28	29	30	
#sample_ages_fsh							
200	200	200	200	200	200	200	200	200	200	200	200	200	200	200	200	200	200	200	200	200	200	200	200	200	200	200	200	200	200
#page_fsh	2	3	4	5	6	7	8	9	10	11						
0.075	0.1	0.125	0.095	0.145	0.135	0.055	0.045	0.04	0.015	0.055	0.115
0.06	0.11	0.055	0.12	0.1	0.095	0.1	0.055	0.075	0.025	0.025	0.18
0.08	0.095	0.1	0.15	0.1	0.1	0.08	0.04	0.065	0.065	0.005	0.12
0.075	0.075	0.1	0.105	0.13	0.065	0.085	0.07	0.06	0.04	0.05	0.145
0.05	0.16	0.085	0.13	0.12	0.085	0.08	0.045	0.02	0.04	0.045	0.14
0.135	0.115	0.155	0.085	0.09	0.095	0.07	0.05	0.06	0.03	0.02	0.095
0.11	0.155	0.1	0.17	0.09	0.05	0.045	0.05	0.065	0.035	0.055	0.075
0.08	0.19	0.16	0.105	0.125	0.05	0.04	0.07	0.04	0.025	0.03	0.085
0.09	0.115	0.2	0.12	0.12	0.07	0.06	0.03	0.03	0.015	0.05	0.1
0.06	0.175	0.11	0.165	0.12	0.1	0.055	0.02	0.05	0.035	0.03	0.08
0.065	0.17	0.135	0.115	0.14	0.13	0.045	0.03	0.015	0.025	0.03	0.1
0.075	0.145	0.15	0.145	0.06	0.1	0.09	0.05	0.05	0.04	0	0.095
0.095	0.17	0.13	0.12	0.115	0.075	0.065	0.05	0.06	0.045	0.015	0.06
0.085	0.08	0.18	0.16	0.09	0.095	0.055	0.055	0.065	0.02	0.02	0.095
0.15	0.205	0.16	0.09	0.1	0.065	0.06	0.03	0.035	0.04	0.015	0.05
0.12	0.155	0.175	0.14	0.095	0.05	0.04	0.035	0.035	0.045	0.045	0.065
0.145	0.125	0.22	0.15	0.1	0.055	0.045	0.045	0.03	0.015	0.025	0.045
0.095	0.14	0.2	0.18	0.1	0.07	0.05	0.03	0.04	0.015	0.02	0.06
0.1	0.215	0.2	0.115	0.135	0.035	0.065	0.045	0.025	0.02	0.015	0.03
0.15	0.135	0.205	0.13	0.08	0.125	0.065	0.025	0.015	0.01	0.02	0.04
0.095	0.235	0.195	0.17	0.095	0.055	0.055	0.035	0.01	0.025	0.005	0.025
0.165	0.18	0.195	0.14	0.125	0.065	0.02	0.05	0.025	0.01	0.005	0.02
0.16	0.23	0.14	0.185	0.075	0.035	0.08	0.03	0.015	0.005	0	0.045
0.13	0.18	0.235	0.13	0.12	0.06	0.035	0.06	0.015	0.025	0.005	0.005
0.095	0.265	0.17	0.215	0.075	0.055	0.05	0.03	0.02	0	0.015	0.01
0.19	0.12	0.235	0.16	0.105	0.045	0.035	0.04	0.03	0.015	0	0.025
0.21	0.205	0.145	0.19	0.085	0.045	0.02	0.045	0.02	0.01	0.005	0.02
0.215	0.23	0.2	0.095	0.115	0.065	0.045	0.01	0.005	0	0.015	0.005
0.12	0.285	0.23	0.18	0.04	0.07	0.015	0.015	0.005	0.02	0	0.02
0.13	0.135	0.32	0.205	0.1	0.04	0.025	0.02	0	0	0.005	0.02
#wt_age_fsh	1 2	3	4	5	6	7	8	9	10	11						
0.000530656	0.001196328	0.002058265	0.003034987	0.004055212	0.005064698	0.006026226	0.006916921	0.007724891	0.008446113	0.009081853	0.009636695
0.000530656	0.001196328	0.002058265	0.003034987	0.004055212	0.005064698	0.006026226	0.006916921	0.007724891	0.008446113	0.009081853	0.009636695
0.000530656	0.001196328	0.002058265	0.003034987	0.004055212	0.005064698	0.006026226	0.006916921	0.007724891	0.008446113	0.009081853	0.009636695
0.000530656	0.001196328	0.002058265	0.003034987	0.004055212	0.005064698	0.006026226	0.006916921	0.007724891	0.008446113	0.009081853	0.009636695
0.000530656	0.001196328	0.002058265	0.003034987	0.004055212	0.005064698	0.006026226	0.006916921	0.007724891	0.008446113	0.009081853	0.009636695
0.000530656	0.001196328	0.002058265	0.003034987	0.004055212	0.005064698	0.006026226	0.006916921	0.007724891	0.008446113	0.009081853	0.009636695
0.000530656	0.001196328	0.002058265	0.003034987	0.004055212	0.005064698	0.006026226	0.006916921	0.007724891	0.008446113	0.009081853	0.009636695
0.000530656	0.001196328	0.002058265	0.003034987	0.004055212	0.005064698	0.006026226	0.006916921	0.007724891	0.008446113	0.009081853	0.009636695
0.000530656	0.001196328	0.002058265	0.003034987	0.004055212	0.005064698	0.006026226	0.006916921	0.007724891	0.008446113	0.009081853	0.009636695
0.000530656	0.001196328	0.002058265	0.003034987	0.004055212	0.005064698	0.006026226	0.006916921	0.007724891	0.008446113	0.009081853	0.009636695
0.000530656	0.001196328	0.002058265	0.003034987	0.004055212	0.005064698	0.006026226	0.006916921	0.007724891	0.008446113	0.009081853	0.009636695
0.000530656	0.001196328	0.002058265	0.003034987	0.004055212	0.005064698	0.006026226	0.006916921	0.007724891	0.008446113	0.009081853	0.009636695
0.000530656	0.001196328	0.002058265	0.003034987	0.004055212	0.005064698	0.006026226	0.006916921	0.007724891	0.008446113	0.009081853	0.009636695
0.000530656	0.001196328	0.002058265	0.003034987	0.004055212	0.005064698	0.006026226	0.006916921	0.007724891	0.008446113	0.009081853	0.009636695
0.000530656	0.001196328	0.002058265	0.003034987	0.004055212	0.005064698	0.006026226	0.006916921	0.007724891	0.008446113	0.009081853	0.009636695
0.000530656	0.001196328	0.002058265	0.003034987	0.004055212	0.005064698	0.006026226	0.006916921	0.007724891	0.008446113	0.009081853	0.009636695
0.000530656	0.001196328	0.002058265	0.003034987	0.004055212	0.005064698	0.006026226	0.006916921	0.007724891	0.008446113	0.009081853	0.009636695
0.000530656	0.001196328	0.002058265	0.003034987	0.004055212	0.005064698	0.006026226	0.006916921	0.007724891	0.008446113	0.009081853	0.009636695
0.000530656	0.001196328	0.002058265	0.003034987	0.004055212	0.005064698	0.006026226	0.006916921	0.007724891	0.008446113	0.009081853	0.009636695
0.000530656	0.001196328	0.002058265	0.003034987	0.004055212	0.005064698	0.006026226	0.006916921	0.007724891	0.008446113	0.009081853	0.009636695
0.000530656	0.001196328	0.002058265	0.003034987	0.004055212	0.005064698	0.006026226	0.006916921	0.007724891	0.008446113	0.009081853	0.009636695
0.000530656	0.001196328	0.002058265	0.003034987	0.004055212	0.005064698	0.006026226	0.006916921	0.007724891	0.008446113	0.009081853	0.009636695
0.000530656	0.001196328	0.002058265	0.003034987	0.004055212	0.005064698	0.006026226	0.006916921	0.007724891	0.008446113	0.009081853	0.009636695
0.000530656	0.001196328	0.002058265	0.003034987	0.004055212	0.005064698	0.006026226	0.006916921	0.007724891	0.008446113	0.009081853	0.009636695
0.000530656	0.001196328	0.002058265	0.003034987	0.004055212	0.005064698	0.006026226	0.006916921	0.007724891	0.008446113	0.009081853	0.009636695
0.000530656	0.001196328	0.002058265	0.003034987	0.004055212	0.005064698	0.006026226	0.006916921	0.007724891	0.008446113	0.009081853	0.009636695
0.000530656	0.001196328	0.002058265	0.003034987	0.004055212	0.005064698	0.006026226	0.006916921	0.007724891	0.008446113	0.009081853	0.009636695
0.000530656	0.001196328	0.002058265	0.003034987	0.004055212	0.005064698	0.006026226	0.006916921	0.007724891	0.008446113	0.009081853	0.009636695
0.000530656	0.001196328	0.002058265	0.003034987	0.004055212	0.005064698	0.006026226	0.006916921	0.007724891	0.008446113	0.009081853	0.009636695
0.000530656	0.001196328	0.002058265	0.003034987	0.004055212	0.005064698	0.006026226	0.006916921	0.007724891	0.008446113	0.009081853	0.009636695
#nind
1
#ind_names									
SURVEY1									
#nobs_ind
30
#yrs_ind											
1	2	3	4	5	6	7	8	9	10	11	12	13	14	15	16	17	18	19	20	21	22	23	24	25	26	27	28	29	30	
#month_ind										
1															
#biom_ind											
1.57667792397656	1.55721831163704	1.52067241815382	1.39135845339643	1.07763732769849	1.31335513622052	1.44064153907213	1.31113690228944	1.17094331233536	1.31861280768695	1.02310920514734	1.09868661564631	0.869467225019152	0.997924585729097	1.21380082910036	0.85905516129124	0.967890835417673	0.981924639686532	0.850997315428347	0.751212212796353	0.884312195478397	0.768164094815028	0.617169074339088	0.587745367004984	0.629366480579859	0.553608371154603	0.599963012856211	0.664821554249562	0.633722752976155	0.642908370010989
#biom_cv																
0.315335584795313	0.311443662327408	0.304134483630763	0.278271690679287	0.215527465539698	0.262671027244105	0.288128307814427	0.262227380457888	0.234188662467071	0.263722561537389	0.204621841029468	0.219737323129262	0.17389344500383	0.199584917145819	0.242760165820071	0.171811032258248	0.193578167083535	0.196384927937306	0.170199463085669	0.150242442559271	0.176862439095679	0.153632818963006	0.123433814867818	0.117549073400997	0.125873296115972	0.110721674230921	0.119992602571242	0.132964310849912	0.126744550595231	0.128581674002198
#n_ages_ind															
30			
#n_lengths_ind															
0															
#yrs_ages_ind															
1	2	3	4	5	6	7	8	9	10	11	12	13	14	15	16	17	18	19	20	21	22	23	24	25	26	27	28	29	30	
#sample_ages_ind					
200	200	200	200	200	200	200	200	200	200	200	200	200	200	200	200	200	200	200	200	200	200	200	200	200	200	200	200	200	200
#page_ind						
0.07	0.13	0.115	0.11	0.1	0.105	0.045	0.065	0.05	0.02	0.05	0.14
0.065	0.13	0.165	0.13	0.09	0.05	0.085	0.08	0.05	0.02	0.03	0.105
0.03	0.105	0.145	0.135	0.095	0.065	0.09	0.06	0.05	0.03	0.05	0.145
0.055	0.12	0.14	0.105	0.08	0.125	0.065	0.085	0.055	0.005	0.025	0.14
0.11	0.175	0.115	0.11	0.105	0.07	0.075	0.06	0.035	0.03	0.025	0.09
0.085	0.15	0.195	0.095	0.07	0.055	0.085	0.03	0.05	0.02	0.015	0.15
0.08	0.215	0.115	0.14	0.055	0.12	0.06	0.055	0.045	0.015	0.02	0.08
0.035	0.19	0.195	0.115	0.14	0.06	0.03	0.015	0.045	0.02	0.04	0.115
0.11	0.1	0.205	0.17	0.13	0.085	0.035	0.045	0.02	0.025	0.03	0.045
0.07	0.145	0.15	0.215	0.15	0.05	0.055	0.015	0.02	0.04	0.015	0.075
0.05	0.19	0.15	0.11	0.165	0.08	0.075	0.04	0.025	0.02	0.03	0.065
0.06	0.165	0.15	0.125	0.1	0.12	0.075	0.03	0.035	0.02	0.02	0.1
0.09	0.185	0.155	0.19	0.05	0.075	0.075	0.055	0.045	0.02	0.015	0.045
0.06	0.145	0.185	0.155	0.11	0.09	0.055	0.065	0.035	0.015	0.02	0.065
0.085	0.245	0.125	0.13	0.115	0.065	0.06	0.04	0.025	0.025	0.02	0.065
0.1	0.175	0.21	0.145	0.105	0.065	0.035	0.03	0.005	0.02	0.055	0.055
0.055	0.18	0.22	0.175	0.09	0.045	0.025	0.045	0.055	0.025	0.02	0.065
0.135	0.215	0.185	0.165	0.11	0.035	0.04	0.03	0.015	0.025	0.01	0.035
0.14	0.225	0.18	0.14	0.08	0.065	0.03	0.025	0.025	0.01	0.025	0.055
0.105	0.205	0.225	0.165	0.1	0.055	0.015	0.04	0.005	0.025	0.01	0.05
0.17	0.185	0.21	0.14	0.075	0.065	0.045	0.04	0.015	0.025	0.005	0.025
0.1	0.185	0.35	0.155	0.06	0.05	0.035	0.035	0.01	0.005	0	0.015
0.085	0.225	0.23	0.17	0.1	0.085	0.04	0	0.03	0.005	0.01	0.02
0.115	0.185	0.295	0.155	0.11	0.03	0.025	0.04	0.015	0.01	0.01	0.01
0.095	0.325	0.195	0.12	0.075	0.065	0.04	0.025	0.035	0.005	0.01	0.01
0.17	0.215	0.215	0.12	0.125	0.04	0.06	0.015	0.005	0.015	0.01	0.01
0.115	0.32	0.145	0.175	0.08	0.09	0.005	0.03	0.02	0.01	0.005	0.005
0.155	0.26	0.24	0.135	0.08	0.035	0.03	0.02	0.005	0.02	0.01	0.01
0.125	0.255	0.235	0.145	0.07	0.07	0.05	0.035	0	0.005	0	0.01
0.14	0.215	0.22	0.155	0.16	0.03	0.04	0.015	0	0.005	0.005	0.015
#wt_age_ind						
1 1 1 1 1 1 1 1 1 1 1 1 
1 1 1 1 1 1 1 1 1 1 1 1 
1 1 1 1 1 1 1 1 1 1 1 1 
1 1 1 1 1 1 1 1 1 1 1 1 
1 1 1 1 1 1 1 1 1 1 1 1 
1 1 1 1 1 1 1 1 1 1 1 1 
1 1 1 1 1 1 1 1 1 1 1 1 
1 1 1 1 1 1 1 1 1 1 1 1 
1 1 1 1 1 1 1 1 1 1 1 1 
1 1 1 1 1 1 1 1 1 1 1 1 
1 1 1 1 1 1 1 1 1 1 1 1 
1 1 1 1 1 1 1 1 1 1 1 1 
1 1 1 1 1 1 1 1 1 1 1 1 
1 1 1 1 1 1 1 1 1 1 1 1 
1 1 1 1 1 1 1 1 1 1 1 1 
1 1 1 1 1 1 1 1 1 1 1 1 
1 1 1 1 1 1 1 1 1 1 1 1 
1 1 1 1 1 1 1 1 1 1 1 1 
1 1 1 1 1 1 1 1 1 1 1 1 
1 1 1 1 1 1 1 1 1 1 1 1 
1 1 1 1 1 1 1 1 1 1 1 1 
1 1 1 1 1 1 1 1 1 1 1 1 
1 1 1 1 1 1 1 1 1 1 1 1 
1 1 1 1 1 1 1 1 1 1 1 1 
1 1 1 1 1 1 1 1 1 1 1 1 
1 1 1 1 1 1 1 1 1 1 1 1 
1 1 1 1 1 1 1 1 1 1 1 1 
1 1 1 1 1 1 1 1 1 1 1 1 
1 1 1 1 1 1 1 1 1 1 1 1 
1 1 1 1 1 1 1 1 1 1 1 1 
# wt_pop
0.000530656	0.001196328	0.002058265	0.003034987	0.004055212	0.005064698	0.006026226	0.006916921	0.007724891	0.008446113	0.009081853	0.009636695
#maturity
0.02297737 0.32082130 0.90465054 0.99477987 0.99973881 0.99998699 0.99999935 0.99999997 1 1 1 1
#spmonth						
1		
#age_err						
1	0	0	0	0	0	0	0	0	0	0	0
0	1	0	0	0	0	0	0	0	0	0	0
0	0	1	0	0	0	0	0	0	0	0	0
0	0	0	1	0	0	0	0	0	0	0	0
0	0	0	0	1	0	0	0	0	0	0	0
0	0	0	0	0	1	0	0	0	0	0	0
0	0	0	0	0	0	1	0	0	0	0	0
0	0	0	0	0	0	0	1	0	0	0	0
0	0	0	0	0	0	0	0	1	0	0	0
0	0	0	0	0	0	0	0	0	1	0	0
0	0	0	0	0	0	0	0	0	0	1	0
0	0	0	0	0	0	0	0	0	0	0	1																														
