# Number of parameters = 77  Objective function value = 26326.8  Maximum gradient component = 0.00160178
# sel_params[1]:
2.03677636450
# sel_params[2]:
1.02906310829
# log_Fmult_year1:
 -4.60556061930
# log_Fmult_devs:
 1.06502851256 0.500023478704 0.292635747875 -0.230944285096 0.586080199918 0.0136126611702 0.755695136239 -0.547497188814 0.193078772425 0.128402571154 0.0691526477922 -0.329937439690 0.381765409898 0.0552533921653 -0.109726575259 0.664693121626 -0.211674527064 -0.0100707114873 -0.0227715015484 0.316871847999 -0.306886997940 0.522584977369 -0.193628415197 -0.00565571846226 -0.0851684218167 -0.0203901173439 0.356888683675 -0.268788651586 0.447027561594
# log_recruit_devs:
 0.0191626820651 -0.352826417131 -0.0650388497347 -0.00855084181125 -0.0505173512687 0.332354600260 0.0770846620824 0.0228831794482 0.213660250581 0.0908080970600 0.0339229443914 0.159817593478 0.337948626224 -0.201879207533 0.191267175323 0.138302485368 -0.00385771799258 -0.201064848806 0.163021633886 0.202249471937 -0.534716782728 -0.117106968232 -0.158515530334 -0.0313834626339 -0.0851440903211 -0.132488088252 0.0433733464209 -0.0868975056860 0.0731865982113 -0.0690556842712
# log_N_year1_devs:
 -0.0577822825971 -0.0767798335952 -0.0927490533289 -0.0480722930168 -0.106188123453 -0.107351907553 0.0270419362721 0.0606095810925 -0.247945140914 -0.0302889068440 -0.296638789389
# log_q_year1:
 -7.95646634284
# log_q_devs:
 0.00000000000 0.00000000000 0.00000000000 0.00000000000 0.00000000000 0.00000000000 0.00000000000 0.00000000000 0.00000000000 0.00000000000 0.00000000000 0.00000000000 0.00000000000 0.00000000000 0.00000000000 0.00000000000 0.00000000000 0.00000000000 0.00000000000 0.00000000000 0.00000000000 0.00000000000 0.00000000000 0.00000000000 0.00000000000 0.00000000000 0.00000000000 0.00000000000 0.00000000000
# index_sel_params[1]:
1.50140349796
# index_sel_params[2]:
0.527495922085
# log_SR_scaler:
6.93152850502
# SR_steepness:
0.750000000000
