#styr												
1
#endyr												
30
#rec_age										
1															
#n_ages										
12
# numbers of length intervals
81
#Length	bin
10	11	12	13	14	15	16	17	18	19	20	21	22	23	24	25	26	27	28	29	30	31	32	33	34	35	36	37	38	39	40	41	42	43	44	45	46	47	48	49	50	51	52	53	54	55	56	57	58	59	60	61	62	63	64	65	66	67	68	69	70	71	72	73	74	75	76	77	78	79	80	81	82	83	84	85	86	87	88	89	90
#nfsh
1
#names_fsh
FLEET1												
#catch												
110.496664146841	316.564119559815	513.454357895112	675.064011013774	523.138432011906	902.537650052686	887.153565399566	1750.9672391318	980.039743886158	1161.74951871226	1290.05724841456	1336.44933998782	960.698918493965	1379.14847466243	1407.16713888572	1201.47397210597	2165.65766825484	1620.63757490744	1496.57965943381	1400.52030487159	1782.36441344994	1226.47465501766	1862.18665480602	1348.37624871664	1248.55103031123	1113.62102777137	1144.55876963124	1642.06492150656	1270.17327018503	1854.36043864132
#catch_cv											
0.01	0.01	0.01	0.01	0.01	0.01	0.01	0.01	0.01	0.01	0.01	0.01	0.01	0.01	0.01	0.01	0.01	0.01	0.01	0.01	0.01	0.01	0.01	0.01	0.01	0.01	0.01	0.01	0.01	0.01
#n_ages_fsh								
30		
#n_lengths_fsh								
0															
#yrs_ages_fsh								
1	2	3	4	5	6	7	8	9	10	11	12	13	14	15	16	17	18	19	20	21	22	23	24	25	26	27	28	29	30	
#sample_ages_fsh							
200	200	200	200	200	200	200	200	200	200	200	200	200	200	200	200	200	200	200	200	200	200	200	200	200	200	200	200	200	200
#page_fsh	2	3	4	5	6	7	8	9	10	11						
0.02	0.05	0.085	0.12	0.12	0.125	0.09	0.1	0.08	0.045	0.04	0.125
0.03	0.055	0.08	0.13	0.09	0.145	0.115	0.095	0.09	0.05	0.065	0.055
0.01	0.04	0.075	0.175	0.13	0.11	0.115	0.085	0.08	0.055	0.025	0.1
0.015	0.05	0.085	0.145	0.115	0.13	0.16	0.115	0.085	0.04	0.01	0.05
0.035	0.03	0.115	0.15	0.135	0.145	0.095	0.105	0.045	0.04	0.02	0.085
0.035	0.065	0.095	0.115	0.125	0.115	0.09	0.1	0.07	0.05	0.015	0.125
0.03	0.05	0.145	0.095	0.15	0.135	0.115	0.08	0.06	0.05	0.01	0.08
0.03	0.045	0.12	0.175	0.185	0.12	0.06	0.095	0.075	0.025	0.025	0.045
0.02	0.085	0.13	0.105	0.175	0.125	0.1	0.07	0.065	0.055	0.01	0.06
0.025	0.05	0.115	0.125	0.16	0.175	0.1	0.08	0.08	0.035	0.015	0.04
0.02	0.07	0.095	0.175	0.13	0.105	0.09	0.085	0.075	0.015	0.03	0.11
0.03	0.06	0.135	0.18	0.18	0.095	0.085	0.12	0.04	0.02	0.005	0.05
0.005	0.025	0.14	0.14	0.18	0.16	0.06	0.085	0.08	0.04	0.01	0.075
0.045	0.055	0.07	0.15	0.215	0.13	0.13	0.045	0.03	0.035	0.035	0.06
0.04	0.08	0.075	0.105	0.2	0.145	0.06	0.12	0.055	0.015	0.015	0.09
0.03	0.075	0.12	0.135	0.12	0.135	0.125	0.085	0.065	0.03	0.015	0.065
0.035	0.06	0.125	0.225	0.07	0.13	0.125	0.06	0.045	0.06	0.03	0.035
0.05	0.05	0.13	0.21	0.2	0.095	0.075	0.07	0.035	0.03	0.02	0.035
0.05	0.075	0.14	0.165	0.135	0.17	0.09	0.05	0.055	0.03	0.015	0.025
0.02	0.06	0.15	0.15	0.15	0.155	0.1	0.06	0.05	0.035	0.015	0.055
0.05	0.06	0.14	0.155	0.18	0.155	0.09	0.085	0.045	0.01	0	0.03
0.03	0.065	0.11	0.255	0.105	0.105	0.095	0.085	0.05	0.025	0.025	0.05
0.045	0.075	0.12	0.155	0.22	0.145	0.105	0.055	0.035	0.02	0.005	0.02
0.06	0.06	0.115	0.175	0.22	0.165	0.11	0.02	0.04	0.005	0.01	0.02
0.095	0.08	0.13	0.175	0.17	0.11	0.14	0.04	0.02	0.015	0.01	0.015
0.04	0.165	0.135	0.19	0.12	0.16	0.075	0.055	0.02	0.005	0.015	0.02
0.04	0.09	0.195	0.21	0.14	0.145	0.045	0.035	0.06	0.01	0.015	0.015
0.055	0.045	0.2	0.225	0.195	0.115	0.07	0.045	0.015	0.02	0.005	0.01
0.025	0.115	0.16	0.195	0.27	0.085	0.07	0.035	0.01	0.01	0.015	0.01
0.055	0.065	0.125	0.16	0.28	0.155	0.075	0.04	0.015	0	0.015	0.015
#wt_age_fsh	1 2	3	4	5	6	7	8	9	10	11						
0.000530656	0.001196328	0.002058265	0.003034987	0.004055212	0.005064698	0.006026226	0.006916921	0.007724891	0.008446113	0.009081853	0.009636695
0.000530656	0.001196328	0.002058265	0.003034987	0.004055212	0.005064698	0.006026226	0.006916921	0.007724891	0.008446113	0.009081853	0.009636695
0.000530656	0.001196328	0.002058265	0.003034987	0.004055212	0.005064698	0.006026226	0.006916921	0.007724891	0.008446113	0.009081853	0.009636695
0.000530656	0.001196328	0.002058265	0.003034987	0.004055212	0.005064698	0.006026226	0.006916921	0.007724891	0.008446113	0.009081853	0.009636695
0.000530656	0.001196328	0.002058265	0.003034987	0.004055212	0.005064698	0.006026226	0.006916921	0.007724891	0.008446113	0.009081853	0.009636695
0.000530656	0.001196328	0.002058265	0.003034987	0.004055212	0.005064698	0.006026226	0.006916921	0.007724891	0.008446113	0.009081853	0.009636695
0.000530656	0.001196328	0.002058265	0.003034987	0.004055212	0.005064698	0.006026226	0.006916921	0.007724891	0.008446113	0.009081853	0.009636695
0.000530656	0.001196328	0.002058265	0.003034987	0.004055212	0.005064698	0.006026226	0.006916921	0.007724891	0.008446113	0.009081853	0.009636695
0.000530656	0.001196328	0.002058265	0.003034987	0.004055212	0.005064698	0.006026226	0.006916921	0.007724891	0.008446113	0.009081853	0.009636695
0.000530656	0.001196328	0.002058265	0.003034987	0.004055212	0.005064698	0.006026226	0.006916921	0.007724891	0.008446113	0.009081853	0.009636695
0.000530656	0.001196328	0.002058265	0.003034987	0.004055212	0.005064698	0.006026226	0.006916921	0.007724891	0.008446113	0.009081853	0.009636695
0.000530656	0.001196328	0.002058265	0.003034987	0.004055212	0.005064698	0.006026226	0.006916921	0.007724891	0.008446113	0.009081853	0.009636695
0.000530656	0.001196328	0.002058265	0.003034987	0.004055212	0.005064698	0.006026226	0.006916921	0.007724891	0.008446113	0.009081853	0.009636695
0.000530656	0.001196328	0.002058265	0.003034987	0.004055212	0.005064698	0.006026226	0.006916921	0.007724891	0.008446113	0.009081853	0.009636695
0.000530656	0.001196328	0.002058265	0.003034987	0.004055212	0.005064698	0.006026226	0.006916921	0.007724891	0.008446113	0.009081853	0.009636695
0.000530656	0.001196328	0.002058265	0.003034987	0.004055212	0.005064698	0.006026226	0.006916921	0.007724891	0.008446113	0.009081853	0.009636695
0.000530656	0.001196328	0.002058265	0.003034987	0.004055212	0.005064698	0.006026226	0.006916921	0.007724891	0.008446113	0.009081853	0.009636695
0.000530656	0.001196328	0.002058265	0.003034987	0.004055212	0.005064698	0.006026226	0.006916921	0.007724891	0.008446113	0.009081853	0.009636695
0.000530656	0.001196328	0.002058265	0.003034987	0.004055212	0.005064698	0.006026226	0.006916921	0.007724891	0.008446113	0.009081853	0.009636695
0.000530656	0.001196328	0.002058265	0.003034987	0.004055212	0.005064698	0.006026226	0.006916921	0.007724891	0.008446113	0.009081853	0.009636695
0.000530656	0.001196328	0.002058265	0.003034987	0.004055212	0.005064698	0.006026226	0.006916921	0.007724891	0.008446113	0.009081853	0.009636695
0.000530656	0.001196328	0.002058265	0.003034987	0.004055212	0.005064698	0.006026226	0.006916921	0.007724891	0.008446113	0.009081853	0.009636695
0.000530656	0.001196328	0.002058265	0.003034987	0.004055212	0.005064698	0.006026226	0.006916921	0.007724891	0.008446113	0.009081853	0.009636695
0.000530656	0.001196328	0.002058265	0.003034987	0.004055212	0.005064698	0.006026226	0.006916921	0.007724891	0.008446113	0.009081853	0.009636695
0.000530656	0.001196328	0.002058265	0.003034987	0.004055212	0.005064698	0.006026226	0.006916921	0.007724891	0.008446113	0.009081853	0.009636695
0.000530656	0.001196328	0.002058265	0.003034987	0.004055212	0.005064698	0.006026226	0.006916921	0.007724891	0.008446113	0.009081853	0.009636695
0.000530656	0.001196328	0.002058265	0.003034987	0.004055212	0.005064698	0.006026226	0.006916921	0.007724891	0.008446113	0.009081853	0.009636695
0.000530656	0.001196328	0.002058265	0.003034987	0.004055212	0.005064698	0.006026226	0.006916921	0.007724891	0.008446113	0.009081853	0.009636695
0.000530656	0.001196328	0.002058265	0.003034987	0.004055212	0.005064698	0.006026226	0.006916921	0.007724891	0.008446113	0.009081853	0.009636695
0.000530656	0.001196328	0.002058265	0.003034987	0.004055212	0.005064698	0.006026226	0.006916921	0.007724891	0.008446113	0.009081853	0.009636695
#nind
1
#ind_names									
SURVEY1									
#nobs_ind
30
#yrs_ind											
1	2	3	4	5	6	7	8	9	10	11	12	13	14	15	16	17	18	19	20	21	22	23	24	25	26	27	28	29	30	
#month_ind										
1															
#biom_ind											
1.00553662122276	1.27968329139544	1.17532560609744	1.25667889631641	1.16900310948865	1.16482271447084	1.15647412243111	1.0653879647271	1.25805181912326	1.32159775153264	1.08486129326111	1.30564490618691	1.04901774904975	1.08292089323832	1.1000339210299	1.00082997920154	0.964879277144896	0.94881764951855	0.863885734044392	0.81135010007178	0.819488189683739	0.743897233539563	0.784670774151945	0.669029718003011	0.644460124571415	0.845910401302877	0.791764063439599	0.848263856575693	0.742295662470144	0.737536808321842
#biom_cv																
0.201107324244552	0.255936658279088	0.235065121219487	0.251335779263282	0.233800621897729	0.232964542894167	0.231294824486222	0.213077592945421	0.251610363824652	0.264319550306528	0.216972258652222	0.261128981237383	0.209803549809949	0.216584178647664	0.220006784205979	0.200165995840308	0.192975855428979	0.18976352990371	0.172777146808878	0.162270020014356	0.163897637936748	0.148779446707913	0.156934154830389	0.133805943600602	0.128892024914283	0.169182080260575	0.15835281268792	0.169652771315139	0.148459132494029	0.147507361664368
#n_ages_ind															
30			
#n_lengths_ind															
0															
#yrs_ages_ind															
1	2	3	4	5	6	7	8	9	10	11	12	13	14	15	16	17	18	19	20	21	22	23	24	25	26	27	28	29	30	
#sample_ages_ind					
200	200	200	200	200	200	200	200	200	200	200	200	200	200	200	200	200	200	200	200	200	200	200	200	200	200	200	200	200	200
#page_ind						
0.02	0.125	0.185	0.165	0.085	0.09	0.085	0.05	0.035	0.045	0.035	0.08
0.015	0.1	0.195	0.145	0.085	0.12	0.06	0.05	0.03	0.04	0.035	0.125
0.045	0.13	0.14	0.18	0.125	0.085	0.045	0.055	0.04	0.055	0.015	0.085
0.06	0.14	0.15	0.14	0.175	0.065	0.065	0.04	0.04	0.025	0.01	0.09
0.105	0.12	0.135	0.16	0.12	0.075	0.09	0.035	0.03	0.02	0.02	0.09
0.025	0.125	0.19	0.125	0.125	0.09	0.07	0.05	0.055	0.04	0.03	0.075
0.045	0.12	0.14	0.15	0.105	0.085	0.055	0.07	0.08	0.01	0.025	0.115
0.065	0.14	0.2	0.16	0.09	0.09	0.07	0.035	0.035	0.03	0.005	0.08
0.04	0.175	0.195	0.15	0.13	0.095	0.02	0.03	0.04	0.035	0.005	0.085
0.07	0.135	0.22	0.13	0.135	0.1	0.045	0.04	0.035	0.02	0.01	0.06
0.07	0.21	0.155	0.17	0.135	0.08	0.07	0.035	0.015	0.025	0	0.035
0.055	0.145	0.195	0.105	0.185	0.085	0.055	0.035	0.045	0.02	0.015	0.06
0.04	0.145	0.24	0.21	0.075	0.075	0.065	0.045	0.015	0.02	0.01	0.06
0.055	0.115	0.135	0.2	0.155	0.07	0.105	0.035	0.03	0.03	0.015	0.055
0.1	0.21	0.13	0.165	0.12	0.085	0.055	0.065	0.02	0.02	0.01	0.02
0.1	0.165	0.275	0.105	0.095	0.075	0.08	0.02	0.035	0.015	0.01	0.025
0.04	0.11	0.15	0.28	0.105	0.085	0.05	0.05	0.035	0.03	0.01	0.055
0.07	0.13	0.23	0.16	0.14	0.04	0.075	0.04	0.035	0.025	0.03	0.025
0.085	0.15	0.16	0.195	0.135	0.06	0.04	0.035	0.03	0.02	0.015	0.075
0.065	0.22	0.185	0.16	0.13	0.115	0.055	0.02	0.01	0	0.005	0.035
0.09	0.125	0.23	0.175	0.105	0.08	0.085	0.045	0.015	0.01	0	0.04
0.07	0.105	0.19	0.265	0.125	0.08	0.075	0.02	0.015	0.015	0.01	0.03
0.06	0.135	0.215	0.16	0.195	0.075	0.04	0.07	0.02	0	0	0.03
0.095	0.17	0.18	0.215	0.135	0.075	0.04	0.035	0.015	0.015	0.005	0.02
0.08	0.2	0.22	0.125	0.115	0.125	0.04	0.03	0.03	0.01	0	0.025
0.06	0.25	0.21	0.225	0.08	0.07	0.03	0.015	0.02	0.01	0	0.03
0.06	0.205	0.275	0.185	0.105	0.065	0.04	0.045	0	0.01	0	0.01
0.055	0.095	0.26	0.295	0.16	0.055	0.01	0.02	0.01	0	0.01	0.03
0.08	0.145	0.25	0.26	0.13	0.04	0.035	0.02	0.015	0	0.005	0.02
0.1	0.185	0.16	0.185	0.12	0.115	0.06	0.025	0.025	0.005	0.01	0.01
#wt_age_ind						
1 1 1 1 1 1 1 1 1 1 1 1 
1 1 1 1 1 1 1 1 1 1 1 1 
1 1 1 1 1 1 1 1 1 1 1 1 
1 1 1 1 1 1 1 1 1 1 1 1 
1 1 1 1 1 1 1 1 1 1 1 1 
1 1 1 1 1 1 1 1 1 1 1 1 
1 1 1 1 1 1 1 1 1 1 1 1 
1 1 1 1 1 1 1 1 1 1 1 1 
1 1 1 1 1 1 1 1 1 1 1 1 
1 1 1 1 1 1 1 1 1 1 1 1 
1 1 1 1 1 1 1 1 1 1 1 1 
1 1 1 1 1 1 1 1 1 1 1 1 
1 1 1 1 1 1 1 1 1 1 1 1 
1 1 1 1 1 1 1 1 1 1 1 1 
1 1 1 1 1 1 1 1 1 1 1 1 
1 1 1 1 1 1 1 1 1 1 1 1 
1 1 1 1 1 1 1 1 1 1 1 1 
1 1 1 1 1 1 1 1 1 1 1 1 
1 1 1 1 1 1 1 1 1 1 1 1 
1 1 1 1 1 1 1 1 1 1 1 1 
1 1 1 1 1 1 1 1 1 1 1 1 
1 1 1 1 1 1 1 1 1 1 1 1 
1 1 1 1 1 1 1 1 1 1 1 1 
1 1 1 1 1 1 1 1 1 1 1 1 
1 1 1 1 1 1 1 1 1 1 1 1 
1 1 1 1 1 1 1 1 1 1 1 1 
1 1 1 1 1 1 1 1 1 1 1 1 
1 1 1 1 1 1 1 1 1 1 1 1 
1 1 1 1 1 1 1 1 1 1 1 1 
1 1 1 1 1 1 1 1 1 1 1 1 
# wt_pop
0.000530656	0.001196328	0.002058265	0.003034987	0.004055212	0.005064698	0.006026226	0.006916921	0.007724891	0.008446113	0.009081853	0.009636695
#maturity
0.02297737 0.32082130 0.90465054 0.99477987 0.99973881 0.99998699 0.99999935 0.99999997 1 1 1 1
#spmonth						
1		
#age_err						
1	0	0	0	0	0	0	0	0	0	0	0
0	1	0	0	0	0	0	0	0	0	0	0
0	0	1	0	0	0	0	0	0	0	0	0
0	0	0	1	0	0	0	0	0	0	0	0
0	0	0	0	1	0	0	0	0	0	0	0
0	0	0	0	0	1	0	0	0	0	0	0
0	0	0	0	0	0	1	0	0	0	0	0
0	0	0	0	0	0	0	1	0	0	0	0
0	0	0	0	0	0	0	0	1	0	0	0
0	0	0	0	0	0	0	0	0	1	0	0
0	0	0	0	0	0	0	0	0	0	1	0
0	0	0	0	0	0	0	0	0	0	0	1																														
