#######GENERAL HEADER INPUT#######
1
30
1
30
1
30
30
12
1	2	3	4	5	6	7	8	9	10	11	12
12
1	2	3	4	5	6	7	8	9	10	11	12
1
1001
1
1
#######SURVEY DATA#######
30
1	2	3	4	5	6	7	8	9	10	11	12	13	14	15	16	17	18	19	20	21	22	23	24	25	26	27	28	29	30
1.55875971073479	1.13346231998185	1.16104926347612	1.44718347375957	1.12682321721191	1.27978755367582	1.24053547403488	1.30648052412497	1.41095954011765	1.18506885282061	1.2426237615619	1.31362254234146	0.982603036534674	1.05878746548872	0.812642200142993	0.912416290748858	0.839968252299071	0.858527247357734	0.947482185059272	1.1912675114246	0.945258699208584	0.922259178192063	0.859384136973337	0.721342849567098	0.545724189116242	0.608358493932052	0.677126650378531	0.590355433166727	0.557651372443313	0.492345932102425
0.2	0.2	0.2	0.2	0.2	0.2	0.2	0.2	0.2	0.2	0.2	0.2	0.2	0.2	0.2	0.2	0.2	0.2	0.2	0.2	0.2	0.2	0.2	0.2	0.2	0.2	0.2	0.2	0.2	0.2
30
1	2	3	4	5	6	7	8	9	10	11	12	13	14	15	16	17	18	19	20	21	22	23	24	25	26	27	28	29	30
200	200	200	200	200	200	200	200	200	200	200	200	200	200	200	200	200	200	200	200	200	200	200	200	200	200	200	200	200	200
200	200	200	200	200	200	200	200	200	200	200	200	200	200	200	200	200	200	200	200	200	200	200	200	200	200	200	200	200	200
0.025	0.155	0.165	0.105	0.08	0.055	0.065	0.06	0.09	0.055	0.02	0.125
0.065	0.145	0.155	0.08	0.08	0.1	0.075	0.07	0.035	0.04	0.045	0.11
0.065	0.105	0.155	0.155	0.095	0.095	0.06	0.04	0.045	0.04	0.025	0.12
0.05	0.13	0.175	0.11	0.08	0.065	0.09	0.04	0.025	0.05	0.03	0.155
0.025	0.095	0.16	0.1	0.14	0.075	0.075	0.045	0.03	0.06	0.05	0.145
0.125	0.08	0.1	0.115	0.1	0.07	0.11	0.075	0.05	0.045	0.015	0.115
0.12	0.23	0.075	0.11	0.055	0.07	0.07	0.05	0.025	0.03	0.015	0.15
0.055	0.26	0.145	0.05	0.065	0.055	0.07	0.04	0.035	0.03	0.025	0.17
0.105	0.095	0.255	0.14	0.07	0.05	0.04	0.02	0.025	0.035	0.035	0.13
0.105	0.245	0.12	0.155	0.125	0.05	0.04	0.03	0.025	0.025	0.01	0.07
0.055	0.165	0.295	0.11	0.125	0.075	0.01	0.025	0.02	0.02	0.035	0.065
0.07	0.13	0.26	0.18	0.08	0.08	0.045	0.03	0.005	0.015	0.02	0.085
0.045	0.145	0.18	0.155	0.175	0.065	0.065	0.055	0.005	0.03	0.005	0.075
0.07	0.17	0.13	0.105	0.18	0.155	0.03	0.07	0.02	0.01	0.01	0.05
0.055	0.215	0.15	0.1	0.095	0.115	0.11	0.03	0.045	0.02	0	0.065
0.095	0.15	0.225	0.11	0.105	0.055	0.085	0.06	0.035	0.025	0.015	0.04
0.065	0.26	0.165	0.155	0.085	0.06	0.05	0.055	0.05	0.015	0.01	0.03
0.155	0.25	0.17	0.11	0.09	0.05	0.025	0.015	0.045	0.05	0.02	0.02
0.115	0.305	0.18	0.09	0.055	0.09	0.05	0.025	0.005	0.03	0.03	0.025
0.16	0.245	0.255	0.125	0.06	0.05	0.035	0.01	0	0.01	0.01	0.04
0.09	0.255	0.24	0.2	0.08	0.035	0.015	0.035	0.005	0.01	0.005	0.03
0.05	0.25	0.28	0.165	0.1	0.05	0.025	0.02	0.01	0.005	0.005	0.04
0.11	0.125	0.23	0.185	0.13	0.125	0.045	0.04	0.005	0.005	0	0
0.075	0.28	0.135	0.14	0.14	0.09	0.06	0.015	0.015	0.01	0.01	0.03
0.12	0.225	0.275	0.07	0.095	0.095	0.05	0.02	0.025	0.01	0.005	0.01
0.085	0.22	0.21	0.255	0.05	0.065	0.045	0.02	0.02	0.01	0.005	0.015
0.065	0.29	0.255	0.13	0.145	0.035	0.025	0.015	0.015	0.015	0.005	0.005
0.11	0.195	0.255	0.2	0.095	0.07	0.005	0.03	0.02	0.015	0	0.005
0.06	0.275	0.185	0.215	0.08	0.05	0.06	0.02	0.015	0	0.015	0.025
0.25	0.135	0.215	0.11	0.14	0.055	0.05	0.025	0.005	0	0.01	0.005
#######LANDINGS DATA#######
1
30
161.583257323105	459.935074909827	736.976003703203	948.595280766118	723.67958735057	1218.32794694219	1141.00895003631	2175.73363683939	1173.10457211772	1405.73900210195	1543.25727614302	1601.84229579	1119.55674101931	1543.47094399628	1486.25814196239	1230.5140053083	2118.99289884928	1511.02009225714	1424.37752876712	1379.73066460184	1880.67648122845	1311.42139577998	2018.96621179953	1483.683495559	1342.84492706909	1161.37736677567	1115.78035161496	1410.05545009093	950.71790165644	1286.54117735578
0.01	0.01	0.01	0.01	0.01	0.01	0.01	0.01	0.01	0.01	0.01	0.01	0.01	0.01	0.01	0.01	0.01	0.01	0.01	0.01	0.01	0.01	0.01	0.01	0.01	0.01	0.01	0.01	0.01	0.01
30
1	2	3	4	5	6	7	8	9	10	11	12	13	14	15	16	17	18	19	20	21	22	23	24	25	26	27	28	29	30
200	200	200	200	200	200	200	200	200	200	200	200	200	200	200	200	200	200	200	200	200	200	200	200	200	200	200	200	200	200
200	200	200	200	200	200	200	200	200	200	200	200	200	200	200	200	200	200	200	200	200	200	200	200	200	200	200	200	200	200
0.05	0.11	0.13	0.13	0.105	0.075	0.1	0.075	0.02	0.045	0.04	0.12
0.055	0.075	0.1	0.14	0.11	0.08	0.095	0.055	0.055	0.06	0.035	0.14
0.055	0.065	0.12	0.165	0.155	0.07	0.095	0.045	0.04	0.035	0.04	0.115
0.07	0.08	0.17	0.12	0.1	0.075	0.055	0.05	0.06	0.02	0.025	0.175
0.055	0.125	0.095	0.13	0.145	0.095	0.09	0.05	0.03	0.04	0.03	0.115
0.09	0.07	0.085	0.095	0.12	0.095	0.1	0.06	0.065	0.045	0.03	0.145
0.125	0.175	0.09	0.085	0.045	0.095	0.065	0.06	0.035	0.05	0.04	0.135
0.06	0.19	0.21	0.06	0.095	0.05	0.075	0.07	0.055	0.015	0.015	0.105
0.145	0.105	0.175	0.155	0.06	0.05	0.07	0.05	0.04	0.025	0.015	0.11
0.165	0.185	0.125	0.14	0.12	0.05	0.04	0.03	0.045	0.02	0.01	0.07
0.055	0.185	0.29	0.11	0.13	0.055	0.025	0.02	0.02	0.02	0.02	0.07
0.04	0.11	0.265	0.205	0.06	0.085	0.065	0.05	0.015	0.015	0.005	0.085
0.08	0.105	0.075	0.215	0.215	0.07	0.085	0.045	0.01	0.015	0.015	0.07
0.18	0.11	0.115	0.11	0.115	0.155	0.04	0.04	0.045	0.005	0.01	0.075
0.1	0.16	0.15	0.08	0.075	0.13	0.105	0.025	0.045	0.025	0.025	0.08
0.11	0.13	0.17	0.13	0.105	0.065	0.065	0.05	0.04	0.065	0.02	0.05
0.115	0.18	0.095	0.205	0.1	0.095	0.025	0.06	0.04	0.02	0.035	0.03
0.175	0.165	0.17	0.115	0.11	0.06	0.015	0.045	0.07	0.02	0.005	0.05
0.14	0.225	0.185	0.135	0.085	0.095	0.04	0.015	0.01	0.035	0.015	0.02
0.14	0.185	0.225	0.165	0.08	0.055	0.035	0.035	0.015	0.01	0.015	0.04
0.125	0.295	0.19	0.155	0.105	0.04	0.04	0.005	0.005	0.005	0.015	0.02
0.09	0.19	0.275	0.16	0.125	0.05	0.045	0.02	0.015	0	0.005	0.025
0.21	0.075	0.225	0.17	0.135	0.1	0.015	0.01	0.025	0.005	0	0.03
0.165	0.245	0.135	0.175	0.125	0.05	0.05	0.015	0.015	0.01	0.01	0.005
0.14	0.24	0.23	0.07	0.085	0.11	0.045	0.05	0.015	0.005	0.005	0.005
0.13	0.26	0.11	0.205	0.06	0.085	0.065	0.02	0.03	0.01	0.005	0.02
0.075	0.245	0.19	0.2	0.13	0.03	0.07	0.025	0.02	0.005	0	0.01
0.135	0.06	0.3	0.2	0.115	0.085	0.025	0.03	0.025	0.015	0.005	0.005
0.085	0.265	0.125	0.225	0.155	0.03	0.045	0.005	0.02	0.02	0.01	0.015
0.375	0.065	0.175	0.105	0.1	0.07	0.045	0.02	0.01	0.01	0.015	0.01
#######PARAMETER SECTION#######
800	400	1200	-4	800	-0.25	1
0.18	0.01	1	-4	0.18	-0.25	1
-1.36	-5	-0.001	-4	-1.36	-0.25	1
0.1	0.05	0.3	-4	0.1	-0.25	1
0.2	0.01	0.5	-4	0.2	-0.25	1
0.75	0.20001	1	-3	0.75	-0.25	1
13.815511	-1	200	1	13.815511	-0.25	1
0	-1	1	-4	0	-0.25	1
0.4	1e-04	1.2	-3	0.4	-0.25	1
0	-10	10	-6	0	-1	1
0	-10	10	-6	0	-1	1
2	0	12	2	2	-0.5	1
1	0	12	2	1	-0.5	1
2	0	12	-2	2	-0.5	1
1	0	12	-2	1	-0.5	1
1.5	0	12	2	1.5	-0.5	1
2	0	12	2	2	-0.5	1
-14.8775446668846	-30	5	1	-14.8775446668846	-1	1
1	0.1	2	-1	1	-1	1
-1.54399197800355	-10	1.39	1	-1.54399197800355	-1	1
#######DEV CONSTRAINTS and DEVS#######
-15	15	2
-15	15	2
-15	15	2
0	0	0	0	0	0	0	0	0	0	0	0	0	0	0	0	0	0	0	0	0	0	0	0	0	0	0	0	0	0
0	0	0	0	0	0	0	0	0	0	0	0	0	0	0	0	0	0	0	0	0	0	0	0	0	0	0	0	0	0
0	0	0	0	0	0	0	0	0	0	0
#######LIKELIHOOD WEIGHTS#######
1
1
1
1
0
1
0
0
0
#######MISCELLANEOUS STUFF SECTION#######
2.5e-08
3
0.5	0.5	0.5	0.5	0.5	0.5	0.5	0.5	0.5	0.5	0.5	0.5
0.0229773699100256	0.320821300824607	0.904650535100891	0.994779874306442	0.999738809680904	0.999986992871533	0.999999352405202	0.999999967758134	0.999999998394772	0.99999999992008	0.999999999996021	0.999999999999802
0.2	0.2	0.2	0.2	0.2	0.2	0.2	0.2	0.2	0.2	0.2	0.2
0
1
10
0.2
1
1	0	0	0	0	0	0	0	0	0	0	0
0	1	0	0	0	0	0	0	0	0	0	0
0	0	1	0	0	0	0	0	0	0	0	0
0	0	0	1	0	0	0	0	0	0	0	0
0	0	0	0	1	0	0	0	0	0	0	0
0	0	0	0	0	1	0	0	0	0	0	0
0	0	0	0	0	0	1	0	0	0	0	0
0	0	0	0	0	0	0	1	0	0	0	0
0	0	0	0	0	0	0	0	1	0	0	0
0	0	0	0	0	0	0	0	0	1	0	0
0	0	0	0	0	0	0	0	0	0	1	0
0	0	0	0	0	0	0	0	0	0	0	1
40
31
2
1
#######END OF DATA FILE#######
999
