#######GENERAL HEADER INPUT#######
1
30
1
30
1
30
30
12
1	2	3	4	5	6	7	8	9	10	11	12
12
1	2	3	4	5	6	7	8	9	10	11	12
1
1001
1
1
#######SURVEY DATA#######
30
1	2	3	4	5	6	7	8	9	10	11	12	13	14	15	16	17	18	19	20	21	22	23	24	25	26	27	28	29	30
1.72476104017008	1.58768041934813	1.56370167263927	1.34358062309289	1.41633076381456	1.32325661608622	1.19078443765957	1.25364558827235	1.26121792393444	1.28825880870917	0.979396296398032	1.139452048154	1.02785104763968	1.1058731711749	1.12135481585531	1.14534316506758	1.05715459858593	0.923222907387939	0.846593969917306	0.773980883311173	0.691590586942195	0.892227199416361	0.703139513450257	0.6556334583691	0.487401429023595	0.63875041617099	0.638984035511931	0.491437107348492	0.505914640388704	0.537625922981767
0.2	0.2	0.2	0.2	0.2	0.2	0.2	0.2	0.2	0.2	0.2	0.2	0.2	0.2	0.2	0.2	0.2	0.2	0.2	0.2	0.2	0.2	0.2	0.2	0.2	0.2	0.2	0.2	0.2	0.2
30
1	2	3	4	5	6	7	8	9	10	11	12	13	14	15	16	17	18	19	20	21	22	23	24	25	26	27	28	29	30
200	200	200	200	200	200	200	200	200	200	200	200	200	200	200	200	200	200	200	200	200	200	200	200	200	200	200	200	200	200
200	200	200	200	200	200	200	200	200	200	200	200	200	200	200	200	200	200	200	200	200	200	200	200	200	200	200	200	200	200
0.06	0.115	0.165	0.15	0.115	0.06	0.065	0.035	0.035	0.05	0.05	0.1
0.075	0.12	0.15	0.15	0.11	0.075	0.07	0.015	0.03	0.05	0.025	0.13
0.03	0.13	0.16	0.135	0.105	0.08	0.08	0.045	0.05	0.045	0.03	0.11
0.045	0.07	0.23	0.115	0.09	0.075	0.075	0.055	0.03	0.04	0.015	0.16
0.05	0.135	0.11	0.14	0.11	0.055	0.07	0.06	0.04	0.04	0.045	0.145
0.04	0.15	0.155	0.095	0.085	0.09	0.07	0.045	0.025	0.04	0.045	0.16
0.125	0.085	0.17	0.12	0.06	0.06	0.09	0.07	0.03	0.025	0.03	0.135
0.075	0.185	0.105	0.115	0.08	0.085	0.07	0.075	0.025	0.035	0.035	0.115
0.085	0.155	0.235	0.11	0.1	0.065	0.025	0.06	0.025	0.025	0.02	0.095
0.09	0.18	0.145	0.17	0.05	0.07	0.055	0.04	0.05	0.025	0.03	0.095
0.08	0.18	0.19	0.14	0.13	0.04	0.07	0.03	0.02	0.025	0.01	0.085
0.035	0.13	0.25	0.22	0.095	0.085	0.02	0.045	0.02	0.01	0.01	0.08
0.095	0.095	0.185	0.21	0.13	0.065	0.065	0.015	0.025	0.03	0.005	0.08
0.095	0.165	0.155	0.135	0.13	0.14	0.04	0.03	0.025	0.015	0.02	0.05
0.085	0.19	0.205	0.055	0.12	0.095	0.055	0.055	0.025	0.015	0.03	0.07
0.12	0.17	0.155	0.205	0.085	0.075	0.07	0.03	0.025	0.035	0.005	0.025
0.11	0.215	0.22	0.13	0.125	0.045	0.025	0.035	0.015	0.025	0.02	0.035
0.11	0.22	0.215	0.135	0.095	0.06	0.035	0.04	0.02	0.025	0.005	0.04
0.09	0.2	0.225	0.14	0.075	0.08	0.05	0.025	0.005	0.01	0.025	0.075
0.105	0.125	0.265	0.19	0.115	0.075	0.03	0.025	0.02	0.015	0.005	0.03
0.11	0.165	0.14	0.225	0.095	0.12	0.055	0.025	0.015	0.015	0.01	0.025
0.125	0.32	0.14	0.095	0.145	0.04	0.065	0.02	0.03	0.005	0	0.015
0.105	0.25	0.285	0.125	0.06	0.065	0.05	0.01	0.025	0.005	0.005	0.015
0.09	0.18	0.255	0.205	0.095	0.055	0.035	0.02	0.01	0.015	0.025	0.015
0.1	0.205	0.27	0.145	0.15	0.03	0.03	0.025	0	0.015	0.005	0.025
0.09	0.22	0.18	0.185	0.12	0.09	0.025	0.005	0.035	0.035	0.005	0.01
0.145	0.225	0.19	0.14	0.115	0.085	0.04	0.025	0.005	0.01	0.01	0.01
0.115	0.29	0.23	0.165	0.07	0.055	0.02	0.025	0.015	0.005	0.01	0
0.15	0.165	0.33	0.15	0.055	0.045	0.055	0.02	0.015	0.01	0	0.005
0.17	0.33	0.2	0.135	0.085	0.02	0.015	0.02	0.01	0.01	0	0.005
#######LANDINGS DATA#######
1
30
161.60386629134	460.200528494183	751.467173806737	956.907953976775	726.228268138873	1220.8561331048	1157.85169504832	2180.40724816102	1160.24522827155	1344.68646705776	1452.51353395666	1471.75590115488	1017.31389102426	1399.78218339274	1413.78161682628	1198.97869384182	2164.87793824356	1595.09467567304	1450.18778463741	1345.77317835158	1663.00228301276	1100.95113343674	1698.93129278665	1257.06029520365	1138.36365246141	983.000475947387	931.45855132452	1201.05686652293	881.038170681665	1298.66105935385
0.01	0.01	0.01	0.01	0.01	0.01	0.01	0.01	0.01	0.01	0.01	0.01	0.01	0.01	0.01	0.01	0.01	0.01	0.01	0.01	0.01	0.01	0.01	0.01	0.01	0.01	0.01	0.01	0.01	0.01
30
1	2	3	4	5	6	7	8	9	10	11	12	13	14	15	16	17	18	19	20	21	22	23	24	25	26	27	28	29	30
200	200	200	200	200	200	200	200	200	200	200	200	200	200	200	200	200	200	200	200	200	200	200	200	200	200	200	200	200	200
200	200	200	200	200	200	200	200	200	200	200	200	200	200	200	200	200	200	200	200	200	200	200	200	200	200	200	200	200	200
0.085	0.1	0.14	0.125	0.115	0.085	0.07	0.055	0.07	0.015	0.01	0.13
0.09	0.105	0.12	0.13	0.085	0.085	0.075	0.06	0.045	0.04	0.04	0.125
0.07	0.07	0.11	0.15	0.11	0.09	0.09	0.05	0.05	0.05	0.025	0.135
0.035	0.08	0.12	0.11	0.095	0.125	0.08	0.06	0.045	0.04	0.035	0.175
0.055	0.065	0.075	0.19	0.125	0.12	0.06	0.075	0.07	0.04	0.025	0.1
0.05	0.1	0.14	0.09	0.1	0.105	0.085	0.08	0.075	0.035	0.025	0.115
0.12	0.095	0.08	0.085	0.095	0.125	0.085	0.085	0.05	0.03	0.01	0.14
0.095	0.18	0.07	0.14	0.1	0.07	0.07	0.06	0.035	0.035	0.025	0.12
0.11	0.155	0.2	0.065	0.08	0.07	0.045	0.06	0.05	0.05	0.01	0.105
0.125	0.135	0.105	0.155	0.085	0.055	0.07	0.04	0.035	0.03	0.05	0.115
0.105	0.185	0.2	0.1	0.105	0.04	0.045	0.035	0.035	0.035	0.015	0.1
0.08	0.125	0.225	0.155	0.095	0.115	0.035	0.035	0.035	0.015	0.025	0.06
0.1	0.105	0.11	0.2	0.15	0.075	0.095	0.04	0.02	0.015	0.015	0.075
0.105	0.125	0.12	0.19	0.115	0.1	0.045	0.065	0.015	0.015	0.025	0.08
0.055	0.185	0.16	0.135	0.11	0.095	0.075	0.05	0.05	0.01	0.01	0.065
0.15	0.18	0.16	0.12	0.08	0.06	0.055	0.065	0.01	0.055	0	0.065
0.145	0.17	0.175	0.105	0.085	0.075	0.05	0.045	0.05	0.025	0.01	0.065
0.125	0.21	0.17	0.145	0.1	0.065	0.03	0.045	0.01	0.03	0.015	0.055
0.08	0.19	0.195	0.195	0.115	0.065	0.055	0.01	0.01	0.03	0.01	0.045
0.15	0.135	0.175	0.14	0.135	0.06	0.06	0.035	0.025	0.005	0.025	0.055
0.175	0.195	0.12	0.18	0.09	0.085	0.04	0.015	0.04	0	0.03	0.03
0.07	0.32	0.185	0.12	0.09	0.035	0.04	0.06	0.015	0.02	0.005	0.04
0.1	0.195	0.27	0.14	0.07	0.085	0.06	0.02	0.02	0.005	0.02	0.015
0.15	0.17	0.14	0.18	0.12	0.06	0.07	0.045	0.005	0.03	0.01	0.02
0.135	0.165	0.225	0.135	0.12	0.05	0.04	0.035	0.035	0.01	0.02	0.03
0.14	0.165	0.155	0.245	0.12	0.095	0.025	0.025	0.015	0.005	0.005	0.005
0.12	0.23	0.17	0.13	0.12	0.07	0.07	0.01	0.015	0.03	0.02	0.015
0.14	0.24	0.22	0.125	0.105	0.06	0.035	0.04	0.005	0.015	0.01	0.005
0.195	0.15	0.25	0.195	0.075	0.035	0.055	0.025	0.01	0	0.005	0.005
0.19	0.27	0.22	0.135	0.065	0.035	0.035	0.015	0.015	0.015	0	0.005
#######PARAMETER SECTION#######
800	400	1200	-4	800	-0.25	1
0.18	0.01	1	-4	0.18	-0.25	1
-1.36	-5	-0.001	-4	-1.36	-0.25	1
0.1	0.05	0.3	-4	0.1	-0.25	1
0.2	0.01	0.5	-4	0.2	-0.25	1
0.75	0.20001	1	-3	0.75	-0.25	1
13.815511	-1	200	1	13.815511	-0.25	1
0	-1	1	-4	0	-0.25	1
0.2	1e-04	1.2	-3	0.2	-0.25	1
0	-10	10	-6	0	-1	1
0	-10	10	-6	0	-1	1
2	0	12	2	2	-0.5	1
1	0	12	2	1	-0.5	1
2	0	12	-2	2	-0.5	1
1	0	12	-2	1	-0.5	1
1.5	0	12	2	1.5	-0.5	1
2	0	12	2	2	-0.5	1
-14.8324549759288	-30	5	1	-14.8324549759288	-1	1
1	0.1	2	-1	1	-1	1
-1.54399197800355	-10	1.39	1	-1.54399197800355	-1	1
#######DEV CONSTRAINTS and DEVS#######
-15	15	2
-15	15	2
-15	15	2
0	0	0	0	0	0	0	0	0	0	0	0	0	0	0	0	0	0	0	0	0	0	0	0	0	0	0	0	0	0
0	0	0	0	0	0	0	0	0	0	0	0	0	0	0	0	0	0	0	0	0	0	0	0	0	0	0	0	0	0
0	0	0	0	0	0	0	0	0	0	0
#######LIKELIHOOD WEIGHTS#######
1
1
1
1
0
1
0
0
0
#######MISCELLANEOUS STUFF SECTION#######
2.5e-08
3
0.5	0.5	0.5	0.5	0.5	0.5	0.5	0.5	0.5	0.5	0.5	0.5
0.0229773699100256	0.320821300824607	0.904650535100891	0.994779874306442	0.999738809680904	0.999986992871533	0.999999352405202	0.999999967758134	0.999999998394772	0.99999999992008	0.999999999996021	0.999999999999802
0.2	0.2	0.2	0.2	0.2	0.2	0.2	0.2	0.2	0.2	0.2	0.2
0
1
10
0.2
1
1	0	0	0	0	0	0	0	0	0	0	0
0	1	0	0	0	0	0	0	0	0	0	0
0	0	1	0	0	0	0	0	0	0	0	0
0	0	0	1	0	0	0	0	0	0	0	0
0	0	0	0	1	0	0	0	0	0	0	0
0	0	0	0	0	1	0	0	0	0	0	0
0	0	0	0	0	0	1	0	0	0	0	0
0	0	0	0	0	0	0	1	0	0	0	0
0	0	0	0	0	0	0	0	1	0	0	0
0	0	0	0	0	0	0	0	0	1	0	0
0	0	0	0	0	0	0	0	0	0	1	0
0	0	0	0	0	0	0	0	0	0	0	1
40
31
2
1
#######END OF DATA FILE#######
999
