#######GENERAL HEADER INPUT#######
1
30
1
30
1
30
30
12
1	2	3	4	5	6	7	8	9	10	11	12
12
1	2	3	4	5	6	7	8	9	10	11	12
1
1001
1
1
#######SURVEY DATA#######
30
1	2	3	4	5	6	7	8	9	10	11	12	13	14	15	16	17	18	19	20	21	22	23	24	25	26	27	28	29	30
1.26636215525178	1.28367725752784	1.46780330550942	1.48614664131564	1.69149182600932	1.57517186897814	1.26052792156415	1.11769837567875	1.15165671058028	1.04862406717809	1.08243382983055	1.00401881184457	1.1891505490437	1.07803951055437	1.04965206192087	1.04059007220643	1.10395271677039	0.924033730116854	0.81095133936259	0.793796189703006	0.702174429157932	0.861986587777468	0.816326909496083	0.707709355072772	0.723290232148477	0.661753350242213	0.654859073809504	0.759401855559715	0.70767849154995	0.48919566545366
0.2	0.2	0.2	0.2	0.2	0.2	0.2	0.2	0.2	0.2	0.2	0.2	0.2	0.2	0.2	0.2	0.2	0.2	0.2	0.2	0.2	0.2	0.2	0.2	0.2	0.2	0.2	0.2	0.2	0.2
30
1	2	3	4	5	6	7	8	9	10	11	12	13	14	15	16	17	18	19	20	21	22	23	24	25	26	27	28	29	30
200	200	200	200	200	200	200	200	200	200	200	200	200	200	200	200	200	200	200	200	200	200	200	200	200	200	200	200	200	200
200	200	200	200	200	200	200	200	200	200	200	200	200	200	200	200	200	200	200	200	200	200	200	200	200	200	200	200	200	200
0.06	0.12	0.105	0.095	0.13	0.1	0.085	0.08	0.04	0.03	0.04	0.115
0.065	0.115	0.19	0.14	0.085	0.08	0.045	0.015	0.065	0.015	0.025	0.16
0.065	0.145	0.11	0.185	0.06	0.085	0.05	0.03	0.07	0.03	0.04	0.13
0.075	0.07	0.205	0.16	0.065	0.075	0.04	0.075	0.04	0.01	0.03	0.155
0.055	0.14	0.12	0.12	0.12	0.085	0.11	0.045	0.04	0.04	0.03	0.095
0.095	0.11	0.145	0.09	0.1	0.095	0.07	0.04	0.06	0.04	0.025	0.13
0.035	0.15	0.12	0.155	0.115	0.06	0.08	0.045	0.045	0.01	0.025	0.16
0.06	0.215	0.15	0.09	0.12	0.06	0.055	0.04	0.04	0.03	0.025	0.115
0.06	0.165	0.185	0.155	0.085	0.075	0.06	0.045	0.02	0.035	0.01	0.105
0.08	0.19	0.145	0.12	0.14	0.05	0.09	0.01	0.03	0.015	0.025	0.105
0.055	0.115	0.19	0.15	0.125	0.11	0.04	0.03	0.03	0.05	0.01	0.095
0.085	0.165	0.19	0.165	0.11	0.05	0.06	0.045	0.01	0.025	0.02	0.075
0.065	0.25	0.15	0.115	0.135	0.07	0.035	0.05	0.03	0.01	0.01	0.08
0.085	0.2	0.24	0.105	0.1	0.085	0.045	0.035	0.015	0.01	0.015	0.065
0.08	0.155	0.15	0.22	0.085	0.07	0.065	0.055	0.015	0.035	0.015	0.055
0.1	0.16	0.165	0.125	0.21	0.06	0.05	0.035	0.025	0.015	0.02	0.035
0.1	0.22	0.225	0.12	0.11	0.085	0.025	0.035	0.025	0.01	0	0.045
0.18	0.135	0.21	0.165	0.065	0.055	0.095	0.005	0.015	0.02	0.005	0.05
0.07	0.29	0.255	0.16	0.1	0.045	0.015	0.02	0.005	0.015	0	0.025
0.045	0.21	0.265	0.145	0.145	0.065	0.025	0.025	0.02	0.01	0.01	0.035
0.125	0.225	0.16	0.19	0.115	0.08	0.045	0.025	0.015	0.02	0	0
0.095	0.215	0.245	0.115	0.13	0.07	0.045	0.04	0.015	0.005	0.015	0.01
0.125	0.18	0.29	0.13	0.075	0.105	0.02	0.015	0.03	0.005	0.005	0.02
0.115	0.185	0.235	0.165	0.07	0.06	0.075	0.035	0.02	0.025	0.005	0.01
0.085	0.345	0.12	0.125	0.14	0.05	0.04	0.05	0.01	0.01	0.01	0.015
0.06	0.325	0.325	0.085	0.085	0.05	0.03	0.005	0.02	0	0.005	0.01
0.14	0.205	0.28	0.16	0.055	0.06	0.04	0.02	0.01	0.005	0.015	0.01
0.095	0.34	0.18	0.155	0.11	0.035	0.035	0.025	0.01	0	0.005	0.01
0.085	0.31	0.285	0.1	0.1	0.055	0.03	0.01	0.015	0	0.005	0.005
0.095	0.185	0.225	0.23	0.105	0.065	0.06	0.015	0	0.005	0	0.015
#######LANDINGS DATA#######
1
30
160.850823548147	459.870361718068	737.902133627803	951.374736579836	721.17145635298	1214.76079189897	1131.78569707388	2166.73217430138	1140.44016569978	1297.28875794337	1377.85960446059	1374.78073709126	954.979506177902	1333.83197733599	1354.00374551679	1156.81671938411	2060.89090671656	1535.71762441866	1472.42191333015	1398.95343235429	1785.44577602169	1208.1785408142	1790.03431860919	1295.59492824715	1233.1757386216	1112.16155722231	1107.94378760563	1492.93304933272	1090.52042112236	1501.58062869159
0.01	0.01	0.01	0.01	0.01	0.01	0.01	0.01	0.01	0.01	0.01	0.01	0.01	0.01	0.01	0.01	0.01	0.01	0.01	0.01	0.01	0.01	0.01	0.01	0.01	0.01	0.01	0.01	0.01	0.01
30
1	2	3	4	5	6	7	8	9	10	11	12	13	14	15	16	17	18	19	20	21	22	23	24	25	26	27	28	29	30
200	200	200	200	200	200	200	200	200	200	200	200	200	200	200	200	200	200	200	200	200	200	200	200	200	200	200	200	200	200
200	200	200	200	200	200	200	200	200	200	200	200	200	200	200	200	200	200	200	200	200	200	200	200	200	200	200	200	200	200
0.035	0.095	0.125	0.115	0.105	0.11	0.07	0.05	0.07	0.07	0.035	0.12
0.075	0.105	0.12	0.115	0.12	0.135	0.07	0.02	0.075	0.04	0.035	0.09
0.05	0.07	0.095	0.12	0.125	0.12	0.08	0.085	0.045	0.035	0.02	0.155
0.075	0.095	0.13	0.12	0.1	0.1	0.045	0.065	0.055	0.03	0.035	0.15
0.05	0.09	0.075	0.11	0.105	0.1	0.05	0.085	0.035	0.06	0.045	0.195
0.1	0.095	0.135	0.08	0.12	0.09	0.055	0.045	0.065	0.03	0.04	0.145
0.04	0.12	0.09	0.11	0.1	0.055	0.11	0.06	0.05	0.04	0.035	0.19
0.1	0.135	0.19	0.095	0.1	0.085	0.045	0.045	0.04	0.02	0.02	0.125
0.07	0.085	0.135	0.21	0.14	0.065	0.04	0.045	0.045	0.025	0.025	0.115
0.11	0.155	0.105	0.115	0.175	0.06	0.055	0.035	0.015	0.01	0.02	0.145
0.08	0.1	0.18	0.16	0.08	0.095	0.02	0.055	0.015	0.055	0.03	0.13
0.185	0.115	0.115	0.11	0.135	0.09	0.055	0.015	0.045	0.02	0.03	0.085
0.085	0.205	0.16	0.11	0.12	0.06	0.075	0.05	0.025	0.03	0.005	0.075
0.075	0.155	0.195	0.095	0.08	0.115	0.065	0.045	0.075	0.02	0.025	0.055
0.145	0.13	0.13	0.205	0.07	0.12	0.055	0.03	0.025	0.015	0.01	0.065
0.13	0.145	0.135	0.14	0.165	0.07	0.055	0.045	0.02	0.03	0.015	0.05
0.095	0.17	0.195	0.13	0.065	0.16	0.02	0.035	0.02	0.02	0.02	0.07
0.135	0.16	0.2	0.145	0.1	0.085	0.08	0.015	0.015	0.025	0.015	0.025
0.065	0.255	0.245	0.14	0.095	0.045	0.055	0.02	0.01	0.005	0.02	0.045
0.105	0.2	0.255	0.155	0.085	0.05	0.065	0.03	0.01	0.005	0.01	0.03
0.19	0.15	0.13	0.21	0.07	0.075	0.09	0.02	0.01	0.015	0.005	0.035
0.14	0.2	0.2	0.11	0.12	0.07	0.06	0.04	0.005	0.01	0.01	0.035
0.105	0.23	0.165	0.14	0.06	0.145	0.055	0.005	0.03	0.015	0.01	0.04
0.205	0.17	0.185	0.16	0.07	0.055	0.06	0.045	0.03	0.005	0	0.015
0.08	0.335	0.16	0.14	0.13	0.055	0.055	0.025	0.01	0	0	0.01
0.16	0.18	0.215	0.165	0.13	0.05	0.03	0.01	0.015	0.02	0.01	0.015
0.235	0.17	0.175	0.19	0.09	0.045	0.03	0.025	0.01	0.005	0	0.025
0.15	0.235	0.215	0.13	0.115	0.07	0.045	0.02	0.01	0.005	0	0.005
0.09	0.22	0.255	0.18	0.105	0.065	0.035	0.02	0.015	0.005	0	0.01
0.135	0.16	0.22	0.235	0.09	0.09	0.025	0.01	0.01	0.015	0.005	0.005
#######PARAMETER SECTION#######
800	400	1200	-4	800	-0.25	1
0.18	0.01	1	-4	0.18	-0.25	1
-1.36	-5	-0.001	-4	-1.36	-0.25	1
0.1	0.05	0.3	-4	0.1	-0.25	1
0.2	0.01	0.5	-4	0.2	-0.25	1
0.75	0.20001	1	-3	0.75	-0.25	1
13.815511	-1	200	1	13.815511	-0.25	1
0	-1	1	-4	0	-0.25	1
0.2	1e-04	1.2	-3	0.2	-0.25	1
0	-10	10	-6	0	-1	1
0	-10	10	-6	0	-1	1
2	0	12	2	2	-0.5	1
1	0	12	2	1	-0.5	1
2	0	12	-2	2	-0.5	1
1	0	12	-2	1	-0.5	1
1.5	0	12	2	1.5	-0.5	1
2	0	12	2	2	-0.5	1
-14.8442484203571	-30	5	1	-14.8442484203571	-1	1
1	0.1	2	-1	1	-1	1
-1.54399197800355	-10	1.39	1	-1.54399197800355	-1	1
#######DEV CONSTRAINTS and DEVS#######
-15	15	2
-15	15	2
-15	15	2
0	0	0	0	0	0	0	0	0	0	0	0	0	0	0	0	0	0	0	0	0	0	0	0	0	0	0	0	0	0
0	0	0	0	0	0	0	0	0	0	0	0	0	0	0	0	0	0	0	0	0	0	0	0	0	0	0	0	0	0
0	0	0	0	0	0	0	0	0	0	0
#######LIKELIHOOD WEIGHTS#######
1
1
1
1
0
1
0
0
0
#######MISCELLANEOUS STUFF SECTION#######
2.5e-08
3
0.5	0.5	0.5	0.5	0.5	0.5	0.5	0.5	0.5	0.5	0.5	0.5
0.0229773699100256	0.320821300824607	0.904650535100891	0.994779874306442	0.999738809680904	0.999986992871533	0.999999352405202	0.999999967758134	0.999999998394772	0.99999999992008	0.999999999996021	0.999999999999802
0.2	0.2	0.2	0.2	0.2	0.2	0.2	0.2	0.2	0.2	0.2	0.2
0
1
10
0.2
1
1	0	0	0	0	0	0	0	0	0	0	0
0	1	0	0	0	0	0	0	0	0	0	0
0	0	1	0	0	0	0	0	0	0	0	0
0	0	0	1	0	0	0	0	0	0	0	0
0	0	0	0	1	0	0	0	0	0	0	0
0	0	0	0	0	1	0	0	0	0	0	0
0	0	0	0	0	0	1	0	0	0	0	0
0	0	0	0	0	0	0	1	0	0	0	0
0	0	0	0	0	0	0	0	1	0	0	0
0	0	0	0	0	0	0	0	0	1	0	0
0	0	0	0	0	0	0	0	0	0	1	0
0	0	0	0	0	0	0	0	0	0	0	1
40
31
2
1
#######END OF DATA FILE#######
999
