# Number of parameters = 77  Objective function value = 26403.2  Maximum gradient component = 0.00313710
# sel_params[1]:
1.92962361583
# sel_params[2]:
0.922244792441
# log_Fmult_year1:
 -4.68125552648
# log_Fmult_devs:
 1.05714821107 0.492507927151 0.308592062320 -0.222338631619 0.599164268457 0.00602170627366 0.741396782374 -0.538740812573 0.211517294857 0.118176341691 0.0707395823153 -0.326350709771 0.371602091016 0.0681661505093 -0.110625955506 0.663286619857 -0.197157517217 -0.0184555010276 -0.0186854450643 0.319085459421 -0.311533663946 0.512223195228 -0.179084936160 -0.0146125795754 -0.0872921783035 -0.0173497252947 0.334562257839 -0.253205949173 0.414300439105
# log_recruit_devs:
 -0.0537302290495 0.107624387354 -0.0178384269022 -0.0907486803868 -0.0291993911259 0.0948161202588 0.388683738119 0.104521975018 -0.168908026493 0.108740857050 0.139497047804 0.0282102177661 -0.0772126333997 0.0816353574289 -0.169019387332 -0.173501183505 0.129836709301 0.343283966464 0.109336863813 0.0322479946087 -0.247571530047 -0.0927920764073 -0.0970338868150 0.0540240549432 -0.148674815046 0.0218653281894 -0.166074229880 -0.175123849700 0.107002329832 -0.143898601859
# log_N_year1_devs:
 0.0184804442981 0.126600698994 -0.00257930024014 -0.0183688523036 -0.0276640205368 -0.00664957060135 -0.218433465041 -0.181294485417 0.104995358125 -0.157416978503 -0.102995438990
# log_q_year1:
 -7.95098703864
# log_q_devs:
 0.00000000000 0.00000000000 0.00000000000 0.00000000000 0.00000000000 0.00000000000 0.00000000000 0.00000000000 0.00000000000 0.00000000000 0.00000000000 0.00000000000 0.00000000000 0.00000000000 0.00000000000 0.00000000000 0.00000000000 0.00000000000 0.00000000000 0.00000000000 0.00000000000 0.00000000000 0.00000000000 0.00000000000 0.00000000000 0.00000000000 0.00000000000 0.00000000000 0.00000000000
# index_sel_params[1]:
1.48955039781
# index_sel_params[2]:
0.495468931658
# log_SR_scaler:
6.87922096984
# SR_steepness:
0.750000000000
