#######GENERAL HEADER INPUT#######
1
30
1
30
1
30
30
12
1	2	3	4	5	6	7	8	9	10	11	12
12
1	2	3	4	5	6	7	8	9	10	11	12
1
1001
1
1
#######SURVEY DATA#######
30
1	2	3	4	5	6	7	8	9	10	11	12	13	14	15	16	17	18	19	20	21	22	23	24	25	26	27	28	29	30
1.54796467608096	1.42335097054728	1.47124884713497	1.27307305134385	1.33511715933287	1.41286843245259	1.12460920778319	1.61364562651084	1.23671948299194	1.13927184013763	0.933212236690449	0.963673642929014	1.29129295378557	1.17940856184305	1.24850500284503	0.999343068024347	1.07718579795568	0.805871601839961	0.756558813892939	0.786464426415935	0.711839432326698	0.748409698505078	0.642923265779034	0.706875868991121	0.739772289632581	0.644306943920451	0.653069301040649	0.751159588721599	0.561873449624576	0.692062837544841
0.2	0.2	0.2	0.2	0.2	0.2	0.2	0.2	0.2	0.2	0.2	0.2	0.2	0.2	0.2	0.2	0.2	0.2	0.2	0.2	0.2	0.2	0.2	0.2	0.2	0.2	0.2	0.2	0.2	0.2
30
1	2	3	4	5	6	7	8	9	10	11	12	13	14	15	16	17	18	19	20	21	22	23	24	25	26	27	28	29	30
200	200	200	200	200	200	200	200	200	200	200	200	200	200	200	200	200	200	200	200	200	200	200	200	200	200	200	200	200	200
200	200	200	200	200	200	200	200	200	200	200	200	200	200	200	200	200	200	200	200	200	200	200	200	200	200	200	200	200	200
0.06	0.11	0.175	0.15	0.125	0.065	0.08	0.055	0.03	0.015	0.015	0.12
0.04	0.13	0.16	0.135	0.09	0.1	0.065	0.06	0.02	0.035	0.035	0.13
0.03	0.04	0.205	0.175	0.145	0.06	0.065	0.045	0.03	0.03	0.02	0.155
0.105	0.145	0.08	0.145	0.125	0.075	0.045	0.07	0.05	0.03	0.025	0.105
0.08	0.21	0.07	0.065	0.115	0.08	0.065	0.07	0.035	0.05	0.055	0.105
0.07	0.17	0.17	0.08	0.055	0.115	0.06	0.04	0.07	0.035	0.025	0.11
0.09	0.195	0.145	0.14	0.08	0.04	0.055	0.05	0.05	0.055	0.035	0.065
0.055	0.11	0.18	0.125	0.19	0.075	0.02	0.055	0.055	0.015	0.015	0.105
0.08	0.13	0.185	0.15	0.135	0.09	0.045	0.025	0.03	0.03	0.02	0.08
0.09	0.105	0.14	0.115	0.14	0.125	0.07	0.025	0.035	0.02	0.015	0.12
0.08	0.2	0.135	0.125	0.155	0.1	0.06	0.035	0.025	0.015	0.01	0.06
0.07	0.155	0.235	0.12	0.09	0.075	0.08	0.03	0.035	0.025	0.01	0.075
0.11	0.21	0.15	0.205	0.07	0.045	0.055	0.06	0.025	0.03	0.005	0.035
0.065	0.16	0.245	0.1	0.145	0.045	0.045	0.055	0.025	0.03	0.025	0.06
0.085	0.205	0.16	0.175	0.065	0.115	0.045	0.02	0.025	0.025	0.02	0.06
0.08	0.185	0.185	0.17	0.065	0.05	0.095	0.035	0.045	0.02	0.025	0.045
0.105	0.17	0.17	0.185	0.11	0.09	0.035	0.065	0.02	0.02	0	0.03
0.07	0.27	0.14	0.165	0.11	0.055	0.05	0.025	0.04	0.015	0.015	0.045
0.13	0.235	0.235	0.06	0.085	0.07	0.055	0.05	0.015	0.035	0.01	0.02
0.165	0.215	0.18	0.15	0.08	0.035	0.045	0.045	0.025	0.005	0.02	0.035
0.075	0.315	0.235	0.125	0.095	0.01	0.03	0.05	0.02	0.015	0.015	0.015
0.085	0.215	0.26	0.185	0.075	0.055	0.01	0.02	0.05	0	0.015	0.03
0.095	0.225	0.205	0.19	0.145	0.035	0.04	0.02	0.01	0.015	0.005	0.015
0.145	0.245	0.235	0.145	0.095	0.06	0.025	0.015	0.005	0	0.005	0.025
0.09	0.295	0.24	0.155	0.075	0.05	0.065	0.005	0	0.005	0	0.02
0.135	0.23	0.235	0.145	0.095	0.04	0.035	0.045	0.025	0.01	0	0.005
0.15	0.275	0.205	0.14	0.095	0.055	0.035	0.025	0.01	0.005	0.005	0
0.185	0.2	0.235	0.135	0.105	0.075	0.03	0.005	0.01	0.005	0.005	0.01
0.15	0.3	0.175	0.135	0.12	0.06	0.015	0.025	0.01	0.005	0	0.005
0.135	0.235	0.27	0.125	0.13	0.04	0.035	0.005	0.01	0.01	0	0.005
#######LANDINGS DATA#######
1
30
161.011925532337	459.792745089932	732.290327413071	938.963175562475	709.341504038885	1228.91395573796	1176.44588561954	2271.36818589103	1222.01988430737	1374.51080599207	1466.17222175625	1462.71997597388	1023.02095667209	1432.28913501744	1463.30519743505	1256.66010094457	2195.80939056159	1549.80739962211	1405.88928296618	1324.11688930961	1737.35454520082	1211.35059408951	1886.56866573844	1405.88538011003	1343.63418950879	1196.15427902404	1158.63257223647	1524.58224007962	1068.30783568505	1535.26281649751
0.01	0.01	0.01	0.01	0.01	0.01	0.01	0.01	0.01	0.01	0.01	0.01	0.01	0.01	0.01	0.01	0.01	0.01	0.01	0.01	0.01	0.01	0.01	0.01	0.01	0.01	0.01	0.01	0.01	0.01
30
1	2	3	4	5	6	7	8	9	10	11	12	13	14	15	16	17	18	19	20	21	22	23	24	25	26	27	28	29	30
200	200	200	200	200	200	200	200	200	200	200	200	200	200	200	200	200	200	200	200	200	200	200	200	200	200	200	200	200	200
200	200	200	200	200	200	200	200	200	200	200	200	200	200	200	200	200	200	200	200	200	200	200	200	200	200	200	200	200	200
0.07	0.09	0.135	0.085	0.08	0.11	0.07	0.065	0.035	0.02	0.03	0.21
0.03	0.135	0.065	0.13	0.13	0.13	0.04	0.05	0.045	0.025	0.045	0.175
0.06	0.065	0.1	0.135	0.135	0.09	0.08	0.09	0.06	0.045	0.015	0.125
0.13	0.115	0.08	0.09	0.115	0.075	0.08	0.07	0.055	0.045	0.015	0.13
0.035	0.155	0.105	0.065	0.175	0.065	0.065	0.06	0.04	0.05	0.03	0.155
0.095	0.09	0.145	0.115	0.05	0.055	0.05	0.08	0.06	0.06	0.045	0.155
0.1	0.205	0.13	0.125	0.1	0.055	0.04	0.035	0.035	0.055	0.015	0.105
0.07	0.13	0.2	0.115	0.095	0.09	0.035	0.035	0.085	0.025	0.02	0.1
0.085	0.1	0.13	0.13	0.115	0.12	0.05	0.035	0.055	0.04	0.035	0.105
0.095	0.065	0.17	0.145	0.185	0.065	0.08	0.055	0.015	0.05	0.01	0.065
0.085	0.17	0.13	0.12	0.125	0.055	0.105	0.05	0.045	0.025	0.02	0.07
0.12	0.07	0.24	0.105	0.07	0.09	0.085	0.045	0.055	0.015	0.015	0.09
0.145	0.18	0.095	0.17	0.095	0.055	0.06	0.06	0.03	0.04	0.01	0.06
0.105	0.17	0.205	0.095	0.17	0.055	0.06	0.04	0.01	0.01	0.015	0.065
0.08	0.155	0.16	0.18	0.085	0.11	0.04	0.05	0.04	0.02	0.01	0.07
0.08	0.145	0.18	0.16	0.155	0.065	0.07	0.04	0.015	0.015	0.005	0.07
0.11	0.105	0.135	0.16	0.14	0.12	0.045	0.1	0.015	0.015	0.015	0.04
0.1	0.19	0.12	0.095	0.105	0.125	0.085	0.05	0.055	0.015	0.01	0.05
0.165	0.14	0.185	0.09	0.135	0.04	0.075	0.085	0.01	0.03	0.005	0.04
0.17	0.175	0.155	0.15	0.105	0.07	0.055	0.03	0.03	0.01	0.01	0.04
0.13	0.245	0.27	0.135	0.08	0.035	0.02	0.03	0.015	0.015	0	0.025
0.165	0.13	0.265	0.15	0.065	0.09	0.02	0.025	0.02	0.02	0.015	0.035
0.15	0.205	0.16	0.165	0.135	0.07	0.055	0.005	0.02	0.025	0	0.01
0.2	0.2	0.165	0.105	0.135	0.085	0.03	0.025	0	0.005	0.015	0.035
0.115	0.23	0.155	0.2	0.075	0.06	0.085	0.02	0.01	0.015	0.005	0.03
0.145	0.185	0.18	0.165	0.135	0.075	0.07	0.02	0.015	0.01	0	0
0.125	0.25	0.16	0.16	0.12	0.08	0.035	0.03	0.005	0.005	0.01	0.02
0.155	0.19	0.14	0.18	0.17	0.065	0.06	0.01	0.005	0.015	0.005	0.005
0.155	0.215	0.155	0.175	0.095	0.07	0.045	0.015	0.015	0.015	0.025	0.02
0.165	0.22	0.2	0.21	0.085	0.07	0.02	0.025	0	0.005	0	0
#######PARAMETER SECTION#######
800	400	1200	-4	800	-0.25	1
0.18	0.01	1	-4	0.18	-0.25	1
-1.36	-5	-0.001	-4	-1.36	-0.25	1
0.1	0.05	0.3	-4	0.1	-0.25	1
0.2	0.01	0.5	-4	0.2	-0.25	1
0.75	0.20001	1	-3	0.75	-0.25	1
13.815511	-1	200	1	13.815511	-0.25	1
0	-1	1	-4	0	-0.25	1
0.2	1e-04	1.2	-3	0.2	-0.25	1
0	-10	10	-6	0	-1	1
0	-10	10	-6	0	-1	1
2	0	12	2	2	-0.5	1
1	0	12	2	1	-0.5	1
2	0	12	-2	2	-0.5	1
1	0	12	-2	1	-0.5	1
1.5	0	12	2	1.5	-0.5	1
2	0	12	2	2	-0.5	1
-14.8778577346266	-30	5	1	-14.8778577346266	-1	1
1	0.1	2	-1	1	-1	1
-1.54399197800355	-10	1.39	1	-1.54399197800355	-1	1
#######DEV CONSTRAINTS and DEVS#######
-15	15	2
-15	15	2
-15	15	2
0	0	0	0	0	0	0	0	0	0	0	0	0	0	0	0	0	0	0	0	0	0	0	0	0	0	0	0	0	0
0	0	0	0	0	0	0	0	0	0	0	0	0	0	0	0	0	0	0	0	0	0	0	0	0	0	0	0	0	0
0	0	0	0	0	0	0	0	0	0	0
#######LIKELIHOOD WEIGHTS#######
1
1
1
1
0
1
0
0
0
#######MISCELLANEOUS STUFF SECTION#######
2.5e-08
3
0.5	0.5	0.5	0.5	0.5	0.5	0.5	0.5	0.5	0.5	0.5	0.5
0.0229773699100256	0.320821300824607	0.904650535100891	0.994779874306442	0.999738809680904	0.999986992871533	0.999999352405202	0.999999967758134	0.999999998394772	0.99999999992008	0.999999999996021	0.999999999999802
0.2	0.2	0.2	0.2	0.2	0.2	0.2	0.2	0.2	0.2	0.2	0.2
0
1
10
0.2
1
1	0	0	0	0	0	0	0	0	0	0	0
0	1	0	0	0	0	0	0	0	0	0	0
0	0	1	0	0	0	0	0	0	0	0	0
0	0	0	1	0	0	0	0	0	0	0	0
0	0	0	0	1	0	0	0	0	0	0	0
0	0	0	0	0	1	0	0	0	0	0	0
0	0	0	0	0	0	1	0	0	0	0	0
0	0	0	0	0	0	0	1	0	0	0	0
0	0	0	0	0	0	0	0	1	0	0	0
0	0	0	0	0	0	0	0	0	1	0	0
0	0	0	0	0	0	0	0	0	0	1	0
0	0	0	0	0	0	0	0	0	0	0	1
40
31
2
1
#######END OF DATA FILE#######
999
