#######GENERAL HEADER INPUT#######
1
30
1
30
1
30
30
12
1	2	3	4	5	6	7	8	9	10	11	12
12
1	2	3	4	5	6	7	8	9	10	11	12
1
1001
1
1
#######SURVEY DATA#######
30
1	2	3	4	5	6	7	8	9	10	11	12	13	14	15	16	17	18	19	20	21	22	23	24	25	26	27	28	29	30
1.49328775371223	1.31709510491623	1.44782777085769	1.52891429221333	1.45808893702159	1.30257436704986	1.11384151739143	1.29174189916759	1.07370301389359	1.15237221933192	1.20111260155599	1.38894580965994	1.18537909953076	1.06643782553334	1.21736634017845	0.970432407133576	0.930343817702386	0.829811797720327	0.872871578443261	0.848483082847046	0.885771800605062	0.769002768299792	0.701274611421435	0.566872811092884	0.67559529368281	0.457356669625861	0.637208966911989	0.569011745447075	0.435884717284317	0.508243953555771
0.2	0.2	0.2	0.2	0.2	0.2	0.2	0.2	0.2	0.2	0.2	0.2	0.2	0.2	0.2	0.2	0.2	0.2	0.2	0.2	0.2	0.2	0.2	0.2	0.2	0.2	0.2	0.2	0.2	0.2
30
1	2	3	4	5	6	7	8	9	10	11	12	13	14	15	16	17	18	19	20	21	22	23	24	25	26	27	28	29	30
200	200	200	200	200	200	200	200	200	200	200	200	200	200	200	200	200	200	200	200	200	200	200	200	200	200	200	200	200	200
200	200	200	200	200	200	200	200	200	200	200	200	200	200	200	200	200	200	200	200	200	200	200	200	200	200	200	200	200	200
0.075	0.1	0.15	0.13	0.155	0.065	0.065	0.065	0.05	0.015	0.015	0.115
0.105	0.125	0.12	0.095	0.095	0.11	0.095	0.025	0.04	0.025	0.03	0.135
0.06	0.175	0.13	0.13	0.07	0.105	0.04	0.07	0.08	0.035	0.025	0.08
0.09	0.12	0.19	0.1	0.07	0.075	0.055	0.06	0.055	0.03	0.01	0.145
0.05	0.16	0.145	0.17	0.1	0.08	0.05	0.03	0.03	0.02	0.03	0.135
0.04	0.135	0.125	0.115	0.12	0.085	0.08	0.05	0.055	0.01	0.05	0.135
0.045	0.1	0.165	0.125	0.145	0.095	0.075	0.035	0.025	0.04	0.03	0.12
0.065	0.09	0.125	0.14	0.155	0.105	0.095	0.04	0.02	0.035	0.015	0.115
0.07	0.205	0.09	0.135	0.125	0.06	0.04	0.075	0.055	0.015	0.03	0.1
0.06	0.135	0.22	0.125	0.105	0.085	0.05	0.05	0.055	0.015	0.01	0.09
0.07	0.17	0.14	0.23	0.08	0.055	0.055	0.045	0.035	0.02	0.015	0.085
0.12	0.2	0.155	0.13	0.15	0.1	0.02	0.035	0.01	0.04	0	0.04
0.065	0.295	0.195	0.12	0.085	0.07	0.06	0.02	0.02	0.005	0.015	0.05
0.085	0.11	0.335	0.145	0.07	0.09	0.045	0.03	0.01	0.015	0.01	0.055
0.04	0.19	0.085	0.28	0.09	0.09	0.05	0.075	0.025	0.02	0.02	0.035
0.05	0.2	0.225	0.08	0.15	0.055	0.085	0.05	0.055	0.01	0.01	0.03
0.125	0.15	0.18	0.15	0.07	0.105	0.065	0.04	0.02	0.015	0.03	0.05
0.115	0.225	0.15	0.17	0.13	0.035	0.085	0.02	0.02	0.01	0.01	0.03
0.135	0.135	0.19	0.14	0.105	0.08	0.05	0.04	0.035	0.03	0.015	0.045
0.055	0.325	0.205	0.125	0.065	0.08	0.055	0.01	0.02	0.01	0.005	0.045
0.105	0.18	0.295	0.14	0.065	0.05	0.035	0.045	0.015	0.025	0.01	0.035
0.095	0.23	0.195	0.245	0.06	0.05	0.05	0.025	0.015	0	0.01	0.025
0.1	0.2	0.25	0.125	0.145	0.05	0.055	0.02	0.015	0.005	0.015	0.02
0.13	0.23	0.17	0.205	0.115	0.07	0.025	0.015	0.01	0.015	0.005	0.01
0.13	0.26	0.2	0.155	0.12	0.06	0.03	0.01	0.015	0.005	0.005	0.01
0.06	0.325	0.215	0.115	0.085	0.09	0.02	0.045	0.01	0.01	0.01	0.015
0.12	0.205	0.24	0.15	0.115	0.05	0.04	0.04	0.015	0	0.01	0.015
0.13	0.29	0.185	0.17	0.07	0.065	0.03	0.005	0.015	0.02	0	0.02
0.115	0.25	0.245	0.12	0.125	0.045	0.065	0	0.02	0.005	0	0.01
0.17	0.25	0.18	0.18	0.075	0.05	0.04	0.025	0	0.015	0.01	0.005
#######LANDINGS DATA#######
1
30
160.168036063091	463.485434415195	747.767595671401	979.034148179126	755.159551045564	1316.17523036704	1255.31972062961	2374.01594457984	1239.46366863168	1418.2437425126	1516.77754085174	1528.64388993352	1082.06297594046	1561.57589363247	1590.72981920983	1369.08939621576	2421.60314482373	1696.42878053079	1529.24222565549	1405.87579855095	1812.65709140669	1233.48981695086	1860.19507618803	1353.26873350453	1238.14147485438	1059.37592956707	986.375007111214	1277.774260266	893.33698335203	1247.22521602576
0.01	0.01	0.01	0.01	0.01	0.01	0.01	0.01	0.01	0.01	0.01	0.01	0.01	0.01	0.01	0.01	0.01	0.01	0.01	0.01	0.01	0.01	0.01	0.01	0.01	0.01	0.01	0.01	0.01	0.01
30
1	2	3	4	5	6	7	8	9	10	11	12	13	14	15	16	17	18	19	20	21	22	23	24	25	26	27	28	29	30
200	200	200	200	200	200	200	200	200	200	200	200	200	200	200	200	200	200	200	200	200	200	200	200	200	200	200	200	200	200
200	200	200	200	200	200	200	200	200	200	200	200	200	200	200	200	200	200	200	200	200	200	200	200	200	200	200	200	200	200
0.09	0.075	0.105	0.165	0.135	0.075	0.06	0.065	0.08	0.03	0.025	0.095
0.095	0.1	0.115	0.125	0.125	0.055	0.055	0.09	0.05	0.035	0.045	0.11
0.085	0.165	0.08	0.095	0.095	0.09	0.03	0.06	0.055	0.05	0.05	0.145
0.08	0.11	0.145	0.065	0.11	0.09	0.075	0.065	0.05	0.05	0.035	0.125
0.07	0.085	0.14	0.12	0.105	0.07	0.08	0.04	0.06	0.025	0.05	0.155
0.045	0.095	0.165	0.125	0.16	0.055	0.055	0.06	0.075	0.04	0.025	0.1
0.075	0.105	0.15	0.095	0.105	0.1	0.08	0.065	0.03	0.025	0.025	0.145
0.115	0.09	0.08	0.125	0.1	0.095	0.07	0.055	0.05	0.04	0.055	0.125
0.07	0.185	0.15	0.105	0.08	0.095	0.035	0.08	0.035	0.03	0.02	0.115
0.075	0.085	0.25	0.105	0.105	0.1	0.05	0.05	0.025	0.025	0.025	0.105
0.11	0.145	0.1	0.2	0.08	0.07	0.085	0.05	0.04	0.015	0.015	0.09
0.175	0.155	0.16	0.06	0.14	0.065	0.055	0.015	0.025	0.045	0.04	0.065
0.045	0.205	0.15	0.195	0.08	0.09	0.045	0.02	0.055	0.03	0.015	0.07
0.12	0.055	0.21	0.16	0.155	0.05	0.06	0.045	0.03	0.025	0.03	0.06
0.115	0.195	0.06	0.22	0.115	0.085	0.04	0.07	0.015	0.015	0.01	0.06
0.075	0.155	0.215	0.085	0.16	0.1	0.055	0.05	0.025	0.005	0.02	0.055
0.12	0.13	0.16	0.135	0.085	0.17	0.05	0.05	0.015	0.02	0.015	0.05
0.09	0.175	0.105	0.18	0.15	0.065	0.12	0.035	0.02	0.02	0.02	0.02
0.185	0.1	0.175	0.11	0.13	0.14	0.025	0.065	0.02	0	0.015	0.035
0.115	0.24	0.135	0.155	0.105	0.075	0.055	0.02	0.05	0.01	0.015	0.025
0.18	0.16	0.28	0.1	0.07	0.075	0.05	0.02	0.01	0.02	0.01	0.025
0.1	0.22	0.215	0.15	0.09	0.07	0.055	0.02	0.035	0.02	0.005	0.02
0.12	0.185	0.245	0.075	0.185	0.045	0.025	0.035	0.025	0.03	0.005	0.025
0.165	0.14	0.155	0.185	0.095	0.11	0.045	0.045	0.01	0.005	0.01	0.035
0.17	0.185	0.17	0.145	0.11	0.055	0.06	0.025	0.02	0.015	0.005	0.04
0.065	0.255	0.18	0.125	0.12	0.085	0.06	0.045	0.015	0.02	0.01	0.02
0.165	0.165	0.25	0.155	0.1	0.065	0.035	0.04	0.01	0.005	0.005	0.005
0.105	0.25	0.175	0.175	0.09	0.075	0.02	0.055	0.02	0.015	0	0.02
0.165	0.17	0.26	0.105	0.13	0.07	0.03	0.025	0.02	0.015	0.005	0.005
0.195	0.21	0.2	0.165	0.06	0.075	0.03	0.025	0.025	0.005	0.005	0.005
#######PARAMETER SECTION#######
800	400	1200	-4	800	-0.25	1
0.18	0.01	1	-4	0.18	-0.25	1
-1.36	-5	-0.001	-4	-1.36	-0.25	1
0.1	0.05	0.3	-4	0.1	-0.25	1
0.2	0.01	0.5	-4	0.2	-0.25	1
0.75	0.20001	1	-3	0.75	-0.25	1
13.815511	-1	200	1	13.815511	-0.25	1
0	-1	1	-4	0	-0.25	1
0.2	1e-04	1.2	-3	0.2	-0.25	1
0	-10	10	-6	0	-1	1
0	-10	10	-6	0	-1	1
2	0	12	2	2	-0.5	1
1	0	12	2	1	-0.5	1
2	0	12	-2	2	-0.5	1
1	0	12	-2	1	-0.5	1
1.5	0	12	2	1.5	-0.5	1
2	0	12	2	2	-0.5	1
-14.8991974076701	-30	5	1	-14.8991974076701	-1	1
1	0.1	2	-1	1	-1	1
-1.54399197800355	-10	1.39	1	-1.54399197800355	-1	1
#######DEV CONSTRAINTS and DEVS#######
-15	15	2
-15	15	2
-15	15	2
0	0	0	0	0	0	0	0	0	0	0	0	0	0	0	0	0	0	0	0	0	0	0	0	0	0	0	0	0	0
0	0	0	0	0	0	0	0	0	0	0	0	0	0	0	0	0	0	0	0	0	0	0	0	0	0	0	0	0	0
0	0	0	0	0	0	0	0	0	0	0
#######LIKELIHOOD WEIGHTS#######
1
1
1
1
0
1
0
0
0
#######MISCELLANEOUS STUFF SECTION#######
2.5e-08
3
0.5	0.5	0.5	0.5	0.5	0.5	0.5	0.5	0.5	0.5	0.5	0.5
0.0229773699100256	0.320821300824607	0.904650535100891	0.994779874306442	0.999738809680904	0.999986992871533	0.999999352405202	0.999999967758134	0.999999998394772	0.99999999992008	0.999999999996021	0.999999999999802
0.2	0.2	0.2	0.2	0.2	0.2	0.2	0.2	0.2	0.2	0.2	0.2
0
1
10
0.2
1
1	0	0	0	0	0	0	0	0	0	0	0
0	1	0	0	0	0	0	0	0	0	0	0
0	0	1	0	0	0	0	0	0	0	0	0
0	0	0	1	0	0	0	0	0	0	0	0
0	0	0	0	1	0	0	0	0	0	0	0
0	0	0	0	0	1	0	0	0	0	0	0
0	0	0	0	0	0	1	0	0	0	0	0
0	0	0	0	0	0	0	1	0	0	0	0
0	0	0	0	0	0	0	0	1	0	0	0
0	0	0	0	0	0	0	0	0	1	0	0
0	0	0	0	0	0	0	0	0	0	1	0
0	0	0	0	0	0	0	0	0	0	0	1
40
31
2
1
#######END OF DATA FILE#######
999
