#######GENERAL HEADER INPUT#######
1
30
1
30
1
30
30
12
1	2	3	4	5	6	7	8	9	10	11	12
12
1	2	3	4	5	6	7	8	9	10	11	12
1
1001
1
1
#######SURVEY DATA#######
30
1	2	3	4	5	6	7	8	9	10	11	12	13	14	15	16	17	18	19	20	21	22	23	24	25	26	27	28	29	30
1.62932845940007	1.47635663078924	1.52360262622433	1.40336512069517	1.27732731207461	1.35475827789462	1.21662747754064	1.28602102498271	1.41517595400057	1.3170006689512	0.998063138098399	1.1697555744792	0.996784153255271	0.933241286117671	1.09532916037704	1.1169075049394	0.961694730793284	1.07413377442078	0.867363015854336	0.725576910359675	0.594896903706797	0.7115542690206	0.737237151487407	0.575649152830483	0.629322187878665	0.637107193517722	0.65319969556524	0.609845180975405	0.58906612376844	0.627729646116999
0.2	0.2	0.2	0.2	0.2	0.2	0.2	0.2	0.2	0.2	0.2	0.2	0.2	0.2	0.2	0.2	0.2	0.2	0.2	0.2	0.2	0.2	0.2	0.2	0.2	0.2	0.2	0.2	0.2	0.2
30
1	2	3	4	5	6	7	8	9	10	11	12	13	14	15	16	17	18	19	20	21	22	23	24	25	26	27	28	29	30
200	200	200	200	200	200	200	200	200	200	200	200	200	200	200	200	200	200	200	200	200	200	200	200	200	200	200	200	200	200
200	200	200	200	200	200	200	200	200	200	200	200	200	200	200	200	200	200	200	200	200	200	200	200	200	200	200	200	200	200
0.06	0.115	0.175	0.14	0.105	0.075	0.06	0.01	0.045	0.035	0.04	0.14
0.065	0.1	0.175	0.18	0.09	0.095	0.055	0.025	0.055	0.025	0.025	0.11
0.06	0.14	0.18	0.125	0.12	0.055	0.055	0.03	0.02	0.065	0.03	0.12
0.035	0.095	0.2	0.13	0.1	0.1	0.075	0.055	0.065	0.025	0.015	0.105
0.085	0.11	0.12	0.1	0.11	0.085	0.08	0.035	0.035	0.045	0.03	0.165
0.135	0.155	0.14	0.075	0.085	0.075	0.085	0.035	0.07	0.03	0.005	0.11
0.075	0.135	0.235	0.13	0.095	0.08	0.06	0.055	0.02	0.025	0.02	0.07
0.05	0.16	0.2	0.17	0.08	0.04	0.055	0.065	0.03	0.01	0.025	0.115
0.115	0.155	0.15	0.14	0.145	0.075	0.04	0.055	0.015	0.015	0.025	0.07
0.06	0.215	0.155	0.085	0.145	0.12	0.03	0.02	0.05	0.025	0.035	0.06
0.08	0.21	0.225	0.105	0.085	0.09	0.05	0.045	0.01	0.02	0	0.08
0.065	0.175	0.165	0.225	0.05	0.055	0.045	0.045	0.02	0.035	0.03	0.09
0.065	0.17	0.19	0.125	0.18	0.07	0.035	0.065	0.03	0.015	0	0.055
0.06	0.09	0.27	0.165	0.11	0.1	0.055	0.02	0.04	0.015	0.005	0.07
0.11	0.135	0.115	0.195	0.135	0.1	0.075	0.035	0.025	0.02	0.015	0.04
0.11	0.195	0.11	0.065	0.15	0.09	0.075	0.095	0.025	0.02	0.025	0.04
0.09	0.18	0.27	0.11	0.065	0.07	0.065	0.03	0.045	0.015	0.015	0.045
0.105	0.22	0.22	0.155	0.06	0.075	0.045	0.03	0.02	0.05	0.005	0.015
0.095	0.155	0.265	0.125	0.16	0.055	0.025	0.03	0.03	0.015	0.01	0.035
0.08	0.205	0.185	0.21	0.115	0.07	0.05	0.015	0.015	0.015	0.015	0.025
0.1	0.16	0.185	0.175	0.125	0.09	0.07	0.035	0.015	0.01	0.01	0.025
0.125	0.26	0.155	0.17	0.09	0.075	0.025	0.02	0.025	0.02	0.015	0.02
0.125	0.27	0.195	0.13	0.08	0.07	0.03	0.04	0.015	0.01	0.005	0.03
0.105	0.265	0.225	0.135	0.07	0.065	0.045	0.05	0.01	0.02	0	0.01
0.165	0.26	0.2	0.13	0.065	0.055	0.045	0.03	0.015	0.01	0.005	0.02
0.075	0.34	0.255	0.125	0.12	0.01	0.03	0.005	0.02	0.005	0.01	0.005
0.09	0.225	0.305	0.145	0.085	0.065	0.01	0.025	0.015	0.005	0.005	0.025
0.115	0.33	0.16	0.185	0.085	0.075	0.03	0.01	0	0.005	0.005	0
0.12	0.21	0.225	0.135	0.12	0.09	0.04	0.025	0.015	0.005	0.01	0.005
0.11	0.21	0.205	0.205	0.075	0.075	0.03	0.03	0.03	0.01	0.005	0.015
#######LANDINGS DATA#######
1
30
160.658447319137	458.698305014888	735.722709886111	959.295911431558	729.449174199178	1249.35615609879	1204.83944536394	2351.85338168898	1271.04757857986	1474.44815324728	1630.86057996435	1658.47449417852	1139.99452342219	1583.19853857257	1552.18051113616	1298.81021709727	2304.59231446316	1658.41249545883	1509.70412160364	1394.2189129938	1731.60174403268	1147.25016094028	1706.77178652276	1264.82409782662	1205.79849337281	1092.43378261761	1072.47893278324	1436.82059600027	1004.28138019355	1378.82755619049
0.01	0.01	0.01	0.01	0.01	0.01	0.01	0.01	0.01	0.01	0.01	0.01	0.01	0.01	0.01	0.01	0.01	0.01	0.01	0.01	0.01	0.01	0.01	0.01	0.01	0.01	0.01	0.01	0.01	0.01
30
1	2	3	4	5	6	7	8	9	10	11	12	13	14	15	16	17	18	19	20	21	22	23	24	25	26	27	28	29	30
200	200	200	200	200	200	200	200	200	200	200	200	200	200	200	200	200	200	200	200	200	200	200	200	200	200	200	200	200	200
200	200	200	200	200	200	200	200	200	200	200	200	200	200	200	200	200	200	200	200	200	200	200	200	200	200	200	200	200	200
0.085	0.115	0.14	0.105	0.105	0.07	0.07	0.07	0.04	0.04	0.015	0.145
0.085	0.095	0.125	0.135	0.11	0.06	0.07	0.075	0.05	0.04	0.02	0.135
0.035	0.14	0.15	0.11	0.12	0.095	0.055	0.055	0.025	0.035	0.04	0.14
0.055	0.085	0.145	0.11	0.1	0.09	0.085	0.055	0.045	0.05	0.02	0.16
0.09	0.09	0.145	0.12	0.09	0.08	0.065	0.07	0.05	0.04	0.035	0.125
0.1	0.155	0.085	0.12	0.06	0.095	0.075	0.06	0.025	0.06	0.05	0.115
0.06	0.135	0.245	0.11	0.07	0.075	0.055	0.05	0.03	0.04	0.05	0.08
0.075	0.085	0.185	0.185	0.095	0.045	0.05	0.045	0.04	0.04	0.03	0.125
0.11	0.13	0.15	0.175	0.13	0.065	0.055	0.045	0.025	0.02	0.02	0.075
0.135	0.16	0.125	0.1	0.105	0.105	0.05	0.05	0.015	0.005	0.03	0.12
0.135	0.12	0.175	0.115	0.065	0.095	0.08	0.04	0.04	0.015	0.04	0.08
0.11	0.145	0.16	0.18	0.08	0.085	0.045	0.045	0.02	0.025	0.02	0.085
0.025	0.13	0.175	0.19	0.175	0.065	0.08	0.03	0.045	0.035	0.015	0.035
0.105	0.075	0.195	0.115	0.17	0.125	0.035	0.04	0.04	0.045	0.02	0.035
0.11	0.135	0.105	0.185	0.105	0.12	0.055	0.06	0.035	0.03	0.02	0.04
0.095	0.225	0.15	0.07	0.11	0.095	0.075	0.09	0.03	0.005	0.01	0.045
0.105	0.155	0.17	0.17	0.07	0.1	0.065	0.05	0.025	0.02	0.01	0.06
0.09	0.17	0.18	0.18	0.125	0.03	0.045	0.04	0.06	0.03	0.01	0.04
0.135	0.145	0.18	0.175	0.135	0.06	0.04	0.015	0.025	0.03	0.015	0.045
0.13	0.235	0.19	0.155	0.09	0.025	0.03	0.035	0.035	0.02	0.025	0.03
0.095	0.14	0.22	0.16	0.115	0.085	0.065	0.02	0.005	0.025	0.015	0.055
0.14	0.155	0.15	0.22	0.095	0.075	0.065	0.03	0.04	0.005	0	0.025
0.17	0.195	0.195	0.13	0.12	0.055	0.04	0.03	0.03	0	0.005	0.03
0.155	0.19	0.22	0.14	0.08	0.045	0.045	0.04	0.03	0.02	0.015	0.02
0.2	0.22	0.195	0.135	0.085	0.03	0.04	0.025	0.025	0.005	0.02	0.02
0.13	0.185	0.25	0.185	0.09	0.055	0.04	0.015	0.01	0.005	0	0.035
0.1	0.175	0.27	0.19	0.1	0.075	0.025	0.025	0.01	0.01	0.005	0.015
0.14	0.175	0.205	0.24	0.095	0.045	0.05	0.02	0.01	0.01	0	0.01
0.15	0.19	0.205	0.14	0.135	0.08	0.05	0.02	0.005	0	0.01	0.015
0.16	0.23	0.19	0.185	0.07	0.08	0.04	0.01	0.01	0.01	0.005	0.01
#######PARAMETER SECTION#######
800	400	1200	-4	800	-0.25	1
0.18	0.01	1	-4	0.18	-0.25	1
-1.36	-5	-0.001	-4	-1.36	-0.25	1
0.1	0.05	0.3	-4	0.1	-0.25	1
0.2	0.01	0.5	-4	0.2	-0.25	1
0.75	0.20001	1	-3	0.75	-0.25	1
13.815511	-1	200	1	13.815511	-0.25	1
0	-1	1	-4	0	-0.25	1
0.2	1e-04	1.2	-3	0.2	-0.25	1
0	-10	10	-6	0	-1	1
0	-10	10	-6	0	-1	1
2	0	12	2	2	-0.5	1
1	0	12	2	1	-0.5	1
2	0	12	-2	2	-0.5	1
1	0	12	-2	1	-0.5	1
1.5	0	12	2	1.5	-0.5	1
2	0	12	2	2	-0.5	1
-14.8970693144339	-30	5	1	-14.8970693144339	-1	1
1	0.1	2	-1	1	-1	1
-1.54399197800355	-10	1.39	1	-1.54399197800355	-1	1
#######DEV CONSTRAINTS and DEVS#######
-15	15	2
-15	15	2
-15	15	2
0	0	0	0	0	0	0	0	0	0	0	0	0	0	0	0	0	0	0	0	0	0	0	0	0	0	0	0	0	0
0	0	0	0	0	0	0	0	0	0	0	0	0	0	0	0	0	0	0	0	0	0	0	0	0	0	0	0	0	0
0	0	0	0	0	0	0	0	0	0	0
#######LIKELIHOOD WEIGHTS#######
1
1
1
1
0
1
0
0
0
#######MISCELLANEOUS STUFF SECTION#######
2.5e-08
3
0.5	0.5	0.5	0.5	0.5	0.5	0.5	0.5	0.5	0.5	0.5	0.5
0.0229773699100256	0.320821300824607	0.904650535100891	0.994779874306442	0.999738809680904	0.999986992871533	0.999999352405202	0.999999967758134	0.999999998394772	0.99999999992008	0.999999999996021	0.999999999999802
0.2	0.2	0.2	0.2	0.2	0.2	0.2	0.2	0.2	0.2	0.2	0.2
0
1
10
0.2
1
1	0	0	0	0	0	0	0	0	0	0	0
0	1	0	0	0	0	0	0	0	0	0	0
0	0	1	0	0	0	0	0	0	0	0	0
0	0	0	1	0	0	0	0	0	0	0	0
0	0	0	0	1	0	0	0	0	0	0	0
0	0	0	0	0	1	0	0	0	0	0	0
0	0	0	0	0	0	1	0	0	0	0	0
0	0	0	0	0	0	0	1	0	0	0	0
0	0	0	0	0	0	0	0	1	0	0	0
0	0	0	0	0	0	0	0	0	1	0	0
0	0	0	0	0	0	0	0	0	0	1	0
0	0	0	0	0	0	0	0	0	0	0	1
40
31
2
1
#######END OF DATA FILE#######
999
