# Number of parameters = 77  Objective function value = 26282.9  Maximum gradient component = 0.00103007
# sel_params[1]:
1.97088396012
# sel_params[2]:
0.920983789449
# log_Fmult_year1:
 -4.65175372525
# log_Fmult_devs:
 1.05739324165 0.500301981904 0.305868357074 -0.235368805618 0.593131213040 0.00966174592200 0.750304819112 -0.538484767840 0.193705487173 0.134859816678 0.0579399080080 -0.332721807392 0.366509264863 0.0646442422669 -0.116294488595 0.654921939093 -0.192735627580 0.00572543091565 -0.00932613196103 0.336397401987 -0.321583309573 0.496936713684 -0.208875717355 -0.00893304119123 -0.0940645343814 -0.00210573938220 0.334701801325 -0.249031157094 0.411546179027
# log_recruit_devs:
 -0.0861029886891 0.130443574952 -0.0382696959225 0.301380166239 -0.0155599412810 -0.00305113957001 0.0975299057983 0.121457769321 -0.0163238452777 0.127996288865 0.159659893040 -0.109425738055 -0.0304872707947 -0.172767253478 0.0935263139442 -0.0776364059278 -0.0291338146052 0.0834429435840 0.330082978340 -0.521754813430 -0.0998749542836 0.111676503181 0.0849679187285 -0.0595022295039 -0.219177466771 -0.285049306849 -0.133559076295 -0.196950063563 0.258454468494 0.194007279808
# log_N_year1_devs:
 0.00648054812915 0.0484164989325 0.0807865607681 -0.161003181527 -0.157433236111 0.0676747349194 -0.202901205498 0.0711001737104 0.00672519477425 -0.244831503565 -0.188632169082
# log_q_year1:
 -8.03104061808
# log_q_devs:
 0.00000000000 0.00000000000 0.00000000000 0.00000000000 0.00000000000 0.00000000000 0.00000000000 0.00000000000 0.00000000000 0.00000000000 0.00000000000 0.00000000000 0.00000000000 0.00000000000 0.00000000000 0.00000000000 0.00000000000 0.00000000000 0.00000000000 0.00000000000 0.00000000000 0.00000000000 0.00000000000 0.00000000000 0.00000000000 0.00000000000 0.00000000000 0.00000000000 0.00000000000
# index_sel_params[1]:
1.48862010183
# index_sel_params[2]:
0.484824955222
# log_SR_scaler:
6.97966567117
# SR_steepness:
0.750000000000
