#styr												
1
#endyr												
30
#rec_age										
1															
#n_ages										
12
# numbers of length intervals
81
#Length	bin
10	11	12	13	14	15	16	17	18	19	20	21	22	23	24	25	26	27	28	29	30	31	32	33	34	35	36	37	38	39	40	41	42	43	44	45	46	47	48	49	50	51	52	53	54	55	56	57	58	59	60	61	62	63	64	65	66	67	68	69	70	71	72	73	74	75	76	77	78	79	80	81	82	83	84	85	86	87	88	89	90
#nfsh
1
#names_fsh
FLEET1												
#catch												
197.825188817729	358.515573992933	381.917866675523	723.000091379688	1242.82691572628	1130.94206656643	1854.66815054241	1436.43617779225	1300.74472025028	1246.73348331692	1142.4304075032	1981.66556903754	1534.91671251819	1270.74540075882	1133.88654293487	1516.24864996593	1397.65441052343	1262.52929542873	1759.4861958699	1529.41306159384	1932.85169052443	1392.40493992799	1512.37547920155	891.671146092718	1040.97770232735	1368.39025343963	1310.53516960009	1284.64836056826	768.06599757033	1083.42506379027
#catch_cv											
0.01	0.01	0.01	0.01	0.01	0.01	0.01	0.01	0.01	0.01	0.01	0.01	0.01	0.01	0.01	0.01	0.01	0.01	0.01	0.01	0.01	0.01	0.01	0.01	0.01	0.01	0.01	0.01	0.01	0.01
#n_ages_fsh								
30		
#n_lengths_fsh								
0															
#yrs_ages_fsh								
1	2	3	4	5	6	7	8	9	10	11	12	13	14	15	16	17	18	19	20	21	22	23	24	25	26	27	28	29	30	
#sample_ages_fsh							
200	200	200	200	200	200	200	200	200	200	200	200	200	200	200	200	200	200	200	200	200	200	200	200	200	200	200	200	200	200
#page_fsh	2	3	4	5	6	7	8	9	10	11						
0.08	0.115	0.15	0.12	0.095	0.085	0.09	0.06	0.055	0.01	0.05	0.09
0.095	0.14	0.095	0.12	0.115	0.105	0.04	0.055	0.03	0.05	0.025	0.13
0.075	0.12	0.145	0.09	0.11	0.08	0.065	0.055	0.04	0.045	0.025	0.15
0.08	0.105	0.185	0.115	0.12	0.055	0.055	0.045	0.035	0.045	0.03	0.13
0.07	0.095	0.11	0.115	0.13	0.11	0.06	0.055	0.05	0.045	0.05	0.11
0.06	0.09	0.12	0.105	0.105	0.09	0.07	0.085	0.06	0.06	0.035	0.12
0.045	0.1	0.185	0.14	0.1	0.13	0.055	0.045	0.05	0.02	0.03	0.1
0.05	0.095	0.135	0.17	0.085	0.065	0.075	0.055	0.04	0.03	0.055	0.145
0.13	0.07	0.125	0.135	0.095	0.05	0.095	0.06	0.03	0.04	0.03	0.14
0.05	0.15	0.13	0.09	0.15	0.14	0.035	0.04	0.035	0.045	0.045	0.09
0.115	0.12	0.155	0.17	0.1	0.095	0.05	0.05	0.02	0.025	0.015	0.085
0.12	0.14	0.115	0.155	0.11	0.07	0.085	0.07	0.02	0.02	0.01	0.085
0.105	0.155	0.185	0.115	0.145	0.065	0.04	0.04	0.045	0.03	0.01	0.065
0.085	0.135	0.15	0.2	0.075	0.09	0.045	0.045	0.02	0.02	0.02	0.115
0.1	0.155	0.11	0.19	0.17	0.075	0.07	0.01	0.015	0.015	0.02	0.07
0.16	0.14	0.195	0.095	0.065	0.11	0.035	0.05	0.035	0.04	0.015	0.06
0.09	0.14	0.165	0.17	0.09	0.09	0.075	0.03	0.08	0.025	0.01	0.035
0.145	0.14	0.19	0.13	0.09	0.1	0.05	0.065	0.015	0.025	0.01	0.04
0.08	0.265	0.115	0.15	0.135	0.075	0.06	0.03	0.035	0.015	0.015	0.025
0.135	0.17	0.23	0.1	0.09	0.06	0.07	0.035	0.015	0.01	0.02	0.065
0.13	0.19	0.165	0.23	0.06	0.075	0.06	0.03	0.035	0	0.01	0.015
0.185	0.175	0.165	0.13	0.14	0.05	0.065	0.05	0.02	0.01	0	0.01
0.15	0.215	0.18	0.1	0.13	0.085	0.06	0.03	0.02	0.015	0.01	0.005
0.115	0.23	0.23	0.14	0.11	0.07	0.04	0.01	0.015	0.005	0.01	0.025
0.19	0.195	0.175	0.16	0.095	0.075	0.02	0.055	0.005	0.005	0.01	0.015
0.155	0.195	0.225	0.185	0.075	0.05	0.045	0.025	0.01	0	0.02	0.015
0.11	0.17	0.24	0.16	0.105	0.095	0.06	0.02	0.015	0.01	0	0.015
0.17	0.245	0.215	0.145	0.115	0.055	0.01	0.015	0.02	0	0.005	0.005
0.125	0.21	0.16	0.185	0.115	0.06	0.075	0.025	0.02	0.01	0.01	0.005
0.13	0.185	0.21	0.17	0.115	0.095	0.03	0.015	0.025	0.01	0.005	0.01
#wt_age_fsh	1 2	3	4	5	6	7	8	9	10	11						
0.000530656	0.001196328	0.002058265	0.003034987	0.004055212	0.005064698	0.006026226	0.006916921	0.007724891	0.008446113	0.009081853	0.009636695
0.000530656	0.001196328	0.002058265	0.003034987	0.004055212	0.005064698	0.006026226	0.006916921	0.007724891	0.008446113	0.009081853	0.009636695
0.000530656	0.001196328	0.002058265	0.003034987	0.004055212	0.005064698	0.006026226	0.006916921	0.007724891	0.008446113	0.009081853	0.009636695
0.000530656	0.001196328	0.002058265	0.003034987	0.004055212	0.005064698	0.006026226	0.006916921	0.007724891	0.008446113	0.009081853	0.009636695
0.000530656	0.001196328	0.002058265	0.003034987	0.004055212	0.005064698	0.006026226	0.006916921	0.007724891	0.008446113	0.009081853	0.009636695
0.000530656	0.001196328	0.002058265	0.003034987	0.004055212	0.005064698	0.006026226	0.006916921	0.007724891	0.008446113	0.009081853	0.009636695
0.000530656	0.001196328	0.002058265	0.003034987	0.004055212	0.005064698	0.006026226	0.006916921	0.007724891	0.008446113	0.009081853	0.009636695
0.000530656	0.001196328	0.002058265	0.003034987	0.004055212	0.005064698	0.006026226	0.006916921	0.007724891	0.008446113	0.009081853	0.009636695
0.000530656	0.001196328	0.002058265	0.003034987	0.004055212	0.005064698	0.006026226	0.006916921	0.007724891	0.008446113	0.009081853	0.009636695
0.000530656	0.001196328	0.002058265	0.003034987	0.004055212	0.005064698	0.006026226	0.006916921	0.007724891	0.008446113	0.009081853	0.009636695
0.000530656	0.001196328	0.002058265	0.003034987	0.004055212	0.005064698	0.006026226	0.006916921	0.007724891	0.008446113	0.009081853	0.009636695
0.000530656	0.001196328	0.002058265	0.003034987	0.004055212	0.005064698	0.006026226	0.006916921	0.007724891	0.008446113	0.009081853	0.009636695
0.000530656	0.001196328	0.002058265	0.003034987	0.004055212	0.005064698	0.006026226	0.006916921	0.007724891	0.008446113	0.009081853	0.009636695
0.000530656	0.001196328	0.002058265	0.003034987	0.004055212	0.005064698	0.006026226	0.006916921	0.007724891	0.008446113	0.009081853	0.009636695
0.000530656	0.001196328	0.002058265	0.003034987	0.004055212	0.005064698	0.006026226	0.006916921	0.007724891	0.008446113	0.009081853	0.009636695
0.000530656	0.001196328	0.002058265	0.003034987	0.004055212	0.005064698	0.006026226	0.006916921	0.007724891	0.008446113	0.009081853	0.009636695
0.000530656	0.001196328	0.002058265	0.003034987	0.004055212	0.005064698	0.006026226	0.006916921	0.007724891	0.008446113	0.009081853	0.009636695
0.000530656	0.001196328	0.002058265	0.003034987	0.004055212	0.005064698	0.006026226	0.006916921	0.007724891	0.008446113	0.009081853	0.009636695
0.000530656	0.001196328	0.002058265	0.003034987	0.004055212	0.005064698	0.006026226	0.006916921	0.007724891	0.008446113	0.009081853	0.009636695
0.000530656	0.001196328	0.002058265	0.003034987	0.004055212	0.005064698	0.006026226	0.006916921	0.007724891	0.008446113	0.009081853	0.009636695
0.000530656	0.001196328	0.002058265	0.003034987	0.004055212	0.005064698	0.006026226	0.006916921	0.007724891	0.008446113	0.009081853	0.009636695
0.000530656	0.001196328	0.002058265	0.003034987	0.004055212	0.005064698	0.006026226	0.006916921	0.007724891	0.008446113	0.009081853	0.009636695
0.000530656	0.001196328	0.002058265	0.003034987	0.004055212	0.005064698	0.006026226	0.006916921	0.007724891	0.008446113	0.009081853	0.009636695
0.000530656	0.001196328	0.002058265	0.003034987	0.004055212	0.005064698	0.006026226	0.006916921	0.007724891	0.008446113	0.009081853	0.009636695
0.000530656	0.001196328	0.002058265	0.003034987	0.004055212	0.005064698	0.006026226	0.006916921	0.007724891	0.008446113	0.009081853	0.009636695
0.000530656	0.001196328	0.002058265	0.003034987	0.004055212	0.005064698	0.006026226	0.006916921	0.007724891	0.008446113	0.009081853	0.009636695
0.000530656	0.001196328	0.002058265	0.003034987	0.004055212	0.005064698	0.006026226	0.006916921	0.007724891	0.008446113	0.009081853	0.009636695
0.000530656	0.001196328	0.002058265	0.003034987	0.004055212	0.005064698	0.006026226	0.006916921	0.007724891	0.008446113	0.009081853	0.009636695
0.000530656	0.001196328	0.002058265	0.003034987	0.004055212	0.005064698	0.006026226	0.006916921	0.007724891	0.008446113	0.009081853	0.009636695
0.000530656	0.001196328	0.002058265	0.003034987	0.004055212	0.005064698	0.006026226	0.006916921	0.007724891	0.008446113	0.009081853	0.009636695
#nind
1
#ind_names									
SURVEY1									
#nobs_ind
30
#yrs_ind											
1	2	3	4	5	6	7	8	9	10	11	12	13	14	15	16	17	18	19	20	21	22	23	24	25	26	27	28	29	30	
#month_ind										
1															
#biom_ind											
1.77187871107905	1.70474591980991	1.37975821466251	1.65677685459975	1.36571688527792	1.3856723989357	1.0473565769243	1.09974503691154	1.16593438993945	1.17427370256699	1.16588979525925	1.19156237958975	0.997936048514115	0.910012865482325	1.00165844171662	0.964656516921694	0.922019352253331	1.00659132334934	0.854960134619019	0.975136654320964	0.846751415160058	0.6854582567506	0.679882803517141	0.744905977534058	0.595840850616665	0.691107774232133	0.623731874023141	0.596325207558874	0.594640412589317	0.620282814742755
#biom_cv																
0.35437574221581	0.340949183961981	0.275951642932502	0.331355370919951	0.273143377055584	0.27713447978714	0.20947131538486	0.219949007382309	0.23318687798789	0.234854740513397	0.23317795905185	0.238312475917949	0.199587209702823	0.182002573096465	0.200331688343323	0.192931303384339	0.184403870450666	0.201318264669867	0.170992026923804	0.195027330864193	0.169350283032012	0.13709165135012	0.135976560703428	0.148981195506812	0.119168170123333	0.138221554846427	0.124746374804628	0.119265041511775	0.118928082517863	0.124056562948551
#n_ages_ind															
30			
#n_lengths_ind															
0															
#yrs_ages_ind															
1	2	3	4	5	6	7	8	9	10	11	12	13	14	15	16	17	18	19	20	21	22	23	24	25	26	27	28	29	30	
#sample_ages_ind					
200	200	200	200	200	200	200	200	200	200	200	200	200	200	200	200	200	200	200	200	200	200	200	200	200	200	200	200	200	200
#page_ind						
0.07	0.125	0.12	0.095	0.12	0.09	0.09	0.08	0.055	0.025	0.02	0.11
0.09	0.165	0.09	0.135	0.12	0.075	0.06	0.065	0.04	0.02	0.025	0.115
0.1	0.19	0.15	0.11	0.07	0.06	0.095	0.035	0.01	0.05	0.025	0.105
0.045	0.13	0.205	0.115	0.08	0.095	0.035	0.045	0.055	0.04	0.03	0.125
0.055	0.145	0.14	0.14	0.115	0.1	0.075	0.025	0.02	0.015	0.045	0.125
0.035	0.19	0.11	0.115	0.115	0.07	0.08	0.07	0.05	0.03	0.04	0.095
0.055	0.145	0.205	0.09	0.075	0.07	0.13	0.055	0.03	0.03	0.03	0.085
0.06	0.115	0.155	0.185	0.08	0.065	0.085	0.035	0.045	0.03	0.02	0.125
0.12	0.145	0.15	0.12	0.105	0.055	0.065	0.055	0.025	0.035	0.025	0.1
0.06	0.2	0.16	0.095	0.14	0.095	0.045	0.065	0.035	0.035	0.005	0.065
0.08	0.14	0.22	0.13	0.09	0.05	0.085	0.055	0.02	0.02	0.02	0.09
0.065	0.2	0.125	0.165	0.12	0.055	0.065	0.05	0.02	0.02	0.035	0.08
0.075	0.16	0.25	0.1	0.105	0.055	0.04	0.06	0.04	0.005	0.035	0.075
0.115	0.185	0.16	0.205	0.075	0.075	0.02	0.045	0.025	0.03	0.015	0.05
0.11	0.255	0.175	0.125	0.07	0.05	0.07	0.04	0.02	0.015	0.01	0.06
0.11	0.215	0.2	0.14	0.095	0.05	0.055	0.04	0.03	0.015	0.005	0.045
0.05	0.2	0.23	0.155	0.105	0.04	0.065	0.035	0.05	0.025	0.005	0.04
0.16	0.15	0.19	0.22	0.1	0.02	0.04	0.015	0.03	0.02	0.01	0.045
0.085	0.23	0.16	0.15	0.08	0.1	0.08	0.04	0.01	0.025	0.015	0.025
0.08	0.24	0.205	0.1	0.125	0.08	0.07	0.02	0.025	0.015	0.015	0.025
0.075	0.22	0.18	0.155	0.08	0.095	0.075	0.05	0.02	0.015	0.005	0.03
0.135	0.25	0.19	0.085	0.14	0.04	0.055	0.05	0.03	0.015	0.01	0
0.09	0.255	0.255	0.16	0.08	0.055	0.02	0.04	0.01	0.015	0	0.02
0.13	0.255	0.21	0.17	0.085	0.035	0.045	0.02	0.025	0.02	0.005	0
0.13	0.19	0.235	0.19	0.075	0.06	0.05	0.025	0.01	0.005	0.01	0.02
0.105	0.225	0.215	0.18	0.1	0.085	0.055	0	0.015	0.005	0.005	0.01
0.07	0.245	0.245	0.17	0.1	0.05	0.055	0.04	0.01	0.01	0	0.005
0.115	0.215	0.225	0.175	0.07	0.08	0.055	0.02	0.02	0	0.015	0.01
0.14	0.22	0.21	0.145	0.115	0.05	0.05	0.02	0.01	0.015	0.015	0.01
0.105	0.235	0.205	0.135	0.095	0.09	0.045	0.04	0.035	0.01	0.005	0
#wt_age_ind						
1 1 1 1 1 1 1 1 1 1 1 1 
1 1 1 1 1 1 1 1 1 1 1 1 
1 1 1 1 1 1 1 1 1 1 1 1 
1 1 1 1 1 1 1 1 1 1 1 1 
1 1 1 1 1 1 1 1 1 1 1 1 
1 1 1 1 1 1 1 1 1 1 1 1 
1 1 1 1 1 1 1 1 1 1 1 1 
1 1 1 1 1 1 1 1 1 1 1 1 
1 1 1 1 1 1 1 1 1 1 1 1 
1 1 1 1 1 1 1 1 1 1 1 1 
1 1 1 1 1 1 1 1 1 1 1 1 
1 1 1 1 1 1 1 1 1 1 1 1 
1 1 1 1 1 1 1 1 1 1 1 1 
1 1 1 1 1 1 1 1 1 1 1 1 
1 1 1 1 1 1 1 1 1 1 1 1 
1 1 1 1 1 1 1 1 1 1 1 1 
1 1 1 1 1 1 1 1 1 1 1 1 
1 1 1 1 1 1 1 1 1 1 1 1 
1 1 1 1 1 1 1 1 1 1 1 1 
1 1 1 1 1 1 1 1 1 1 1 1 
1 1 1 1 1 1 1 1 1 1 1 1 
1 1 1 1 1 1 1 1 1 1 1 1 
1 1 1 1 1 1 1 1 1 1 1 1 
1 1 1 1 1 1 1 1 1 1 1 1 
1 1 1 1 1 1 1 1 1 1 1 1 
1 1 1 1 1 1 1 1 1 1 1 1 
1 1 1 1 1 1 1 1 1 1 1 1 
1 1 1 1 1 1 1 1 1 1 1 1 
1 1 1 1 1 1 1 1 1 1 1 1 
1 1 1 1 1 1 1 1 1 1 1 1 
# wt_pop
0.000530656	0.001196328	0.002058265	0.003034987	0.004055212	0.005064698	0.006026226	0.006916921	0.007724891	0.008446113	0.009081853	0.009636695
#maturity
0.02297737 0.32082130 0.90465054 0.99477987 0.99973881 0.99998699 0.99999935 0.99999997 1 1 1 1
#spmonth						
1		
#age_err						
1	0	0	0	0	0	0	0	0	0	0	0
0	1	0	0	0	0	0	0	0	0	0	0
0	0	1	0	0	0	0	0	0	0	0	0
0	0	0	1	0	0	0	0	0	0	0	0
0	0	0	0	1	0	0	0	0	0	0	0
0	0	0	0	0	1	0	0	0	0	0	0
0	0	0	0	0	0	1	0	0	0	0	0
0	0	0	0	0	0	0	1	0	0	0	0
0	0	0	0	0	0	0	0	1	0	0	0
0	0	0	0	0	0	0	0	0	1	0	0
0	0	0	0	0	0	0	0	0	0	1	0
0	0	0	0	0	0	0	0	0	0	0	1																														
