# Number of parameters = 77  Objective function value = 26378.9  Maximum gradient component = 0.00111483
# sel_params[1]:
2.07804813785
# sel_params[2]:
1.04997072261
# log_Fmult_year1:
 -4.63416296031
# log_Fmult_devs:
 1.07293895263 0.503114238037 0.297812869839 -0.230275044768 0.588575454493 0.0114782254929 0.753582074214 -0.544617022382 0.193570840719 0.135881105281 0.0712111273274 -0.308408792903 0.376680998430 0.0680176650436 -0.116492709593 0.676342257368 -0.208386315598 -0.0137400294297 -0.0152007338930 0.317458094690 -0.311978999262 0.497337004826 -0.175152285698 -0.00804564776313 -0.106381422699 -0.0450878167665 0.325984951925 -0.309134452776 0.399867631654
# log_recruit_devs:
 -0.0311907801610 0.0722779866801 0.0310519787222 0.0151239191144 0.195107454191 -0.181621317461 -0.125200313592 0.175610431173 -0.0749037291807 -0.0492880163312 -0.180695613422 0.0196693088754 0.264822797649 -0.120703537074 -0.0656779005369 -0.00623079285401 0.335778155921 0.103068093381 -0.218065688465 0.269566898972 -0.109818303198 -0.0908864678303 -0.174974972177 -0.172305156043 0.137023787823 0.141285877374 -0.199762711767 0.0656203933927 -0.00729692625160 -0.0173848569245
# log_N_year1_devs:
 -0.123204726231 0.0235607088660 -0.0581378270036 0.109011323713 -0.210735584538 0.0223786133897 -0.139400316521 -0.315780372240 -0.0743710057990 -0.564634355608 -0.0743632475111
# log_q_year1:
 -7.92970006611
# log_q_devs:
 0.00000000000 0.00000000000 0.00000000000 0.00000000000 0.00000000000 0.00000000000 0.00000000000 0.00000000000 0.00000000000 0.00000000000 0.00000000000 0.00000000000 0.00000000000 0.00000000000 0.00000000000 0.00000000000 0.00000000000 0.00000000000 0.00000000000 0.00000000000 0.00000000000 0.00000000000 0.00000000000 0.00000000000 0.00000000000 0.00000000000 0.00000000000 0.00000000000 0.00000000000
# index_sel_params[1]:
1.56360303567
# index_sel_params[2]:
0.579239469664
# log_SR_scaler:
6.90677536053
# SR_steepness:
0.750000000000
