# Number of parameters = 77  Objective function value = 26482.6  Maximum gradient component = 0.0137438
# sel_params[1]:
1.91455342716
# sel_params[2]:
0.942665643911
# log_Fmult_year1:
 -4.73522464283
# log_Fmult_devs:
 1.06709344631 0.503416702006 0.305389921330 -0.229973045304 0.600699230501 0.0124299785134 0.752342461545 -0.537841715683 0.198445866352 0.135042192822 0.0645793742650 -0.335900266879 0.371762491236 0.0599519528292 -0.117057050337 0.650698272431 -0.225362099850 -0.0199312086389 -0.0322932401910 0.320529596827 -0.316825312451 0.497067309668 -0.195279576070 -0.00233457672313 -0.0989531017263 -0.0314087973248 0.346264460419 -0.292257587623 0.402214010714
# log_recruit_devs:
 0.0485557931666 0.112638485048 0.0674707463617 0.120979658239 -0.277261283297 0.103275666830 -0.183676838158 0.164652388378 -0.00506470250675 0.185234937107 0.127882351901 0.106214235741 -0.348489537729 0.135442057052 -0.145927640738 0.196250543673 -0.0110017898661 -0.241403008386 -0.210598180795 -0.0142831495540 0.125049834558 -0.361896338279 0.239361739032 -0.0596708070218 0.272440107944 0.0243882715939 0.0355426485758 -0.132926704559 0.0334368997810 -0.106616384092
# log_N_year1_devs:
 0.0691545273710 0.0652733834508 -0.107436210375 0.0663406668604 0.00762769042298 0.229538217464 0.0351597702239 0.000942237671609 -0.157175787836 -0.707877142330 0.0251619294425
# log_q_year1:
 -8.03451078311
# log_q_devs:
 0.00000000000 0.00000000000 0.00000000000 0.00000000000 0.00000000000 0.00000000000 0.00000000000 0.00000000000 0.00000000000 0.00000000000 0.00000000000 0.00000000000 0.00000000000 0.00000000000 0.00000000000 0.00000000000 0.00000000000 0.00000000000 0.00000000000 0.00000000000 0.00000000000 0.00000000000 0.00000000000 0.00000000000 0.00000000000 0.00000000000 0.00000000000 0.00000000000 0.00000000000
# index_sel_params[1]:
1.36507712644
# index_sel_params[2]:
0.449041257737
# log_SR_scaler:
6.89147134482
# SR_steepness:
0.750000000000
