# Number of parameters = 77  Objective function value = 26282.7  Maximum gradient component = 0.00237935
# sel_params[1]:
1.97027484080
# sel_params[2]:
0.949185209975
# log_Fmult_year1:
 -4.66111028596
# log_Fmult_devs:
 1.05907555819 0.501666274908 0.307856305257 -0.227323055132 0.592643815688 0.0161638149636 0.737630898562 -0.536666231960 0.191698340751 0.108125429120 0.0649003284907 -0.335846283253 0.371282752824 0.0701634978739 -0.0992262922005 0.679973406304 -0.196118601706 -0.00695138191836 -0.0265837022346 0.326406923407 -0.323832824883 0.496553228444 -0.189102383095 -0.0174070444154 -0.0857046198847 -0.0132420610068 0.353240567467 -0.279212658472 0.413065285330
# log_recruit_devs:
 -0.0129788530142 0.0125785075225 -0.0352419187302 -0.125329357300 -0.0214292265500 0.0535038189799 -0.0685391424424 0.288255282361 0.172239371412 0.243566517822 -0.130387916180 -0.437461769860 0.0710529703399 -0.0717503918211 0.271935967319 0.313157035453 -0.0970940662006 -0.247366628751 -0.110897935177 0.361421733639 -0.178991125691 -0.0955080443136 -0.116220263832 -0.0100524627302 -0.0648185573014 -0.0655035063239 0.0812321282211 0.0124330756226 0.0420211698876 -0.0338264123604
# log_N_year1_devs:
 -0.0663462845388 0.0637123872992 -0.0684530251548 -0.119665853345 -0.132697536473 -0.0897292406749 -0.0172469477463 0.0932745226336 -0.241873238102 -0.0104998735457 -0.0942507358550
# log_q_year1:
 -7.98005087853
# log_q_devs:
 0.00000000000 0.00000000000 0.00000000000 0.00000000000 0.00000000000 0.00000000000 0.00000000000 0.00000000000 0.00000000000 0.00000000000 0.00000000000 0.00000000000 0.00000000000 0.00000000000 0.00000000000 0.00000000000 0.00000000000 0.00000000000 0.00000000000 0.00000000000 0.00000000000 0.00000000000 0.00000000000 0.00000000000 0.00000000000 0.00000000000 0.00000000000 0.00000000000 0.00000000000
# index_sel_params[1]:
1.45314766256
# index_sel_params[2]:
0.483303266107
# log_SR_scaler:
6.92619759081
# SR_steepness:
0.750000000000
