# Number of parameters = 77  Objective function value = 26184.5  Maximum gradient component = 0.000169523
# sel_params[1]:
2.03624608965
# sel_params[2]:
0.980494298656
# log_Fmult_year1:
 -4.62895997542
# log_Fmult_devs:
 1.05942266097 0.504246775061 0.300642035555 -0.235206519721 0.575905143463 0.0197297441444 0.742088783528 -0.536112980370 0.200510627744 0.121610444164 0.0666221331988 -0.317978325297 0.374789033040 0.0703722951558 -0.111026361685 0.667286853050 -0.186865953755 -0.0169537975919 -0.0124210599068 0.327930545901 -0.315753530285 0.518793071178 -0.177458713895 -0.0200085927802 -0.0791336422441 0.0121555318738 0.365241532917 -0.217241980469 0.455340943399
# log_recruit_devs:
 -0.0345489824342 0.0119119099842 -0.181674188597 -0.0690846409680 -0.0932410108867 0.0817440006042 0.194060856824 0.0184059119729 0.181665870359 0.203251896550 -0.0417182337886 0.248256903585 -0.119915184777 -0.107433765546 0.205991168708 -0.285003277853 -0.201782244729 -0.115715046021 0.259022582453 -0.214488545740 0.00672401786707 -0.522833005777 0.0580699059094 0.228109646127 0.318593413434 0.0197351920623 -0.0834969016908 -0.288218219127 0.107578308930 0.216031662566
# log_N_year1_devs:
 0.0493198155443 -0.0742376391643 -0.174301750200 0.0150765636885 -0.0934652491783 0.0850225290474 -0.104373627903 0.00745378214036 -0.402834387052 -0.0719109312045 -0.193420316767
# log_q_year1:
 -7.99439206549
# log_q_devs:
 0.00000000000 0.00000000000 0.00000000000 0.00000000000 0.00000000000 0.00000000000 0.00000000000 0.00000000000 0.00000000000 0.00000000000 0.00000000000 0.00000000000 0.00000000000 0.00000000000 0.00000000000 0.00000000000 0.00000000000 0.00000000000 0.00000000000 0.00000000000 0.00000000000 0.00000000000 0.00000000000 0.00000000000 0.00000000000 0.00000000000 0.00000000000 0.00000000000 0.00000000000
# index_sel_params[1]:
1.45248945925
# index_sel_params[2]:
0.487841731751
# log_SR_scaler:
6.92663975458
# SR_steepness:
0.750000000000
