# Number of parameters = 77  Objective function value = 25725.1  Maximum gradient component = 0.000784813
# sel_params[1]:
1.95274259795
# sel_params[2]:
1.01794703710
# log_Fmult_year1:
 -4.67988121482
# log_Fmult_devs:
 1.05977519709 0.493605786371 0.309332692598 -0.232508106618 0.572853000253 0.0245904886664 0.742703248105 -0.537840987989 0.201461633757 0.137935997654 0.0715541041881 -0.321801264761 0.377065131724 0.0592442959824 -0.110567603790 0.674124118877 -0.191597144233 -0.00190872820910 -0.0183769482311 0.338002954327 -0.300691425331 0.512190247727 -0.189580414928 0.00170451346084 -0.0754657386135 -0.0105962162111 0.362988725646 -0.244689794049 0.491236595262
# log_recruit_devs:
 0.0379185111832 0.241197910377 -0.354618727967 -0.123027660409 -0.480845280715 0.191154168521 0.378336016252 -0.0455599051052 0.538885295751 0.292343013800 -0.0871236981652 0.655308438110 -0.270219488326 -0.218772009937 0.512455087744 -0.632414540917 -0.635167177672 -0.0229579183568 0.337059470336 -0.358191769837 0.134606955540 -1.19152314053 0.0790836855005 0.456421429063 0.733478298916 0.221873675677 0.0245128063248 -0.665871308093 0.174143899628 0.0775139633040
# log_N_year1_devs:
 -0.00212611531662 -0.0383040105218 0.213408304353 -0.0310334210206 -0.132117740901 -0.0962950200557 -0.180338775855 0.0920419061464 -0.0765718948531 0.259594291253 -0.206723560649
# log_q_year1:
 -7.99779445769
# log_q_devs:
 0.00000000000 0.00000000000 0.00000000000 0.00000000000 0.00000000000 0.00000000000 0.00000000000 0.00000000000 0.00000000000 0.00000000000 0.00000000000 0.00000000000 0.00000000000 0.00000000000 0.00000000000 0.00000000000 0.00000000000 0.00000000000 0.00000000000 0.00000000000 0.00000000000 0.00000000000 0.00000000000 0.00000000000 0.00000000000 0.00000000000 0.00000000000 0.00000000000 0.00000000000
# index_sel_params[1]:
1.46494800358
# index_sel_params[2]:
0.515277324932
# log_SR_scaler:
6.93647342912
# SR_steepness:
0.750000000000
