# Number of parameters = 77  Objective function value = 26438.9  Maximum gradient component = 0.00105393
# sel_params[1]:
1.93424571065
# sel_params[2]:
0.976728146172
# log_Fmult_year1:
 -4.70731625240
# log_Fmult_devs:
 1.06066965834 0.501126358402 0.306434298049 -0.218096261257 0.591454103436 0.0199519976180 0.747961627210 -0.536691355559 0.199138101181 0.137345215361 0.0568866951403 -0.323711649563 0.373213965087 0.0702296259711 -0.109711325480 0.660064405569 -0.202509681896 -0.00899873478272 -0.0155087129454 0.323845140180 -0.321268078614 0.487089947068 -0.199209094214 -0.0168182497436 -0.106419017891 -0.0434543502089 0.329479647038 -0.307160986451 0.393729713927
# log_recruit_devs:
 -0.0349369119111 -0.0231553358238 -0.273469926875 0.166814052068 -0.291360013852 -0.166812396908 -0.211842185120 0.0918691369632 0.171933694646 -0.0903752722665 0.172970917588 0.0774666947090 0.323629755790 0.0739360060441 -0.127105493248 0.212136787357 0.198597526728 -0.189061758687 0.109892938711 0.111386574624 0.208925522789 -0.0189693610304 -0.0850774002325 -0.0420512733478 -0.159637644536 -0.0849647041571 -0.424316464579 0.0552564661316 0.212682736413 0.0356373320123
# log_N_year1_devs:
 0.0557044972718 0.0459505201360 -0.0384155895995 0.118775078559 -0.0835955058097 -0.166276759305 -0.0808411998579 -0.0599473508084 0.205565464062 -0.230528590953 -0.0437624466194
# log_q_year1:
 -7.97081896616
# log_q_devs:
 0.00000000000 0.00000000000 0.00000000000 0.00000000000 0.00000000000 0.00000000000 0.00000000000 0.00000000000 0.00000000000 0.00000000000 0.00000000000 0.00000000000 0.00000000000 0.00000000000 0.00000000000 0.00000000000 0.00000000000 0.00000000000 0.00000000000 0.00000000000 0.00000000000 0.00000000000 0.00000000000 0.00000000000 0.00000000000 0.00000000000 0.00000000000 0.00000000000 0.00000000000
# index_sel_params[1]:
1.49346360275
# index_sel_params[2]:
0.560386580116
# log_SR_scaler:
6.91329925490
# SR_steepness:
0.750000000000
