#######GENERAL HEADER INPUT#######
1
30
1
30
1
30
30
12
1	2	3	4	5	6	7	8	9	10	11	12
12
1	2	3	4	5	6	7	8	9	10	11	12
1
1001
1
1
#######SURVEY DATA#######
30
1	2	3	4	5	6	7	8	9	10	11	12	13	14	15	16	17	18	19	20	21	22	23	24	25	26	27	28	29	30
1.34968845657249	1.6154798374917	1.29127684804608	1.35282637843617	1.19609191438538	1.24563654854346	1.40340711867295	1.64183879293309	1.34064319671255	1.10077950095429	1.14342215828801	1.10967805736667	0.876678841775719	1.1293364291181	0.993104974785712	1.28357028230301	0.798310435211885	0.785102270171026	0.807104541368394	0.8644006011699	0.81337284061558	0.90307208079237	0.727187436635104	0.717406073437336	0.608871717372187	0.60446292302336	0.527916971352296	0.598549943101482	0.389714868986513	0.52230926903347
0.2	0.2	0.2	0.2	0.2	0.2	0.2	0.2	0.2	0.2	0.2	0.2	0.2	0.2	0.2	0.2	0.2	0.2	0.2	0.2	0.2	0.2	0.2	0.2	0.2	0.2	0.2	0.2	0.2	0.2
30
1	2	3	4	5	6	7	8	9	10	11	12	13	14	15	16	17	18	19	20	21	22	23	24	25	26	27	28	29	30
200	200	200	200	200	200	200	200	200	200	200	200	200	200	200	200	200	200	200	200	200	200	200	200	200	200	200	200	200	200
200	200	200	200	200	200	200	200	200	200	200	200	200	200	200	200	200	200	200	200	200	200	200	200	200	200	200	200	200	200
0.055	0.105	0.14	0.11	0.1	0.075	0.04	0.065	0.045	0.035	0.055	0.175
0.06	0.125	0.155	0.155	0.095	0.085	0.055	0.04	0.04	0.025	0.03	0.135
0.055	0.1	0.175	0.155	0.135	0.035	0.09	0.06	0.03	0.015	0.03	0.12
0.075	0.12	0.135	0.115	0.115	0.08	0.075	0.03	0.065	0.015	0.05	0.125
0.05	0.22	0.12	0.105	0.075	0.09	0.05	0.075	0.03	0.025	0.045	0.115
0.07	0.13	0.195	0.085	0.08	0.085	0.07	0.06	0.015	0.02	0.045	0.145
0.065	0.13	0.18	0.17	0.055	0.08	0.055	0.065	0.035	0.03	0.025	0.11
0.075	0.135	0.125	0.1	0.155	0.08	0.065	0.06	0.045	0.06	0.025	0.075
0.09	0.165	0.14	0.14	0.12	0.1	0.06	0.045	0.04	0.015	0.005	0.08
0.08	0.135	0.215	0.12	0.11	0.06	0.045	0.045	0.035	0.025	0.03	0.1
0.065	0.145	0.205	0.145	0.085	0.08	0.04	0.045	0.04	0.05	0.015	0.085
0.12	0.205	0.18	0.11	0.125	0.075	0.025	0.03	0.025	0.03	0.015	0.06
0.055	0.225	0.165	0.125	0.08	0.07	0.065	0.04	0.03	0.04	0.02	0.085
0.135	0.165	0.18	0.11	0.075	0.09	0.05	0.04	0.03	0.03	0.02	0.075
0.095	0.315	0.16	0.095	0.055	0.05	0.045	0.055	0.045	0.02	0.02	0.045
0.055	0.185	0.31	0.12	0.075	0.045	0.05	0.06	0.025	0.02	0.01	0.045
0.1	0.15	0.22	0.225	0.08	0.055	0.025	0.03	0.02	0.02	0.015	0.06
0.12	0.175	0.17	0.105	0.125	0.07	0.055	0.035	0.035	0.025	0.01	0.075
0.105	0.205	0.175	0.095	0.135	0.135	0.03	0.035	0.015	0.005	0.02	0.045
0.145	0.24	0.175	0.115	0.085	0.07	0.065	0.04	0.035	0.01	0	0.02
0.135	0.195	0.235	0.12	0.125	0.085	0.035	0.035	0.015	0	0	0.02
0.095	0.265	0.28	0.15	0.085	0.035	0.01	0.025	0.015	0.015	0.015	0.01
0.11	0.24	0.21	0.16	0.125	0.05	0.025	0.03	0.015	0	0.015	0.02
0.13	0.2	0.215	0.145	0.145	0.09	0.04	0.01	0	0.02	0	0.005
0.14	0.225	0.22	0.16	0.08	0.075	0.02	0.015	0.015	0.01	0.005	0.035
0.04	0.36	0.24	0.12	0.095	0.045	0.03	0.04	0.015	0.01	0	0.005
0.095	0.16	0.345	0.14	0.09	0.065	0.06	0.015	0	0.01	0.01	0.01
0.115	0.275	0.125	0.23	0.06	0.095	0.055	0.02	0.01	0	0.005	0.01
0.085	0.235	0.275	0.11	0.125	0.05	0.03	0.015	0.055	0	0.01	0.01
0.21	0.23	0.13	0.185	0.045	0.115	0.05	0.005	0.015	0.005	0	0.01
#######LANDINGS DATA#######
1
30
159.851651926855	458.848476510644	741.218612858831	956.360213591287	735.360475247854	1271.16633452314	1209.19456624875	2337.66908237622	1225.66312387394	1414.30302875176	1501.26729436068	1488.07610670456	1010.23683375241	1426.69687018896	1462.17704989979	1282.60831385493	2318.6548154707	1659.05543705949	1511.5648744913	1386.81518332958	1758.06332359441	1200.07140248987	1812.27102823689	1340.20664282117	1244.96133503753	1103.35763191728	1060.78921404688	1363.22612436978	944.825313431156	1314.7587962079
0.01	0.01	0.01	0.01	0.01	0.01	0.01	0.01	0.01	0.01	0.01	0.01	0.01	0.01	0.01	0.01	0.01	0.01	0.01	0.01	0.01	0.01	0.01	0.01	0.01	0.01	0.01	0.01	0.01	0.01
30
1	2	3	4	5	6	7	8	9	10	11	12	13	14	15	16	17	18	19	20	21	22	23	24	25	26	27	28	29	30
200	200	200	200	200	200	200	200	200	200	200	200	200	200	200	200	200	200	200	200	200	200	200	200	200	200	200	200	200	200
200	200	200	200	200	200	200	200	200	200	200	200	200	200	200	200	200	200	200	200	200	200	200	200	200	200	200	200	200	200
0.035	0.12	0.12	0.135	0.14	0.085	0.045	0.075	0.035	0.03	0.05	0.13
0.08	0.105	0.14	0.11	0.105	0.105	0.09	0.065	0.045	0.035	0.03	0.09
0.065	0.11	0.175	0.105	0.11	0.075	0.045	0.055	0.055	0.06	0.035	0.11
0.105	0.115	0.085	0.12	0.11	0.085	0.075	0.05	0.05	0.045	0.035	0.125
0.12	0.13	0.1	0.125	0.09	0.045	0.1	0.035	0.065	0.04	0.025	0.125
0.085	0.135	0.17	0.115	0.115	0.04	0.025	0.04	0.03	0.045	0.035	0.165
0.08	0.07	0.13	0.19	0.11	0.065	0.04	0.065	0.05	0.03	0.035	0.135
0.06	0.135	0.12	0.105	0.165	0.075	0.055	0.05	0.04	0.04	0.055	0.1
0.12	0.13	0.115	0.105	0.095	0.115	0.04	0.05	0.045	0.035	0.045	0.105
0.065	0.115	0.2	0.12	0.1	0.085	0.045	0.075	0.025	0.04	0.02	0.11
0.065	0.115	0.185	0.09	0.155	0.07	0.105	0.065	0.02	0.01	0.01	0.11
0.115	0.105	0.16	0.165	0.105	0.075	0.05	0.04	0.05	0.025	0.015	0.095
0.07	0.22	0.095	0.135	0.13	0.055	0.08	0.03	0.025	0.065	0.025	0.07
0.155	0.135	0.195	0.11	0.065	0.08	0.09	0.055	0.015	0.025	0.015	0.06
0.105	0.275	0.12	0.165	0.075	0.055	0.035	0.03	0.055	0.005	0.015	0.065
0.085	0.105	0.255	0.17	0.11	0.06	0.065	0.035	0.035	0.02	0.02	0.04
0.065	0.11	0.19	0.195	0.105	0.11	0.065	0.05	0.025	0.02	0.005	0.06
0.125	0.135	0.17	0.155	0.18	0.075	0.075	0.02	0.03	0.005	0.005	0.025
0.105	0.2	0.135	0.12	0.15	0.135	0.025	0.04	0.03	0.01	0.015	0.035
0.15	0.2	0.18	0.125	0.07	0.095	0.07	0.025	0.025	0.03	0.005	0.025
0.105	0.22	0.215	0.18	0.055	0.06	0.045	0.02	0.02	0.04	0.01	0.03
0.13	0.235	0.2	0.175	0.085	0.065	0.05	0.01	0.015	0.02	0	0.015
0.15	0.12	0.245	0.145	0.135	0.065	0.035	0.035	0.02	0.015	0.02	0.015
0.13	0.205	0.165	0.22	0.135	0.06	0.025	0.01	0.02	0.01	0.01	0.01
0.225	0.19	0.195	0.15	0.07	0.045	0.055	0.015	0.02	0.015	0	0.02
0.115	0.21	0.235	0.18	0.095	0.05	0.035	0.025	0.025	0.005	0	0.025
0.155	0.12	0.325	0.105	0.13	0.05	0.06	0.02	0	0.025	0	0.01
0.14	0.195	0.165	0.29	0.085	0.05	0.02	0.01	0.015	0.02	0.005	0.005
0.14	0.175	0.315	0.105	0.115	0.065	0.035	0.01	0.005	0.005	0.005	0.025
0.195	0.185	0.175	0.17	0.045	0.1	0.03	0.025	0.03	0.02	0.02	0.005
#######PARAMETER SECTION#######
800	400	1200	-4	800	-0.25	1
0.18	0.01	1	-4	0.18	-0.25	1
-1.36	-5	-0.001	-4	-1.36	-0.25	1
0.1	0.05	0.3	-4	0.1	-0.25	1
0.2	0.01	0.5	-4	0.2	-0.25	1
0.75	0.20001	1	-3	0.75	-0.25	1
13.815511	-1	200	1	13.815511	-0.25	1
0	-1	1	-4	0	-0.25	1
0.2	1e-04	1.2	-3	0.2	-0.25	1
0	-10	10	-6	0	-1	1
0	-10	10	-6	0	-1	1
2	0	12	2	2	-0.5	1
1	0	12	2	1	-0.5	1
2	0	12	-2	2	-0.5	1
1	0	12	-2	1	-0.5	1
1.5	0	12	2	1.5	-0.5	1
2	0	12	2	2	-0.5	1
-14.875752613835	-30	5	1	-14.875752613835	-1	1
1	0.1	2	-1	1	-1	1
-1.54399197800355	-10	1.39	1	-1.54399197800355	-1	1
#######DEV CONSTRAINTS and DEVS#######
-15	15	2
-15	15	2
-15	15	2
0	0	0	0	0	0	0	0	0	0	0	0	0	0	0	0	0	0	0	0	0	0	0	0	0	0	0	0	0	0
0	0	0	0	0	0	0	0	0	0	0	0	0	0	0	0	0	0	0	0	0	0	0	0	0	0	0	0	0	0
0	0	0	0	0	0	0	0	0	0	0
#######LIKELIHOOD WEIGHTS#######
1
1
1
1
0
1
0
0
0
#######MISCELLANEOUS STUFF SECTION#######
2.5e-08
3
0.5	0.5	0.5	0.5	0.5	0.5	0.5	0.5	0.5	0.5	0.5	0.5
0.0229773699100256	0.320821300824607	0.904650535100891	0.994779874306442	0.999738809680904	0.999986992871533	0.999999352405202	0.999999967758134	0.999999998394772	0.99999999992008	0.999999999996021	0.999999999999802
0.2	0.2	0.2	0.2	0.2	0.2	0.2	0.2	0.2	0.2	0.2	0.2
0
1
10
0.2
1
1	0	0	0	0	0	0	0	0	0	0	0
0	1	0	0	0	0	0	0	0	0	0	0
0	0	1	0	0	0	0	0	0	0	0	0
0	0	0	1	0	0	0	0	0	0	0	0
0	0	0	0	1	0	0	0	0	0	0	0
0	0	0	0	0	1	0	0	0	0	0	0
0	0	0	0	0	0	1	0	0	0	0	0
0	0	0	0	0	0	0	1	0	0	0	0
0	0	0	0	0	0	0	0	1	0	0	0
0	0	0	0	0	0	0	0	0	1	0	0
0	0	0	0	0	0	0	0	0	0	1	0
0	0	0	0	0	0	0	0	0	0	0	1
40
31
2
1
#######END OF DATA FILE#######
999
