# Number of parameters = 77  Objective function value = 26075.1  Maximum gradient component = 0.00137574
# sel_params[1]:
2.05068055229
# sel_params[2]:
1.05738605774
# log_Fmult_year1:
 -4.60538991064
# log_Fmult_devs:
 1.05959342871 0.495667679222 0.304115609976 -0.227436574007 0.581463939128 0.00523234299378 0.752979487975 -0.551582382756 0.203548137226 0.123332620310 0.0705313222709 -0.317848863731 0.372751003881 0.0652916135893 -0.101083632774 0.671033706187 -0.185040889923 -0.0134068065078 -0.000514055460753 0.302517441367 -0.323179007404 0.491418363897 -0.193520013198 -0.0121139691307 -0.0959153055666 -0.00445710007467 0.367389908273 -0.255495822750 0.484578900582
# log_recruit_devs:
 0.0467981687270 -0.0117016028682 -0.192740401269 0.288974853857 -0.135582780143 -0.295604176351 -0.118721329288 0.142307778211 0.0647083103881 0.0934059940156 0.427071852967 -0.384153713638 0.176250712230 -0.235296236493 0.139226687991 -0.324064123998 0.339557045418 -0.371450639923 0.0587961718429 0.425731047766 -0.143970511689 -0.0310431050828 0.00899143781341 -0.364325349383 0.252315580886 0.00133325527754 0.213124457346 -0.117736915120 0.155689419044 -0.107891888536
# log_N_year1_devs:
 -0.0670778949238 -0.0535566541897 -0.0194895050554 -0.139762587498 -0.0802897689491 -0.0672407184427 -0.114402261797 -0.370275529026 -0.411138696065 -0.308727966832 -0.0247870737985
# log_q_year1:
 -7.89836805940
# log_q_devs:
 0.00000000000 0.00000000000 0.00000000000 0.00000000000 0.00000000000 0.00000000000 0.00000000000 0.00000000000 0.00000000000 0.00000000000 0.00000000000 0.00000000000 0.00000000000 0.00000000000 0.00000000000 0.00000000000 0.00000000000 0.00000000000 0.00000000000 0.00000000000 0.00000000000 0.00000000000 0.00000000000 0.00000000000 0.00000000000 0.00000000000 0.00000000000 0.00000000000 0.00000000000
# index_sel_params[1]:
1.53221467566
# index_sel_params[2]:
0.497650852249
# log_SR_scaler:
6.84973081188
# SR_steepness:
0.750000000000
