# Number of parameters = 77  Objective function value = 26330.8  Maximum gradient component = 0.000750649
# sel_params[1]:
2.12901405667
# sel_params[2]:
1.03568680625
# log_Fmult_year1:
 -4.65091486899
# log_Fmult_devs:
 1.06336057218 0.513794961118 0.304288171286 -0.223910627629 0.575362120871 0.0111627189858 0.756924300155 -0.542915965471 0.197758525019 0.118751272970 0.0743614189932 -0.339703078456 0.381561248653 0.0717284656818 -0.108544344485 0.676313983312 -0.182492902921 -0.000474464492216 -0.0161879988189 0.333982912216 -0.318402444800 0.506670583197 -0.188710261017 -0.00323854492089 -0.0939908792094 -0.0277789693472 0.336916793323 -0.256836044679 0.424522476740
# log_recruit_devs:
 -0.0892095761845 0.0629510205585 -0.0360201254969 -0.0997715520184 -0.331178328981 0.156978809115 -0.0574309641715 0.210064855057 0.327844566972 0.00559357509495 0.0334683216972 0.0687051762187 -0.283704284098 0.0671084582691 0.0236142947252 -0.325672804081 0.155110021127 -0.215174681949 0.473736272565 0.135663632254 0.110069785736 0.115785208284 -0.284693851218 -0.0479244235714 0.00393975639772 0.0521495685031 0.00796071193378 -0.102312597541 0.00291596107021 -0.140566806267
# log_N_year1_devs:
 -0.0485771350485 -0.130722415240 -0.0623328311937 -0.0294838389692 -0.0564305632768 -0.0543743898108 -0.0880315891725 -0.108523265571 -0.0116567383497 0.266826371080 -0.196469750168
# log_q_year1:
 -7.96430513308
# log_q_devs:
 0.00000000000 0.00000000000 0.00000000000 0.00000000000 0.00000000000 0.00000000000 0.00000000000 0.00000000000 0.00000000000 0.00000000000 0.00000000000 0.00000000000 0.00000000000 0.00000000000 0.00000000000 0.00000000000 0.00000000000 0.00000000000 0.00000000000 0.00000000000 0.00000000000 0.00000000000 0.00000000000 0.00000000000 0.00000000000 0.00000000000 0.00000000000 0.00000000000 0.00000000000
# index_sel_params[1]:
1.53683957791
# index_sel_params[2]:
0.543420439402
# log_SR_scaler:
6.95017691126
# SR_steepness:
0.750000000000
