# Number of parameters = 77  Objective function value = 25689.6  Maximum gradient component = 0.00199705
# sel_params[1]:
1.92859206552
# sel_params[2]:
0.985385932299
# log_Fmult_year1:
 -4.71393444790
# log_Fmult_devs:
 1.06958029566 0.492625884928 0.308764398707 -0.215342776203 0.588812767157 0.00928691975747 0.744862524271 -0.521712263998 0.190903790947 0.121949172451 0.0688487462438 -0.321438562486 0.368949668495 0.0675064894104 -0.122881666091 0.658267923586 -0.216615312752 -0.00237721027173 -0.00808425933903 0.334147630423 -0.301994275236 0.516285371192 -0.186865309312 0.00878869557395 -0.0888340720754 -0.00155833552409 0.339121921469 -0.253098695878 0.428245234987
# log_recruit_devs:
 0.108153109671 -0.0555799739316 -0.397130360171 -0.449289134879 -0.891535622219 0.354629983882 0.513341923557 -0.268955549814 0.879171245044 0.734391339780 -0.303814172544 -0.579304985741 -0.298713641728 0.208267936114 -0.404708210914 -0.140205711132 0.171570100546 0.582633066315 0.403592402045 0.657140890115 0.384593367465 -0.755280696974 0.518359460996 -0.160616155339 -0.0226308115524 0.230121632798 -0.682724506218 -0.288045073823 -0.836430629096 0.788998777747
# log_N_year1_devs:
 -0.0964519681331 0.0296106725475 0.0375043649591 -0.0146166321427 -0.0628160353633 -0.133478712114 -0.127543266770 0.146313129047 0.130577886782 -0.362086627432 -0.00665418829176
# log_q_year1:
 -8.01650164160
# log_q_devs:
 0.00000000000 0.00000000000 0.00000000000 0.00000000000 0.00000000000 0.00000000000 0.00000000000 0.00000000000 0.00000000000 0.00000000000 0.00000000000 0.00000000000 0.00000000000 0.00000000000 0.00000000000 0.00000000000 0.00000000000 0.00000000000 0.00000000000 0.00000000000 0.00000000000 0.00000000000 0.00000000000 0.00000000000 0.00000000000 0.00000000000 0.00000000000 0.00000000000 0.00000000000
# index_sel_params[1]:
1.47180944360
# index_sel_params[2]:
0.488874330357
# log_SR_scaler:
6.86289916159
# SR_steepness:
0.750000000000
