# Number of parameters = 77  Objective function value = 26584.6  Maximum gradient component = 0.00179605
# sel_params[1]:
3.81268847760
# sel_params[2]:
0.935551644905
# log_Fmult_year1:
 -4.29382757285
# log_Fmult_devs:
 1.00061872361 0.455675294712 0.280980572718 -0.257764961047 0.552854373062 -0.00719067077271 0.736862643044 -0.544942702741 0.198072400821 0.122170565419 0.0578223538641 -0.335352389993 0.331242767417 0.0420694011087 -0.139131806255 0.676455293443 -0.207402804917 -0.0143109905093 -0.0121011554572 0.323382201690 -0.321019678779 0.503922768407 -0.199453360539 0.00419324599548 -0.0831442117890 0.00950298707151 0.367434918437 -0.236258655322 0.470258804564
# log_recruit_devs:
 -0.219628580374 -0.283913506017 -0.170738607707 0.158567407001 0.0460028735911 0.194553716874 -0.146260363697 -0.0422436247433 -0.248635957697 0.176843675660 -0.192932658717 -0.248086107511 0.355326730100 0.214322233329 0.0258358356625 0.195265747500 -0.294335396261 -0.156421627364 0.00752377367011 0.108692810917 0.0544624110390 0.156813665656 0.0991752796513 0.237761114590 0.274402534429 -0.218543676500 0.237045353109 0.0184487353849 -0.217108104069 -0.122195687506
# log_N_year1_devs:
 -0.342308214146 -0.218182806507 -0.311996910458 -0.302613989839 -0.317991484944 -0.621369451428 -0.514210947824 -0.718833716115 -0.573373742980 -0.879795495336 -1.28971108028
# log_q_year1:
 -7.89771915786
# log_q_devs:
 0.00000000000 0.00000000000 0.00000000000 0.00000000000 0.00000000000 0.00000000000 0.00000000000 0.00000000000 0.00000000000 0.00000000000 0.00000000000 0.00000000000 0.00000000000 0.00000000000 0.00000000000 0.00000000000 0.00000000000 0.00000000000 0.00000000000 0.00000000000 0.00000000000 0.00000000000 0.00000000000 0.00000000000 0.00000000000 0.00000000000 0.00000000000 0.00000000000 0.00000000000
# index_sel_params[1]:
1.91386689604
# index_sel_params[2]:
0.618537505664
# log_SR_scaler:
6.91557014961
# SR_steepness:
0.750000000000
