#styr												
1
#endyr												
30
#rec_age										
1															
#n_ages										
12
# numbers of length intervals
81
#Length	bin
10	11	12	13	14	15	16	17	18	19	20	21	22	23	24	25	26	27	28	29	30	31	32	33	34	35	36	37	38	39	40	41	42	43	44	45	46	47	48	49	50	51	52	53	54	55	56	57	58	59	60	61	62	63	64	65	66	67	68	69	70	71	72	73	74	75	76	77	78	79	80	81	82	83	84	85	86	87	88	89	90
#nfsh
1
#names_fsh
FLEET1												
#catch												
160.168036063091	463.485434415195	747.767595671401	979.034148179126	755.159551045564	1316.17523036704	1255.31972062961	2374.01594457984	1239.46366863168	1418.2437425126	1516.77754085174	1528.64388993352	1082.06297594046	1561.57589363247	1590.72981920983	1369.08939621576	2421.60314482373	1696.42878053079	1529.24222565549	1405.87579855095	1812.65709140669	1233.48981695086	1860.19507618803	1353.26873350453	1238.14147485438	1059.37592956707	986.375007111214	1277.774260266	893.33698335203	1247.22521602576
#catch_cv											
0.01	0.01	0.01	0.01	0.01	0.01	0.01	0.01	0.01	0.01	0.01	0.01	0.01	0.01	0.01	0.01	0.01	0.01	0.01	0.01	0.01	0.01	0.01	0.01	0.01	0.01	0.01	0.01	0.01	0.01
#n_ages_fsh								
30		
#n_lengths_fsh								
0															
#yrs_ages_fsh								
1	2	3	4	5	6	7	8	9	10	11	12	13	14	15	16	17	18	19	20	21	22	23	24	25	26	27	28	29	30	
#sample_ages_fsh							
200	200	200	200	200	200	200	200	200	200	200	200	200	200	200	200	200	200	200	200	200	200	200	200	200	200	200	200	200	200
#page_fsh	2	3	4	5	6	7	8	9	10	11						
0.09	0.075	0.105	0.165	0.135	0.075	0.06	0.065	0.08	0.03	0.025	0.095
0.095	0.1	0.115	0.125	0.125	0.055	0.055	0.09	0.05	0.035	0.045	0.11
0.085	0.165	0.08	0.095	0.095	0.09	0.03	0.06	0.055	0.05	0.05	0.145
0.08	0.11	0.145	0.065	0.11	0.09	0.075	0.065	0.05	0.05	0.035	0.125
0.07	0.085	0.14	0.12	0.105	0.07	0.08	0.04	0.06	0.025	0.05	0.155
0.045	0.095	0.165	0.125	0.16	0.055	0.055	0.06	0.075	0.04	0.025	0.1
0.075	0.105	0.15	0.095	0.105	0.1	0.08	0.065	0.03	0.025	0.025	0.145
0.115	0.09	0.08	0.125	0.1	0.095	0.07	0.055	0.05	0.04	0.055	0.125
0.07	0.185	0.15	0.105	0.08	0.095	0.035	0.08	0.035	0.03	0.02	0.115
0.075	0.085	0.25	0.105	0.105	0.1	0.05	0.05	0.025	0.025	0.025	0.105
0.11	0.145	0.1	0.2	0.08	0.07	0.085	0.05	0.04	0.015	0.015	0.09
0.175	0.155	0.16	0.06	0.14	0.065	0.055	0.015	0.025	0.045	0.04	0.065
0.045	0.205	0.15	0.195	0.08	0.09	0.045	0.02	0.055	0.03	0.015	0.07
0.12	0.055	0.21	0.16	0.155	0.05	0.06	0.045	0.03	0.025	0.03	0.06
0.115	0.195	0.06	0.22	0.115	0.085	0.04	0.07	0.015	0.015	0.01	0.06
0.075	0.155	0.215	0.085	0.16	0.1	0.055	0.05	0.025	0.005	0.02	0.055
0.12	0.13	0.16	0.135	0.085	0.17	0.05	0.05	0.015	0.02	0.015	0.05
0.09	0.175	0.105	0.18	0.15	0.065	0.12	0.035	0.02	0.02	0.02	0.02
0.185	0.1	0.175	0.11	0.13	0.14	0.025	0.065	0.02	0	0.015	0.035
0.115	0.24	0.135	0.155	0.105	0.075	0.055	0.02	0.05	0.01	0.015	0.025
0.18	0.16	0.28	0.1	0.07	0.075	0.05	0.02	0.01	0.02	0.01	0.025
0.1	0.22	0.215	0.15	0.09	0.07	0.055	0.02	0.035	0.02	0.005	0.02
0.12	0.185	0.245	0.075	0.185	0.045	0.025	0.035	0.025	0.03	0.005	0.025
0.165	0.14	0.155	0.185	0.095	0.11	0.045	0.045	0.01	0.005	0.01	0.035
0.17	0.185	0.17	0.145	0.11	0.055	0.06	0.025	0.02	0.015	0.005	0.04
0.065	0.255	0.18	0.125	0.12	0.085	0.06	0.045	0.015	0.02	0.01	0.02
0.165	0.165	0.25	0.155	0.1	0.065	0.035	0.04	0.01	0.005	0.005	0.005
0.105	0.25	0.175	0.175	0.09	0.075	0.02	0.055	0.02	0.015	0	0.02
0.165	0.17	0.26	0.105	0.13	0.07	0.03	0.025	0.02	0.015	0.005	0.005
0.195	0.21	0.2	0.165	0.06	0.075	0.03	0.025	0.025	0.005	0.005	0.005
#wt_age_fsh	1 2	3	4	5	6	7	8	9	10	11						
0.000530656	0.001196328	0.002058265	0.003034987	0.004055212	0.005064698	0.006026226	0.006916921	0.007724891	0.008446113	0.009081853	0.009636695
0.000530656	0.001196328	0.002058265	0.003034987	0.004055212	0.005064698	0.006026226	0.006916921	0.007724891	0.008446113	0.009081853	0.009636695
0.000530656	0.001196328	0.002058265	0.003034987	0.004055212	0.005064698	0.006026226	0.006916921	0.007724891	0.008446113	0.009081853	0.009636695
0.000530656	0.001196328	0.002058265	0.003034987	0.004055212	0.005064698	0.006026226	0.006916921	0.007724891	0.008446113	0.009081853	0.009636695
0.000530656	0.001196328	0.002058265	0.003034987	0.004055212	0.005064698	0.006026226	0.006916921	0.007724891	0.008446113	0.009081853	0.009636695
0.000530656	0.001196328	0.002058265	0.003034987	0.004055212	0.005064698	0.006026226	0.006916921	0.007724891	0.008446113	0.009081853	0.009636695
0.000530656	0.001196328	0.002058265	0.003034987	0.004055212	0.005064698	0.006026226	0.006916921	0.007724891	0.008446113	0.009081853	0.009636695
0.000530656	0.001196328	0.002058265	0.003034987	0.004055212	0.005064698	0.006026226	0.006916921	0.007724891	0.008446113	0.009081853	0.009636695
0.000530656	0.001196328	0.002058265	0.003034987	0.004055212	0.005064698	0.006026226	0.006916921	0.007724891	0.008446113	0.009081853	0.009636695
0.000530656	0.001196328	0.002058265	0.003034987	0.004055212	0.005064698	0.006026226	0.006916921	0.007724891	0.008446113	0.009081853	0.009636695
0.000530656	0.001196328	0.002058265	0.003034987	0.004055212	0.005064698	0.006026226	0.006916921	0.007724891	0.008446113	0.009081853	0.009636695
0.000530656	0.001196328	0.002058265	0.003034987	0.004055212	0.005064698	0.006026226	0.006916921	0.007724891	0.008446113	0.009081853	0.009636695
0.000530656	0.001196328	0.002058265	0.003034987	0.004055212	0.005064698	0.006026226	0.006916921	0.007724891	0.008446113	0.009081853	0.009636695
0.000530656	0.001196328	0.002058265	0.003034987	0.004055212	0.005064698	0.006026226	0.006916921	0.007724891	0.008446113	0.009081853	0.009636695
0.000530656	0.001196328	0.002058265	0.003034987	0.004055212	0.005064698	0.006026226	0.006916921	0.007724891	0.008446113	0.009081853	0.009636695
0.000530656	0.001196328	0.002058265	0.003034987	0.004055212	0.005064698	0.006026226	0.006916921	0.007724891	0.008446113	0.009081853	0.009636695
0.000530656	0.001196328	0.002058265	0.003034987	0.004055212	0.005064698	0.006026226	0.006916921	0.007724891	0.008446113	0.009081853	0.009636695
0.000530656	0.001196328	0.002058265	0.003034987	0.004055212	0.005064698	0.006026226	0.006916921	0.007724891	0.008446113	0.009081853	0.009636695
0.000530656	0.001196328	0.002058265	0.003034987	0.004055212	0.005064698	0.006026226	0.006916921	0.007724891	0.008446113	0.009081853	0.009636695
0.000530656	0.001196328	0.002058265	0.003034987	0.004055212	0.005064698	0.006026226	0.006916921	0.007724891	0.008446113	0.009081853	0.009636695
0.000530656	0.001196328	0.002058265	0.003034987	0.004055212	0.005064698	0.006026226	0.006916921	0.007724891	0.008446113	0.009081853	0.009636695
0.000530656	0.001196328	0.002058265	0.003034987	0.004055212	0.005064698	0.006026226	0.006916921	0.007724891	0.008446113	0.009081853	0.009636695
0.000530656	0.001196328	0.002058265	0.003034987	0.004055212	0.005064698	0.006026226	0.006916921	0.007724891	0.008446113	0.009081853	0.009636695
0.000530656	0.001196328	0.002058265	0.003034987	0.004055212	0.005064698	0.006026226	0.006916921	0.007724891	0.008446113	0.009081853	0.009636695
0.000530656	0.001196328	0.002058265	0.003034987	0.004055212	0.005064698	0.006026226	0.006916921	0.007724891	0.008446113	0.009081853	0.009636695
0.000530656	0.001196328	0.002058265	0.003034987	0.004055212	0.005064698	0.006026226	0.006916921	0.007724891	0.008446113	0.009081853	0.009636695
0.000530656	0.001196328	0.002058265	0.003034987	0.004055212	0.005064698	0.006026226	0.006916921	0.007724891	0.008446113	0.009081853	0.009636695
0.000530656	0.001196328	0.002058265	0.003034987	0.004055212	0.005064698	0.006026226	0.006916921	0.007724891	0.008446113	0.009081853	0.009636695
0.000530656	0.001196328	0.002058265	0.003034987	0.004055212	0.005064698	0.006026226	0.006916921	0.007724891	0.008446113	0.009081853	0.009636695
0.000530656	0.001196328	0.002058265	0.003034987	0.004055212	0.005064698	0.006026226	0.006916921	0.007724891	0.008446113	0.009081853	0.009636695
#nind
1
#ind_names									
SURVEY1									
#nobs_ind
30
#yrs_ind											
1	2	3	4	5	6	7	8	9	10	11	12	13	14	15	16	17	18	19	20	21	22	23	24	25	26	27	28	29	30	
#month_ind										
1															
#biom_ind											
1.49328775371223	1.31709510491623	1.44782777085769	1.52891429221333	1.45808893702159	1.30257436704986	1.11384151739143	1.29174189916759	1.07370301389359	1.15237221933192	1.20111260155599	1.38894580965994	1.18537909953076	1.06643782553334	1.21736634017845	0.970432407133576	0.930343817702386	0.829811797720327	0.872871578443261	0.848483082847046	0.885771800605062	0.769002768299792	0.701274611421435	0.566872811092884	0.67559529368281	0.457356669625861	0.637208966911989	0.569011745447075	0.435884717284317	0.508243953555771
#biom_cv																
0.298657550742446	0.263419020983246	0.289565554171539	0.305782858442667	0.291617787404317	0.260514873409971	0.222768303478286	0.258348379833518	0.214740602778719	0.230474443866385	0.240222520311198	0.277789161931988	0.237075819906151	0.213287565106669	0.24347326803569	0.194086481426715	0.186068763540477	0.165962359544065	0.174574315688652	0.169696616569409	0.177154360121012	0.153800553659958	0.140254922284287	0.113374562218577	0.135119058736562	0.0914713339251723	0.127441793382398	0.113802349089415	0.0871769434568634	0.101648790711154
#n_ages_ind															
30			
#n_lengths_ind															
0															
#yrs_ages_ind															
1	2	3	4	5	6	7	8	9	10	11	12	13	14	15	16	17	18	19	20	21	22	23	24	25	26	27	28	29	30	
#sample_ages_ind					
200	200	200	200	200	200	200	200	200	200	200	200	200	200	200	200	200	200	200	200	200	200	200	200	200	200	200	200	200	200
#page_ind						
0.075	0.1	0.15	0.13	0.155	0.065	0.065	0.065	0.05	0.015	0.015	0.115
0.105	0.125	0.12	0.095	0.095	0.11	0.095	0.025	0.04	0.025	0.03	0.135
0.06	0.175	0.13	0.13	0.07	0.105	0.04	0.07	0.08	0.035	0.025	0.08
0.09	0.12	0.19	0.1	0.07	0.075	0.055	0.06	0.055	0.03	0.01	0.145
0.05	0.16	0.145	0.17	0.1	0.08	0.05	0.03	0.03	0.02	0.03	0.135
0.04	0.135	0.125	0.115	0.12	0.085	0.08	0.05	0.055	0.01	0.05	0.135
0.045	0.1	0.165	0.125	0.145	0.095	0.075	0.035	0.025	0.04	0.03	0.12
0.065	0.09	0.125	0.14	0.155	0.105	0.095	0.04	0.02	0.035	0.015	0.115
0.07	0.205	0.09	0.135	0.125	0.06	0.04	0.075	0.055	0.015	0.03	0.1
0.06	0.135	0.22	0.125	0.105	0.085	0.05	0.05	0.055	0.015	0.01	0.09
0.07	0.17	0.14	0.23	0.08	0.055	0.055	0.045	0.035	0.02	0.015	0.085
0.12	0.2	0.155	0.13	0.15	0.1	0.02	0.035	0.01	0.04	0	0.04
0.065	0.295	0.195	0.12	0.085	0.07	0.06	0.02	0.02	0.005	0.015	0.05
0.085	0.11	0.335	0.145	0.07	0.09	0.045	0.03	0.01	0.015	0.01	0.055
0.04	0.19	0.085	0.28	0.09	0.09	0.05	0.075	0.025	0.02	0.02	0.035
0.05	0.2	0.225	0.08	0.15	0.055	0.085	0.05	0.055	0.01	0.01	0.03
0.125	0.15	0.18	0.15	0.07	0.105	0.065	0.04	0.02	0.015	0.03	0.05
0.115	0.225	0.15	0.17	0.13	0.035	0.085	0.02	0.02	0.01	0.01	0.03
0.135	0.135	0.19	0.14	0.105	0.08	0.05	0.04	0.035	0.03	0.015	0.045
0.055	0.325	0.205	0.125	0.065	0.08	0.055	0.01	0.02	0.01	0.005	0.045
0.105	0.18	0.295	0.14	0.065	0.05	0.035	0.045	0.015	0.025	0.01	0.035
0.095	0.23	0.195	0.245	0.06	0.05	0.05	0.025	0.015	0	0.01	0.025
0.1	0.2	0.25	0.125	0.145	0.05	0.055	0.02	0.015	0.005	0.015	0.02
0.13	0.23	0.17	0.205	0.115	0.07	0.025	0.015	0.01	0.015	0.005	0.01
0.13	0.26	0.2	0.155	0.12	0.06	0.03	0.01	0.015	0.005	0.005	0.01
0.06	0.325	0.215	0.115	0.085	0.09	0.02	0.045	0.01	0.01	0.01	0.015
0.12	0.205	0.24	0.15	0.115	0.05	0.04	0.04	0.015	0	0.01	0.015
0.13	0.29	0.185	0.17	0.07	0.065	0.03	0.005	0.015	0.02	0	0.02
0.115	0.25	0.245	0.12	0.125	0.045	0.065	0	0.02	0.005	0	0.01
0.17	0.25	0.18	0.18	0.075	0.05	0.04	0.025	0	0.015	0.01	0.005
#wt_age_ind						
1 1 1 1 1 1 1 1 1 1 1 1 
1 1 1 1 1 1 1 1 1 1 1 1 
1 1 1 1 1 1 1 1 1 1 1 1 
1 1 1 1 1 1 1 1 1 1 1 1 
1 1 1 1 1 1 1 1 1 1 1 1 
1 1 1 1 1 1 1 1 1 1 1 1 
1 1 1 1 1 1 1 1 1 1 1 1 
1 1 1 1 1 1 1 1 1 1 1 1 
1 1 1 1 1 1 1 1 1 1 1 1 
1 1 1 1 1 1 1 1 1 1 1 1 
1 1 1 1 1 1 1 1 1 1 1 1 
1 1 1 1 1 1 1 1 1 1 1 1 
1 1 1 1 1 1 1 1 1 1 1 1 
1 1 1 1 1 1 1 1 1 1 1 1 
1 1 1 1 1 1 1 1 1 1 1 1 
1 1 1 1 1 1 1 1 1 1 1 1 
1 1 1 1 1 1 1 1 1 1 1 1 
1 1 1 1 1 1 1 1 1 1 1 1 
1 1 1 1 1 1 1 1 1 1 1 1 
1 1 1 1 1 1 1 1 1 1 1 1 
1 1 1 1 1 1 1 1 1 1 1 1 
1 1 1 1 1 1 1 1 1 1 1 1 
1 1 1 1 1 1 1 1 1 1 1 1 
1 1 1 1 1 1 1 1 1 1 1 1 
1 1 1 1 1 1 1 1 1 1 1 1 
1 1 1 1 1 1 1 1 1 1 1 1 
1 1 1 1 1 1 1 1 1 1 1 1 
1 1 1 1 1 1 1 1 1 1 1 1 
1 1 1 1 1 1 1 1 1 1 1 1 
1 1 1 1 1 1 1 1 1 1 1 1 
# wt_pop
0.000530656	0.001196328	0.002058265	0.003034987	0.004055212	0.005064698	0.006026226	0.006916921	0.007724891	0.008446113	0.009081853	0.009636695
#maturity
0.02297737 0.32082130 0.90465054 0.99477987 0.99973881 0.99998699 0.99999935 0.99999997 1 1 1 1
#spmonth						
1		
#age_err						
1	0	0	0	0	0	0	0	0	0	0	0
0	1	0	0	0	0	0	0	0	0	0	0
0	0	1	0	0	0	0	0	0	0	0	0
0	0	0	1	0	0	0	0	0	0	0	0
0	0	0	0	1	0	0	0	0	0	0	0
0	0	0	0	0	1	0	0	0	0	0	0
0	0	0	0	0	0	1	0	0	0	0	0
0	0	0	0	0	0	0	1	0	0	0	0
0	0	0	0	0	0	0	0	1	0	0	0
0	0	0	0	0	0	0	0	0	1	0	0
0	0	0	0	0	0	0	0	0	0	1	0
0	0	0	0	0	0	0	0	0	0	0	1																														
