# ASAP VERSION 3.0
#  
# Number of Years
30 
# First Year
1 
# Number of Ages
12 
# Number of Fleets
1 
# Number of Selectivity Blocks
1 
# Number of Available Survey Indices
1 
# Natural Mortality 
0.2 0.2 0.2 0.2 0.2 0.2 0.2 0.2 0.2 0.2 0.2 0.2
0.2 0.2 0.2 0.2 0.2 0.2 0.2 0.2 0.2 0.2 0.2 0.2
0.2 0.2 0.2 0.2 0.2 0.2 0.2 0.2 0.2 0.2 0.2 0.2
0.2 0.2 0.2 0.2 0.2 0.2 0.2 0.2 0.2 0.2 0.2 0.2
0.2 0.2 0.2 0.2 0.2 0.2 0.2 0.2 0.2 0.2 0.2 0.2
0.2 0.2 0.2 0.2 0.2 0.2 0.2 0.2 0.2 0.2 0.2 0.2
0.2 0.2 0.2 0.2 0.2 0.2 0.2 0.2 0.2 0.2 0.2 0.2
0.2 0.2 0.2 0.2 0.2 0.2 0.2 0.2 0.2 0.2 0.2 0.2
0.2 0.2 0.2 0.2 0.2 0.2 0.2 0.2 0.2 0.2 0.2 0.2
0.2 0.2 0.2 0.2 0.2 0.2 0.2 0.2 0.2 0.2 0.2 0.2
0.2 0.2 0.2 0.2 0.2 0.2 0.2 0.2 0.2 0.2 0.2 0.2
0.2 0.2 0.2 0.2 0.2 0.2 0.2 0.2 0.2 0.2 0.2 0.2
0.2 0.2 0.2 0.2 0.2 0.2 0.2 0.2 0.2 0.2 0.2 0.2
0.2 0.2 0.2 0.2 0.2 0.2 0.2 0.2 0.2 0.2 0.2 0.2
0.2 0.2 0.2 0.2 0.2 0.2 0.2 0.2 0.2 0.2 0.2 0.2
0.2 0.2 0.2 0.2 0.2 0.2 0.2 0.2 0.2 0.2 0.2 0.2
0.2 0.2 0.2 0.2 0.2 0.2 0.2 0.2 0.2 0.2 0.2 0.2
0.2 0.2 0.2 0.2 0.2 0.2 0.2 0.2 0.2 0.2 0.2 0.2
0.2 0.2 0.2 0.2 0.2 0.2 0.2 0.2 0.2 0.2 0.2 0.2
0.2 0.2 0.2 0.2 0.2 0.2 0.2 0.2 0.2 0.2 0.2 0.2
0.2 0.2 0.2 0.2 0.2 0.2 0.2 0.2 0.2 0.2 0.2 0.2
0.2 0.2 0.2 0.2 0.2 0.2 0.2 0.2 0.2 0.2 0.2 0.2
0.2 0.2 0.2 0.2 0.2 0.2 0.2 0.2 0.2 0.2 0.2 0.2
0.2 0.2 0.2 0.2 0.2 0.2 0.2 0.2 0.2 0.2 0.2 0.2
0.2 0.2 0.2 0.2 0.2 0.2 0.2 0.2 0.2 0.2 0.2 0.2
0.2 0.2 0.2 0.2 0.2 0.2 0.2 0.2 0.2 0.2 0.2 0.2
0.2 0.2 0.2 0.2 0.2 0.2 0.2 0.2 0.2 0.2 0.2 0.2
0.2 0.2 0.2 0.2 0.2 0.2 0.2 0.2 0.2 0.2 0.2 0.2
0.2 0.2 0.2 0.2 0.2 0.2 0.2 0.2 0.2 0.2 0.2 0.2
0.2 0.2 0.2 0.2 0.2 0.2 0.2 0.2 0.2 0.2 0.2 0.2
# Fecundity Option (0: multiply maturity by weight-at-age; 1: use maturity values directly)
0 
# Fraction of year that elapses prior to SSB calculation (0=Jan-1)
0 
# Maturity (devide maturity by 2 to include female fraction) 
0.011488685 0.16041065 0.45232527 0.497389935 0.499869405 0.499993495 0.499999675 0.499999985 0.5 0.5 0.5 0.5
0.011488685 0.16041065 0.45232527 0.497389935 0.499869405 0.499993495 0.499999675 0.499999985 0.5 0.5 0.5 0.5
0.011488685 0.16041065 0.45232527 0.497389935 0.499869405 0.499993495 0.499999675 0.499999985 0.5 0.5 0.5 0.5
0.011488685 0.16041065 0.45232527 0.497389935 0.499869405 0.499993495 0.499999675 0.499999985 0.5 0.5 0.5 0.5
0.011488685 0.16041065 0.45232527 0.497389935 0.499869405 0.499993495 0.499999675 0.499999985 0.5 0.5 0.5 0.5
0.011488685 0.16041065 0.45232527 0.497389935 0.499869405 0.499993495 0.499999675 0.499999985 0.5 0.5 0.5 0.5
0.011488685 0.16041065 0.45232527 0.497389935 0.499869405 0.499993495 0.499999675 0.499999985 0.5 0.5 0.5 0.5
0.011488685 0.16041065 0.45232527 0.497389935 0.499869405 0.499993495 0.499999675 0.499999985 0.5 0.5 0.5 0.5
0.011488685 0.16041065 0.45232527 0.497389935 0.499869405 0.499993495 0.499999675 0.499999985 0.5 0.5 0.5 0.5
0.011488685 0.16041065 0.45232527 0.497389935 0.499869405 0.499993495 0.499999675 0.499999985 0.5 0.5 0.5 0.5
0.011488685 0.16041065 0.45232527 0.497389935 0.499869405 0.499993495 0.499999675 0.499999985 0.5 0.5 0.5 0.5
0.011488685 0.16041065 0.45232527 0.497389935 0.499869405 0.499993495 0.499999675 0.499999985 0.5 0.5 0.5 0.5
0.011488685 0.16041065 0.45232527 0.497389935 0.499869405 0.499993495 0.499999675 0.499999985 0.5 0.5 0.5 0.5
0.011488685 0.16041065 0.45232527 0.497389935 0.499869405 0.499993495 0.499999675 0.499999985 0.5 0.5 0.5 0.5
0.011488685 0.16041065 0.45232527 0.497389935 0.499869405 0.499993495 0.499999675 0.499999985 0.5 0.5 0.5 0.5
0.011488685 0.16041065 0.45232527 0.497389935 0.499869405 0.499993495 0.499999675 0.499999985 0.5 0.5 0.5 0.5
0.011488685 0.16041065 0.45232527 0.497389935 0.499869405 0.499993495 0.499999675 0.499999985 0.5 0.5 0.5 0.5
0.011488685 0.16041065 0.45232527 0.497389935 0.499869405 0.499993495 0.499999675 0.499999985 0.5 0.5 0.5 0.5
0.011488685 0.16041065 0.45232527 0.497389935 0.499869405 0.499993495 0.499999675 0.499999985 0.5 0.5 0.5 0.5
0.011488685 0.16041065 0.45232527 0.497389935 0.499869405 0.499993495 0.499999675 0.499999985 0.5 0.5 0.5 0.5
0.011488685 0.16041065 0.45232527 0.497389935 0.499869405 0.499993495 0.499999675 0.499999985 0.5 0.5 0.5 0.5
0.011488685 0.16041065 0.45232527 0.497389935 0.499869405 0.499993495 0.499999675 0.499999985 0.5 0.5 0.5 0.5
0.011488685 0.16041065 0.45232527 0.497389935 0.499869405 0.499993495 0.499999675 0.499999985 0.5 0.5 0.5 0.5
0.011488685 0.16041065 0.45232527 0.497389935 0.499869405 0.499993495 0.499999675 0.499999985 0.5 0.5 0.5 0.5
0.011488685 0.16041065 0.45232527 0.497389935 0.499869405 0.499993495 0.499999675 0.499999985 0.5 0.5 0.5 0.5
0.011488685 0.16041065 0.45232527 0.497389935 0.499869405 0.499993495 0.499999675 0.499999985 0.5 0.5 0.5 0.5
0.011488685 0.16041065 0.45232527 0.497389935 0.499869405 0.499993495 0.499999675 0.499999985 0.5 0.5 0.5 0.5
0.011488685 0.16041065 0.45232527 0.497389935 0.499869405 0.499993495 0.499999675 0.499999985 0.5 0.5 0.5 0.5
0.011488685 0.16041065 0.45232527 0.497389935 0.499869405 0.499993495 0.499999675 0.499999985 0.5 0.5 0.5 0.5
0.011488685 0.16041065 0.45232527 0.497389935 0.499869405 0.499993495 0.499999675 0.499999985 0.5 0.5 0.5 0.5
# Number of Weights at Age Matrices
1 
# Weight Matrix - 1 (kg) 
0.5306555 1.1963283 2.0582654 3.0349873 4.0552124 5.0646975 6.0262262 6.9169206 7.7248909 8.4461128 9.0818532 9.636695
0.5306555 1.1963283 2.0582654 3.0349873 4.0552124 5.0646975 6.0262262 6.9169206 7.7248909 8.4461128 9.0818532 9.636695
0.5306555 1.1963283 2.0582654 3.0349873 4.0552124 5.0646975 6.0262262 6.9169206 7.7248909 8.4461128 9.0818532 9.636695
0.5306555 1.1963283 2.0582654 3.0349873 4.0552124 5.0646975 6.0262262 6.9169206 7.7248909 8.4461128 9.0818532 9.636695
0.5306555 1.1963283 2.0582654 3.0349873 4.0552124 5.0646975 6.0262262 6.9169206 7.7248909 8.4461128 9.0818532 9.636695
0.5306555 1.1963283 2.0582654 3.0349873 4.0552124 5.0646975 6.0262262 6.9169206 7.7248909 8.4461128 9.0818532 9.636695
0.5306555 1.1963283 2.0582654 3.0349873 4.0552124 5.0646975 6.0262262 6.9169206 7.7248909 8.4461128 9.0818532 9.636695
0.5306555 1.1963283 2.0582654 3.0349873 4.0552124 5.0646975 6.0262262 6.9169206 7.7248909 8.4461128 9.0818532 9.636695
0.5306555 1.1963283 2.0582654 3.0349873 4.0552124 5.0646975 6.0262262 6.9169206 7.7248909 8.4461128 9.0818532 9.636695
0.5306555 1.1963283 2.0582654 3.0349873 4.0552124 5.0646975 6.0262262 6.9169206 7.7248909 8.4461128 9.0818532 9.636695
0.5306555 1.1963283 2.0582654 3.0349873 4.0552124 5.0646975 6.0262262 6.9169206 7.7248909 8.4461128 9.0818532 9.636695
0.5306555 1.1963283 2.0582654 3.0349873 4.0552124 5.0646975 6.0262262 6.9169206 7.7248909 8.4461128 9.0818532 9.636695
0.5306555 1.1963283 2.0582654 3.0349873 4.0552124 5.0646975 6.0262262 6.9169206 7.7248909 8.4461128 9.0818532 9.636695
0.5306555 1.1963283 2.0582654 3.0349873 4.0552124 5.0646975 6.0262262 6.9169206 7.7248909 8.4461128 9.0818532 9.636695
0.5306555 1.1963283 2.0582654 3.0349873 4.0552124 5.0646975 6.0262262 6.9169206 7.7248909 8.4461128 9.0818532 9.636695
0.5306555 1.1963283 2.0582654 3.0349873 4.0552124 5.0646975 6.0262262 6.9169206 7.7248909 8.4461128 9.0818532 9.636695
0.5306555 1.1963283 2.0582654 3.0349873 4.0552124 5.0646975 6.0262262 6.9169206 7.7248909 8.4461128 9.0818532 9.636695
0.5306555 1.1963283 2.0582654 3.0349873 4.0552124 5.0646975 6.0262262 6.9169206 7.7248909 8.4461128 9.0818532 9.636695
0.5306555 1.1963283 2.0582654 3.0349873 4.0552124 5.0646975 6.0262262 6.9169206 7.7248909 8.4461128 9.0818532 9.636695
0.5306555 1.1963283 2.0582654 3.0349873 4.0552124 5.0646975 6.0262262 6.9169206 7.7248909 8.4461128 9.0818532 9.636695
0.5306555 1.1963283 2.0582654 3.0349873 4.0552124 5.0646975 6.0262262 6.9169206 7.7248909 8.4461128 9.0818532 9.636695
0.5306555 1.1963283 2.0582654 3.0349873 4.0552124 5.0646975 6.0262262 6.9169206 7.7248909 8.4461128 9.0818532 9.636695
0.5306555 1.1963283 2.0582654 3.0349873 4.0552124 5.0646975 6.0262262 6.9169206 7.7248909 8.4461128 9.0818532 9.636695
0.5306555 1.1963283 2.0582654 3.0349873 4.0552124 5.0646975 6.0262262 6.9169206 7.7248909 8.4461128 9.0818532 9.636695
0.5306555 1.1963283 2.0582654 3.0349873 4.0552124 5.0646975 6.0262262 6.9169206 7.7248909 8.4461128 9.0818532 9.636695
0.5306555 1.1963283 2.0582654 3.0349873 4.0552124 5.0646975 6.0262262 6.9169206 7.7248909 8.4461128 9.0818532 9.636695
0.5306555 1.1963283 2.0582654 3.0349873 4.0552124 5.0646975 6.0262262 6.9169206 7.7248909 8.4461128 9.0818532 9.636695
0.5306555 1.1963283 2.0582654 3.0349873 4.0552124 5.0646975 6.0262262 6.9169206 7.7248909 8.4461128 9.0818532 9.636695
0.5306555 1.1963283 2.0582654 3.0349873 4.0552124 5.0646975 6.0262262 6.9169206 7.7248909 8.4461128 9.0818532 9.636695
0.5306555 1.1963283 2.0582654 3.0349873 4.0552124 5.0646975 6.0262262 6.9169206 7.7248909 8.4461128 9.0818532 9.636695
# Weights at Age Pointers (Fleet 1-catch; Fleet 1-discard; catch-all fleets; discard-all; SSB; Jan-1 Biomass) 
1
1
1
1
1
1
# Fleet 1 Selectivity Block Assignment 
1
1
1
1
1
1
1
1
1
1
1
1
1
1
1
1
1
1
1
1
1
1
1
1
1
1
1
1
1
1
# Selectivity Options for each block 1=by age, 2=logisitic, 3=double logistic
2 
# Selectivity Block #1 Data (initial guess; phase; lambda; cv; a50 and slope) [slope = 1/slope'; a50 = a50'*slope'*slope] 
0 0 0 0
0 0 0 0
0 0 0 0
0 0 0 0
0 0 0 0
0 0 0 0
0 0 0 0
0 0 0 0
0 0 0 0
0 0 0 0
0 0 0 0
0 0 0 0
2 2 0 0.5
1 2 0 0.5
0 0 0 0
0 0 0 0
0 0 0 0
0 0 0 0
# Fleet Start Age
1 
# Fleet End Age
12 
# Age Range for Average F [common setting: first full selective age to max age]
6 12 
# Average F report option (1=unweighted, 2=Nweighted, 3=Bweighted)
1 
# Use Likelihood constants? (1=yes)
0 
# Release Mortality by Fleet
0 
# Fleet-1 Catch Data 
0.09 0.095 0.13 0.18 0.08 0.045 0.045 0.07 0.045 0.04 0.03 0.15 161.644465075111
0.065 0.095 0.135 0.13 0.095 0.045 0.08 0.05 0.04 0.06 0.03 0.175 460.957492830789
0.05 0.085 0.1 0.13 0.13 0.11 0.09 0.065 0.055 0.035 0.025 0.125 742.860950681058
0.065 0.19 0.13 0.115 0.105 0.07 0.05 0.065 0.04 0.03 0.02 0.12 961.519819946457
0.05 0.095 0.16 0.085 0.1 0.12 0.065 0.06 0.035 0.055 0.04 0.135 742.605669235502
0.12 0.12 0.13 0.135 0.055 0.065 0.035 0.045 0.02 0.06 0.02 0.195 1266.01260373407
0.125 0.075 0.15 0.115 0.115 0.08 0.035 0.05 0.035 0.02 0.04 0.16 1207.32643965471
0.1 0.125 0.11 0.11 0.1 0.11 0.08 0.075 0.04 0.03 0.01 0.11 2312.23823380771
0.13 0.145 0.145 0.135 0.085 0.11 0.055 0.015 0.03 0.045 0.02 0.085 1232.18936240786
0.175 0.16 0.125 0.11 0.125 0.08 0.065 0.05 0.02 0.035 0.015 0.04 1423.80385202698
0.11 0.145 0.185 0.13 0.065 0.085 0.055 0.045 0.04 0.025 0.02 0.095 1526.03517746824
0.12 0.185 0.18 0.155 0.09 0.065 0.045 0.035 0.02 0.035 0 0.07 1535.55634554698
0.085 0.13 0.14 0.18 0.155 0.09 0.045 0.05 0.015 0.02 0.015 0.075 1070.82061221012
0.125 0.14 0.135 0.135 0.135 0.075 0.055 0.035 0.035 0.025 0.045 0.06 1482.49081156075
0.12 0.115 0.155 0.165 0.075 0.05 0.11 0.07 0.025 0.03 0.005 0.08 1468.59536482104
0.045 0.155 0.17 0.145 0.1 0.07 0.095 0.07 0.035 0.045 0.03 0.04 1244.10714010295
0.075 0.115 0.23 0.185 0.12 0.07 0.035 0.04 0.065 0.015 0.01 0.04 2173.67437620718
0.175 0.15 0.07 0.165 0.105 0.09 0.06 0.04 0.055 0.035 0.01 0.045 1532.83486119544
0.13 0.22 0.12 0.115 0.115 0.085 0.04 0.03 0.045 0.03 0.025 0.045 1371.77028319148
0.21 0.195 0.215 0.12 0.045 0.055 0.05 0.015 0.03 0.005 0.005 0.055 1287.01593605044
0.105 0.32 0.165 0.145 0.085 0.01 0.07 0.045 0.01 0.015 0.005 0.025 1684.01865250845
0.175 0.155 0.22 0.185 0.09 0.045 0.015 0.035 0.03 0.01 0.02 0.02 1169.87241023135
0.18 0.245 0.16 0.195 0.1 0.05 0.015 0.005 0.015 0.01 0.01 0.015 1817.87084246653
0.1 0.22 0.19 0.175 0.165 0.035 0.035 0.035 0.02 0.005 0.005 0.015 1381.10467352074
0.195 0.25 0.175 0.135 0.08 0.065 0.05 0.015 0.005 0.005 0.01 0.015 1322.29939841916
0.215 0.165 0.195 0.115 0.115 0.08 0.045 0.015 0.025 0.01 0 0.02 1210.02950390157
0.11 0.24 0.175 0.14 0.16 0.065 0.04 0.01 0.03 0.005 0.01 0.015 1200.11615054579
0.125 0.165 0.24 0.2 0.11 0.06 0.02 0.04 0.02 0.01 0 0.01 1612.09836769514
0.155 0.23 0.17 0.205 0.08 0.06 0.05 0.025 0.01 0.01 0 0.005 1141.90487472791
0.145 0.16 0.25 0.155 0.13 0.07 0.03 0.01 0.02 0.01 0.005 0.015 1635.17926058881
# Fleet-1 Discards Data 
0 0 0 0 0 0 0 0 0 0 0 0 0
0 0 0 0 0 0 0 0 0 0 0 0 0
0 0 0 0 0 0 0 0 0 0 0 0 0
0 0 0 0 0 0 0 0 0 0 0 0 0
0 0 0 0 0 0 0 0 0 0 0 0 0
0 0 0 0 0 0 0 0 0 0 0 0 0
0 0 0 0 0 0 0 0 0 0 0 0 0
0 0 0 0 0 0 0 0 0 0 0 0 0
0 0 0 0 0 0 0 0 0 0 0 0 0
0 0 0 0 0 0 0 0 0 0 0 0 0
0 0 0 0 0 0 0 0 0 0 0 0 0
0 0 0 0 0 0 0 0 0 0 0 0 0
0 0 0 0 0 0 0 0 0 0 0 0 0
0 0 0 0 0 0 0 0 0 0 0 0 0
0 0 0 0 0 0 0 0 0 0 0 0 0
0 0 0 0 0 0 0 0 0 0 0 0 0
0 0 0 0 0 0 0 0 0 0 0 0 0
0 0 0 0 0 0 0 0 0 0 0 0 0
0 0 0 0 0 0 0 0 0 0 0 0 0
0 0 0 0 0 0 0 0 0 0 0 0 0
0 0 0 0 0 0 0 0 0 0 0 0 0
0 0 0 0 0 0 0 0 0 0 0 0 0
0 0 0 0 0 0 0 0 0 0 0 0 0
0 0 0 0 0 0 0 0 0 0 0 0 0
0 0 0 0 0 0 0 0 0 0 0 0 0
0 0 0 0 0 0 0 0 0 0 0 0 0
0 0 0 0 0 0 0 0 0 0 0 0 0
0 0 0 0 0 0 0 0 0 0 0 0 0
0 0 0 0 0 0 0 0 0 0 0 0 0
0 0 0 0 0 0 0 0 0 0 0 0 0
# Fleet-1 Release Data 
0 0 0 0 0 0 0 0 0 0 0 0
0 0 0 0 0 0 0 0 0 0 0 0
0 0 0 0 0 0 0 0 0 0 0 0
0 0 0 0 0 0 0 0 0 0 0 0
0 0 0 0 0 0 0 0 0 0 0 0
0 0 0 0 0 0 0 0 0 0 0 0
0 0 0 0 0 0 0 0 0 0 0 0
0 0 0 0 0 0 0 0 0 0 0 0
0 0 0 0 0 0 0 0 0 0 0 0
0 0 0 0 0 0 0 0 0 0 0 0
0 0 0 0 0 0 0 0 0 0 0 0
0 0 0 0 0 0 0 0 0 0 0 0
0 0 0 0 0 0 0 0 0 0 0 0
0 0 0 0 0 0 0 0 0 0 0 0
0 0 0 0 0 0 0 0 0 0 0 0
0 0 0 0 0 0 0 0 0 0 0 0
0 0 0 0 0 0 0 0 0 0 0 0
0 0 0 0 0 0 0 0 0 0 0 0
0 0 0 0 0 0 0 0 0 0 0 0
0 0 0 0 0 0 0 0 0 0 0 0
0 0 0 0 0 0 0 0 0 0 0 0
0 0 0 0 0 0 0 0 0 0 0 0
0 0 0 0 0 0 0 0 0 0 0 0
0 0 0 0 0 0 0 0 0 0 0 0
0 0 0 0 0 0 0 0 0 0 0 0
0 0 0 0 0 0 0 0 0 0 0 0
0 0 0 0 0 0 0 0 0 0 0 0
0 0 0 0 0 0 0 0 0 0 0 0
0 0 0 0 0 0 0 0 0 0 0 0
0 0 0 0 0 0 0 0 0 0 0 0
# Aggregate Index Units (1: biomass; 2: number)
2 
# Age Proportion Index Units (1: biomass; 2: number)
2 
# Weight at Age Matrix
1 
# Index Month
1 
# Index Selectivity Link to Fleet
-1 
# Index Selectivity Options 1=by age, 2=logisitic, 3=double logistic
2 
# Index Start Age
1 
# Index End Age
12 
# Estimate Proportion (Yes=1)
1 
# Use Index (Yes=1)
1 
# Index-1 Selectivity Data (initial guess; phase; lambda; cv; a50 and slope) [slope = 1/slope'; a50 = a50'*slope'*slope] 
0 0 0 0
0 0 0 0
0 0 0 0
0 0 0 0
0 0 0 0
0 0 0 0
0 0 0 0
0 0 0 0
0 0 0 0
0 0 0 0
0 0 0 0
0 0 0 0
1.5 2 1 0.5
0.5 2 1 0.5
0 0 0 0
0 0 0 0
0 0 0 0
0 0 0 0
# Index-1 Data  
1 1.670880883877 0.2 0.075 0.15 0.185 0.16 0.09 0.055 0.05 0.05 0.045 0.025 0.03 0.085 200
2 1.44368247385276 0.2 0.03 0.165 0.145 0.1 0.095 0.085 0.045 0.075 0.07 0.025 0.03 0.135 200
3 1.34966883173935 0.2 0.065 0.145 0.125 0.13 0.125 0.06 0.05 0.06 0.05 0.035 0.035 0.12 200
4 1.61591123730205 0.2 0.07 0.21 0.105 0.095 0.11 0.065 0.08 0.02 0.04 0.04 0.025 0.14 200
5 1.21915829456113 0.2 0.08 0.13 0.175 0.06 0.1 0.1 0.065 0.055 0.045 0.03 0.015 0.145 200
6 1.36218531208942 0.2 0.065 0.16 0.12 0.11 0.055 0.095 0.05 0.05 0.04 0.06 0.025 0.17 200
7 1.35149569805198 0.2 0.05 0.165 0.16 0.155 0.095 0.07 0.045 0.04 0.02 0.03 0.025 0.145 200
8 1.37785448113797 0.2 0.065 0.135 0.135 0.14 0.105 0.09 0.045 0.075 0.04 0.02 0.025 0.125 200
9 1.11539908213882 0.2 0.1 0.165 0.135 0.165 0.075 0.105 0.065 0.03 0.035 0.02 0.01 0.095 200
10 1.22275994741012 0.2 0.085 0.205 0.16 0.17 0.125 0.07 0.03 0.03 0.025 0.015 0.005 0.08 200
11 1.08537529322644 0.2 0.07 0.22 0.185 0.135 0.06 0.105 0.04 0.015 0.04 0.035 0.02 0.075 200
12 1.08235164701424 0.2 0.095 0.16 0.22 0.13 0.11 0.07 0.065 0.03 0.01 0.025 0.015 0.07 200
13 1.14535893075812 0.2 0.095 0.15 0.145 0.13 0.095 0.105 0.055 0.08 0.03 0.01 0.04 0.065 200
14 0.84658978052249 0.2 0.085 0.15 0.22 0.12 0.11 0.065 0.06 0.055 0.015 0.03 0.02 0.07 200
15 0.913442729921422 0.2 0.075 0.195 0.215 0.14 0.085 0.11 0.06 0.015 0.015 0.03 0.005 0.055 200
16 1.0675679024771 0.2 0.045 0.225 0.21 0.105 0.065 0.1 0.065 0.075 0.015 0.015 0.025 0.055 200
17 0.754306778164547 0.2 0.115 0.09 0.225 0.18 0.105 0.055 0.05 0.05 0.06 0.005 0.02 0.045 200
18 0.749492058949012 0.2 0.125 0.205 0.15 0.135 0.085 0.075 0.065 0.03 0.055 0.015 0.02 0.04 200
19 0.915224406254979 0.2 0.1 0.23 0.175 0.105 0.135 0.04 0.075 0.015 0.025 0.04 0.015 0.045 200
20 0.7894378385665 0.2 0.125 0.225 0.225 0.14 0.05 0.055 0.05 0.025 0.03 0.01 0.025 0.04 200
21 0.84225441387532 0.2 0.09 0.275 0.235 0.17 0.07 0.045 0.04 0.025 0 0.01 0 0.04 200
22 0.724650074856311 0.2 0.125 0.23 0.205 0.145 0.105 0.06 0.03 0.03 0.025 0.01 0.01 0.025 200
23 0.878722331176003 0.2 0.155 0.26 0.205 0.175 0.05 0.075 0.035 0.005 0.015 0 0.005 0.02 200
24 0.702055043497937 0.2 0.105 0.275 0.18 0.16 0.12 0.065 0.025 0.025 0.01 0 0.01 0.025 200
25 0.737948300880479 0.2 0.125 0.21 0.26 0.16 0.105 0.05 0.02 0.025 0.005 0 0.015 0.025 200
26 0.765280191384127 0.2 0.115 0.245 0.235 0.155 0.09 0.08 0.05 0 0.005 0.005 0 0.02 200
27 0.925985486565089 0.2 0.115 0.21 0.325 0.125 0.085 0.055 0.01 0.04 0.02 0.005 0.005 0.005 200
28 0.601903412174167 0.2 0.1 0.19 0.22 0.23 0.135 0.06 0.01 0.01 0.03 0 0.005 0.01 200
29 0.639185003811298 0.2 0.125 0.26 0.175 0.15 0.125 0.065 0.035 0.025 0.015 0.005 0.01 0.01 200
30 0.668941168073604 0.2 0.19 0.2 0.26 0.1 0.11 0.035 0.05 0.025 0.015 0.005 0 0.01 200
# Phase for F mult in 1st Year
1 
# Phase for F mult Deviations
2 
# Phase for Recruitment Deviations
2 
# Phase for N in 1st Year (common setting is 2)
2 
# Phase for Catchability in 1st Year (common setting is 1)
1 
# Phase for Catchability Deviations
-5 
# Phase for Stock Recruitment Relationship (R0)
1 
# Phase for Steepness
-3 
# Recruitment CV by Year [sqrt(exp(sd^2)-1)] 
0.20201676710706
0.20201676710706
0.20201676710706
0.20201676710706
0.20201676710706
0.20201676710706
0.20201676710706
0.20201676710706
0.20201676710706
0.20201676710706
0.20201676710706
0.20201676710706
0.20201676710706
0.20201676710706
0.20201676710706
0.20201676710706
0.20201676710706
0.20201676710706
0.20201676710706
0.20201676710706
0.20201676710706
0.20201676710706
0.20201676710706
0.20201676710706
0.20201676710706
0.20201676710706
0.20201676710706
0.20201676710706
0.20201676710706
0.20201676710706
# Lambdas by Index
1 
# Lambda for Total Catch in Weight by Fleet
1 
# Lambda for Total Discards at Age by Fleet
0 
# Catch Total CV by Year and Fleet 
0.01
0.01
0.01
0.01
0.01
0.01
0.01
0.01
0.01
0.01
0.01
0.01
0.01
0.01
0.01
0.01
0.01
0.01
0.01
0.01
0.01
0.01
0.01
0.01
0.01
0.01
0.01
0.01
0.01
0.01
# Discard Total CV by Year and Fleet 
0
0
0
0
0
0
0
0
0
0
0
0
0
0
0
0
0
0
0
0
0
0
0
0
0
0
0
0
0
0
# Catch Effective Sample Size by Year and Fleet 
200
200
200
200
200
200
200
200
200
200
200
200
200
200
200
200
200
200
200
200
200
200
200
200
200
200
200
200
200
200
# Discard Effective Sample Size by Year and Fleet 
0
0
0
0
0
0
0
0
0
0
0
0
0
0
0
0
0
0
0
0
0
0
0
0
0
0
0
0
0
0
# Lambda for F Mult in First year by Fleet (0)
0 
# CV for F Mult in First year by Fleet
1 
# Lambda for F Mult Deviations by Fleet
0 
# CV for F Mult Deviations by Fleet
1 
# Lambda for N in 1st Year Deviations
0 
# CV for N in 1st Year Deviations
1 
# Lambda for Recruitment Deviations
1 
# Lambda for Catchability in First year by Index
0 
# CV for Catchability in First year by Index
1 
# Lambda for Catchability Deviations by Index
0 
# CV for Catchability Deviations by Index
1 
# Lambda for Deviation from Initial Steepness
0 
# CV for Deviation from Initial Steepness
1 
# Lambda for Deviation from Unexploited Stock Size
0 
# CV for Deviation from Unexploited Stock Size
1 
# NAA Deviations Flag (1:deviations are from exponential decline; 2: deviations are from initial guesses)
1 
# Initial Numbers at Age in 1st Year [N'/1000]
1000 818.7308 670.32 548.8116 449.329 367.8794 301.1942 246.597 201.8965 165.2989 135.3353 611.2629 
# Initial F Mult in 1st Year by Fleet (common setting is 0.2)
0.009459165 
# Initial Catchabilty by Index [q'/1000]
0.000339088 
# Stock Recruitment Flag (0: unexploited ssb; 1: unexploited recruitment)
1 
# Initial Unexploited Stock [R0'/1000]
1000 
# Initial Steepness
0.75 
# Maximum F
4 
# Ignore Guesses (Yes=1)
0 
# Do Projections (Yes=1)
0 
# Fleet Directed Flag
1 
# Final Year in Projection
31 
# Projection Data by Year 
31 -1 3 -99 1
# Do MCMC (Yes=1)
0 
# MCMC Year Option (0:Use final year in stock; 1: use final year plus one)
1 
# MCMC Iterations
1000 
# MCMC Thinning Factor
200 
# MCMC Random Seed
657483 
# Agepro R Option (0:use numbers at age; 1: use stock recruitment relationship; 2: use geometric mean of previous years)
0 
# Agepro R Option Start Year
1 
# Agepro R Option End Year
30 
# Export R Flag
1 
# Test Value
-23456 
######
###### FINIS ######
# Fleet Names
#$FISHERY1
# Survey Names
#$SURVEY1
#
