# Number of parameters = 77  Objective function value = 26298.7  Maximum gradient component = 0.00816360
# sel_params[1]:
1.82237964564
# sel_params[2]:
0.995335087758
# log_Fmult_year1:
 -4.70586820371
# log_Fmult_devs:
 1.06532846234 0.510630894963 0.304002929954 -0.215836438239 0.580964734608 0.0113873220192 0.743321811618 -0.537740024370 0.191601569536 0.118764042134 0.0593261733738 -0.322213837627 0.364814471366 0.0525803598332 -0.109960323050 0.670405977722 -0.197619012886 -0.0122391041009 -0.00840762338134 0.327527376947 -0.326992481912 0.487056218475 -0.199780898742 -0.0146680358297 -0.0806527697434 -0.00875099771523 0.352664264947 -0.264253443932 0.464810146902
# log_recruit_devs:
 -0.0800423618774 -0.291409989392 0.0962267617905 -0.0696110529453 -0.0831169909891 0.0700093586921 -0.0718384936592 -0.00320754564984 0.189038874912 0.199361369687 -0.0960843308519 -0.0622286296878 -0.0953922939266 -0.00867488962589 0.0304882815197 -0.580277624993 -0.192128590976 0.0519325777132 0.0148215082875 0.309981180354 0.0612498647573 0.127963717846 0.194146612739 0.0666654851970 0.192262048817 0.176029911864 -0.139982840905 0.0602901677059 -0.160656844463 0.0941847580594
# log_N_year1_devs:
 0.00700138143283 -0.0331053678509 -0.00195123110768 -0.0841344762602 -0.148169035381 -0.0345769857127 0.0423781050721 0.0526541257573 -0.0894403482259 0.0947798640006 -0.0480580339150
# log_q_year1:
 -7.99433028523
# log_q_devs:
 0.00000000000 0.00000000000 0.00000000000 0.00000000000 0.00000000000 0.00000000000 0.00000000000 0.00000000000 0.00000000000 0.00000000000 0.00000000000 0.00000000000 0.00000000000 0.00000000000 0.00000000000 0.00000000000 0.00000000000 0.00000000000 0.00000000000 0.00000000000 0.00000000000 0.00000000000 0.00000000000 0.00000000000 0.00000000000 0.00000000000 0.00000000000 0.00000000000 0.00000000000
# index_sel_params[1]:
1.46465851456
# index_sel_params[2]:
0.490800123890
# log_SR_scaler:
6.96506368233
# SR_steepness:
0.750000000000
