# Number of parameters = 77  Objective function value = 26135.2  Maximum gradient component = 0.000800864
# sel_params[1]:
1.97773142337
# sel_params[2]:
1.02179661287
# log_Fmult_year1:
 -4.74432913751
# log_Fmult_devs:
 0.857009548317 0.596765664913 0.599491965213 0.0708261875745 0.379333242790 -0.219998380345 0.286632575025 -0.202892445098 0.623521132775 -0.399721756739 0.00749343603622 0.760226144532 0.00849213503993 -0.308708648526 0.341221885639 -0.414467515838 0.181143571928 0.298658794936 0.0762736367663 -0.0900387581483 0.268898518552 0.0266545762198 0.188165585131 0.0766289567057 -0.515611375189 0.617348329651 -0.199374870391 -0.0950289034608 0.0238300691124
# log_recruit_devs:
 -0.0325879923848 -0.0451238980106 -0.140614487962 0.119070059953 -0.0807149645767 0.0545012434697 0.205583578480 -0.00169421294831 -0.252753661959 -0.0671651313723 0.0413707554566 0.265251599115 -0.0432761770013 0.0901508169208 -0.0887836620044 -0.193603291375 0.0561915963005 -0.188353945934 0.175151527491 0.0835199204052 0.0681546683650 0.254124620318 -0.0155234641283 -0.288816942113 -0.279804230005 0.192402322369 0.0369660539321 0.340685452815 -0.115710585728 -0.148597567888
# log_N_year1_devs:
 -0.0106511087227 -0.00556443643087 -0.0417398318865 -0.125844272728 -0.0280692464916 -0.233800237281 -0.00656381877647 -0.184845764153 -0.0400997726523 0.0690396549015 -0.255055376305
# log_q_year1:
 -7.93151771268
# log_q_devs:
 0.00000000000 0.00000000000 0.00000000000 0.00000000000 0.00000000000 0.00000000000 0.00000000000 0.00000000000 0.00000000000 0.00000000000 0.00000000000 0.00000000000 0.00000000000 0.00000000000 0.00000000000 0.00000000000 0.00000000000 0.00000000000 0.00000000000 0.00000000000 0.00000000000 0.00000000000 0.00000000000 0.00000000000 0.00000000000 0.00000000000 0.00000000000 0.00000000000 0.00000000000
# index_sel_params[1]:
1.54378078929
# index_sel_params[2]:
0.486084571735
# log_SR_scaler:
6.94537584297
# SR_steepness:
0.750000000000
