#styr												
1
#endyr												
30
#rec_age										
1															
#n_ages										
12
# numbers of length intervals
81
#Length	bin
10	11	12	13	14	15	16	17	18	19	20	21	22	23	24	25	26	27	28	29	30	31	32	33	34	35	36	37	38	39	40	41	42	43	44	45	46	47	48	49	50	51	52	53	54	55	56	57	58	59	60	61	62	63	64	65	66	67	68	69	70	71	72	73	74	75	76	77	78	79	80	81	82	83	84	85	86	87	88	89	90
#nfsh
1
#names_fsh
FLEET1												
#catch												
161.91299047486	462.553357312324	736.779896667419	965.466522499845	737.814613676841	1249.7750295405	1193.2793961441	2308.19615991561	1231.05351083253	1447.85269938333	1557.05041826443	1587.52259776831	1123.69698248141	1561.59317269767	1579.64093879318	1343.1966985981	2318.74551229894	1626.49470425287	1448.75940480485	1314.50694363307	1684.8919040499	1127.49280759362	1644.82388557797	1206.52899998179	1137.82312850927	1071.77410751504	1088.32235559336	1468.01218128491	1055.1809240132	1469.16072225999
#catch_cv											
0.01	0.01	0.01	0.01	0.01	0.01	0.01	0.01	0.01	0.01	0.01	0.01	0.01	0.01	0.01	0.01	0.01	0.01	0.01	0.01	0.01	0.01	0.01	0.01	0.01	0.01	0.01	0.01	0.01	0.01
#n_ages_fsh								
30		
#n_lengths_fsh								
0															
#yrs_ages_fsh								
1	2	3	4	5	6	7	8	9	10	11	12	13	14	15	16	17	18	19	20	21	22	23	24	25	26	27	28	29	30	
#sample_ages_fsh							
200	200	200	200	200	200	200	200	200	200	200	200	200	200	200	200	200	200	200	200	200	200	200	200	200	200	200	200	200	200
#page_fsh	2	3	4	5	6	7	8	9	10	11						
0.085	0.11	0.1	0.14	0.1	0.1	0.04	0.03	0.03	0.055	0.055	0.155
0.09	0.09	0.135	0.115	0.135	0.06	0.045	0.08	0.05	0.03	0.055	0.115
0.065	0.08	0.13	0.145	0.135	0.035	0.07	0.055	0.055	0.05	0.02	0.16
0.065	0.11	0.14	0.115	0.105	0.09	0.075	0.06	0.045	0.035	0.02	0.14
0.06	0.125	0.13	0.17	0.11	0.09	0.055	0.045	0.04	0.015	0.025	0.135
0.1	0.095	0.115	0.12	0.085	0.045	0.05	0.065	0.09	0.05	0.03	0.155
0.105	0.1	0.145	0.105	0.095	0.11	0.075	0.03	0.055	0.04	0.035	0.105
0.09	0.185	0.15	0.125	0.12	0.045	0.075	0.055	0.025	0.02	0.045	0.065
0.155	0.115	0.16	0.155	0.06	0.075	0.045	0.045	0.02	0.03	0.025	0.115
0.09	0.185	0.12	0.13	0.14	0.085	0.075	0.02	0.02	0.02	0.02	0.095
0.085	0.145	0.2	0.14	0.085	0.08	0.04	0.03	0.025	0.03	0.005	0.135
0.105	0.145	0.14	0.155	0.135	0.1	0.03	0.015	0.035	0.03	0.02	0.09
0.075	0.215	0.13	0.15	0.14	0.06	0.07	0.055	0.02	0.01	0.02	0.055
0.1	0.13	0.185	0.105	0.125	0.12	0.07	0.065	0.03	0.015	0.02	0.035
0.125	0.18	0.095	0.22	0.075	0.065	0.095	0.03	0.04	0.035	0.015	0.025
0.075	0.18	0.11	0.13	0.13	0.08	0.055	0.09	0.055	0.015	0.01	0.07
0.095	0.105	0.225	0.095	0.1	0.105	0.085	0.025	0.04	0.03	0.015	0.08
0.125	0.11	0.13	0.265	0.085	0.07	0.06	0.03	0.02	0.05	0.005	0.05
0.115	0.165	0.145	0.125	0.165	0.065	0.07	0.055	0.04	0.015	0.01	0.03
0.11	0.205	0.205	0.155	0.065	0.075	0.06	0.025	0.03	0.01	0.015	0.045
0.135	0.105	0.315	0.145	0.075	0.07	0.04	0.03	0.03	0.025	0.01	0.02
0.12	0.205	0.17	0.18	0.1	0.08	0.045	0.035	0.02	0	0.01	0.035
0.215	0.125	0.185	0.14	0.13	0.105	0.04	0.015	0.015	0	0.015	0.015
0.175	0.19	0.13	0.185	0.11	0.075	0.055	0.02	0.02	0.02	0	0.02
0.215	0.2	0.17	0.09	0.095	0.07	0.075	0.035	0.02	0.015	0	0.015
0.1	0.265	0.295	0.18	0.03	0.035	0.04	0.03	0.015	0.005	0	0.005
0.135	0.16	0.225	0.22	0.1	0.015	0.07	0.02	0.02	0.005	0.01	0.02
0.11	0.215	0.2	0.2	0.14	0.045	0.015	0.04	0.005	0.01	0.015	0.005
0.21	0.07	0.215	0.18	0.145	0.085	0.05	0.015	0.01	0.005	0	0.015
0.17	0.33	0.105	0.15	0.06	0.08	0.06	0.02	0.005	0.005	0	0.015
#wt_age_fsh	1 2	3	4	5	6	7	8	9	10	11						
0.000530656	0.001196328	0.002058265	0.003034987	0.004055212	0.005064698	0.006026226	0.006916921	0.007724891	0.008446113	0.009081853	0.009636695
0.000530656	0.001196328	0.002058265	0.003034987	0.004055212	0.005064698	0.006026226	0.006916921	0.007724891	0.008446113	0.009081853	0.009636695
0.000530656	0.001196328	0.002058265	0.003034987	0.004055212	0.005064698	0.006026226	0.006916921	0.007724891	0.008446113	0.009081853	0.009636695
0.000530656	0.001196328	0.002058265	0.003034987	0.004055212	0.005064698	0.006026226	0.006916921	0.007724891	0.008446113	0.009081853	0.009636695
0.000530656	0.001196328	0.002058265	0.003034987	0.004055212	0.005064698	0.006026226	0.006916921	0.007724891	0.008446113	0.009081853	0.009636695
0.000530656	0.001196328	0.002058265	0.003034987	0.004055212	0.005064698	0.006026226	0.006916921	0.007724891	0.008446113	0.009081853	0.009636695
0.000530656	0.001196328	0.002058265	0.003034987	0.004055212	0.005064698	0.006026226	0.006916921	0.007724891	0.008446113	0.009081853	0.009636695
0.000530656	0.001196328	0.002058265	0.003034987	0.004055212	0.005064698	0.006026226	0.006916921	0.007724891	0.008446113	0.009081853	0.009636695
0.000530656	0.001196328	0.002058265	0.003034987	0.004055212	0.005064698	0.006026226	0.006916921	0.007724891	0.008446113	0.009081853	0.009636695
0.000530656	0.001196328	0.002058265	0.003034987	0.004055212	0.005064698	0.006026226	0.006916921	0.007724891	0.008446113	0.009081853	0.009636695
0.000530656	0.001196328	0.002058265	0.003034987	0.004055212	0.005064698	0.006026226	0.006916921	0.007724891	0.008446113	0.009081853	0.009636695
0.000530656	0.001196328	0.002058265	0.003034987	0.004055212	0.005064698	0.006026226	0.006916921	0.007724891	0.008446113	0.009081853	0.009636695
0.000530656	0.001196328	0.002058265	0.003034987	0.004055212	0.005064698	0.006026226	0.006916921	0.007724891	0.008446113	0.009081853	0.009636695
0.000530656	0.001196328	0.002058265	0.003034987	0.004055212	0.005064698	0.006026226	0.006916921	0.007724891	0.008446113	0.009081853	0.009636695
0.000530656	0.001196328	0.002058265	0.003034987	0.004055212	0.005064698	0.006026226	0.006916921	0.007724891	0.008446113	0.009081853	0.009636695
0.000530656	0.001196328	0.002058265	0.003034987	0.004055212	0.005064698	0.006026226	0.006916921	0.007724891	0.008446113	0.009081853	0.009636695
0.000530656	0.001196328	0.002058265	0.003034987	0.004055212	0.005064698	0.006026226	0.006916921	0.007724891	0.008446113	0.009081853	0.009636695
0.000530656	0.001196328	0.002058265	0.003034987	0.004055212	0.005064698	0.006026226	0.006916921	0.007724891	0.008446113	0.009081853	0.009636695
0.000530656	0.001196328	0.002058265	0.003034987	0.004055212	0.005064698	0.006026226	0.006916921	0.007724891	0.008446113	0.009081853	0.009636695
0.000530656	0.001196328	0.002058265	0.003034987	0.004055212	0.005064698	0.006026226	0.006916921	0.007724891	0.008446113	0.009081853	0.009636695
0.000530656	0.001196328	0.002058265	0.003034987	0.004055212	0.005064698	0.006026226	0.006916921	0.007724891	0.008446113	0.009081853	0.009636695
0.000530656	0.001196328	0.002058265	0.003034987	0.004055212	0.005064698	0.006026226	0.006916921	0.007724891	0.008446113	0.009081853	0.009636695
0.000530656	0.001196328	0.002058265	0.003034987	0.004055212	0.005064698	0.006026226	0.006916921	0.007724891	0.008446113	0.009081853	0.009636695
0.000530656	0.001196328	0.002058265	0.003034987	0.004055212	0.005064698	0.006026226	0.006916921	0.007724891	0.008446113	0.009081853	0.009636695
0.000530656	0.001196328	0.002058265	0.003034987	0.004055212	0.005064698	0.006026226	0.006916921	0.007724891	0.008446113	0.009081853	0.009636695
0.000530656	0.001196328	0.002058265	0.003034987	0.004055212	0.005064698	0.006026226	0.006916921	0.007724891	0.008446113	0.009081853	0.009636695
0.000530656	0.001196328	0.002058265	0.003034987	0.004055212	0.005064698	0.006026226	0.006916921	0.007724891	0.008446113	0.009081853	0.009636695
0.000530656	0.001196328	0.002058265	0.003034987	0.004055212	0.005064698	0.006026226	0.006916921	0.007724891	0.008446113	0.009081853	0.009636695
0.000530656	0.001196328	0.002058265	0.003034987	0.004055212	0.005064698	0.006026226	0.006916921	0.007724891	0.008446113	0.009081853	0.009636695
0.000530656	0.001196328	0.002058265	0.003034987	0.004055212	0.005064698	0.006026226	0.006916921	0.007724891	0.008446113	0.009081853	0.009636695
#nind
1
#ind_names									
SURVEY1									
#nobs_ind
30
#yrs_ind											
1	2	3	4	5	6	7	8	9	10	11	12	13	14	15	16	17	18	19	20	21	22	23	24	25	26	27	28	29	30	
#month_ind										
1															
#biom_ind											
1.53122229178692	1.57549038319875	1.36780822824397	1.45290112365472	1.35590884041297	1.27172693611543	1.24008244143442	1.06292588913001	1.17546932931941	1.19777052573582	1.15727660676451	1.24021346505934	1.07212813360659	1.12734028665758	1.03225978749294	0.959495348296156	0.854272471127507	0.72560104238451	0.715993582058249	0.763511503062803	0.749444497128222	0.697602906119297	0.702766661619593	0.65266380300275	0.60628274943636	0.704239691659719	0.715768370989896	0.594737959099857	0.548766750299807	0.681818905921559
#biom_cv																
0.306244458357384	0.31509807663975	0.273561645648794	0.290580224730945	0.271181768082593	0.254345387223086	0.248016488286883	0.212585177826002	0.235093865863881	0.239554105147163	0.231455321352901	0.248042693011868	0.214425626721318	0.225468057331517	0.206451957498589	0.191899069659231	0.170854494225502	0.145120208476902	0.14319871641165	0.152702300612561	0.149888899425644	0.139520581223859	0.140553332323919	0.13053276060055	0.121256549887272	0.140847938331944	0.143153674197979	0.118947591819971	0.109753350059962	0.136363781184312
#n_ages_ind															
30			
#n_lengths_ind															
0															
#yrs_ages_ind															
1	2	3	4	5	6	7	8	9	10	11	12	13	14	15	16	17	18	19	20	21	22	23	24	25	26	27	28	29	30	
#sample_ages_ind					
200	200	200	200	200	200	200	200	200	200	200	200	200	200	200	200	200	200	200	200	200	200	200	200	200	200	200	200	200	200
#page_ind						
0.03	0.155	0.14	0.11	0.085	0.095	0.035	0.07	0.04	0.05	0.06	0.13
0.055	0.135	0.125	0.15	0.075	0.1	0.11	0.045	0.04	0.03	0.03	0.105
0.055	0.145	0.14	0.12	0.095	0.085	0.035	0.07	0.07	0.055	0.02	0.11
0.055	0.13	0.205	0.12	0.075	0.075	0.085	0.06	0.04	0.02	0.04	0.095
0.065	0.145	0.105	0.14	0.09	0.1	0.05	0.05	0.075	0.025	0.03	0.125
0.08	0.15	0.15	0.085	0.12	0.06	0.06	0.085	0.04	0.01	0.015	0.145
0.1	0.2	0.105	0.095	0.12	0.09	0.05	0.07	0.06	0.035	0.005	0.07
0.06	0.25	0.175	0.075	0.1	0.05	0.05	0.035	0.035	0.025	0.025	0.12
0.05	0.19	0.18	0.175	0.055	0.06	0.065	0.035	0.03	0.03	0.03	0.1
0.105	0.155	0.175	0.135	0.145	0.055	0.04	0.03	0.03	0.02	0.035	0.075
0.1	0.175	0.19	0.145	0.14	0.045	0.045	0.055	0	0.025	0	0.08
0.1	0.145	0.21	0.12	0.115	0.075	0.08	0.025	0.03	0.03	0.005	0.065
0.075	0.21	0.155	0.165	0.12	0.05	0.04	0.045	0.03	0.02	0.01	0.08
0.09	0.155	0.215	0.16	0.14	0.09	0.02	0.04	0.025	0.005	0.025	0.035
0.135	0.1	0.16	0.16	0.09	0.075	0.055	0.07	0.035	0.045	0.02	0.055
0.045	0.22	0.15	0.16	0.115	0.065	0.085	0.045	0.03	0.01	0.015	0.06
0.07	0.185	0.23	0.125	0.09	0.12	0.03	0.045	0.035	0.01	0.015	0.045
0.095	0.16	0.15	0.165	0.105	0.095	0.07	0.015	0.025	0.035	0.02	0.065
0.11	0.225	0.14	0.085	0.13	0.055	0.07	0.06	0.045	0.01	0.03	0.04
0.07	0.27	0.235	0.075	0.09	0.115	0.05	0.015	0.02	0.03	0.005	0.025
0.13	0.22	0.26	0.1	0.095	0.06	0.035	0.04	0.01	0.025	0.015	0.01
0.07	0.235	0.2	0.185	0.12	0.08	0.025	0.03	0.02	0.01	0.01	0.015
0.115	0.135	0.265	0.18	0.085	0.07	0.025	0.035	0.035	0.005	0.01	0.04
0.145	0.255	0.11	0.18	0.08	0.085	0.045	0.03	0.015	0.025	0.005	0.025
0.125	0.28	0.26	0.065	0.11	0.06	0.04	0.02	0.005	0.01	0.005	0.02
0.15	0.21	0.315	0.185	0.045	0.04	0.01	0.03	0.01	0	0	0.005
0.105	0.275	0.245	0.2	0.11	0.02	0.015	0.02	0.005	0.005	0	0
0.095	0.235	0.275	0.175	0.125	0.045	0.015	0.025	0.005	0	0.005	0
0.125	0.185	0.255	0.145	0.13	0.065	0.05	0.005	0.015	0.015	0.005	0.005
0.145	0.28	0.205	0.12	0.12	0.055	0.035	0.015	0.01	0.01	0	0.005
#wt_age_ind						
1 1 1 1 1 1 1 1 1 1 1 1 
1 1 1 1 1 1 1 1 1 1 1 1 
1 1 1 1 1 1 1 1 1 1 1 1 
1 1 1 1 1 1 1 1 1 1 1 1 
1 1 1 1 1 1 1 1 1 1 1 1 
1 1 1 1 1 1 1 1 1 1 1 1 
1 1 1 1 1 1 1 1 1 1 1 1 
1 1 1 1 1 1 1 1 1 1 1 1 
1 1 1 1 1 1 1 1 1 1 1 1 
1 1 1 1 1 1 1 1 1 1 1 1 
1 1 1 1 1 1 1 1 1 1 1 1 
1 1 1 1 1 1 1 1 1 1 1 1 
1 1 1 1 1 1 1 1 1 1 1 1 
1 1 1 1 1 1 1 1 1 1 1 1 
1 1 1 1 1 1 1 1 1 1 1 1 
1 1 1 1 1 1 1 1 1 1 1 1 
1 1 1 1 1 1 1 1 1 1 1 1 
1 1 1 1 1 1 1 1 1 1 1 1 
1 1 1 1 1 1 1 1 1 1 1 1 
1 1 1 1 1 1 1 1 1 1 1 1 
1 1 1 1 1 1 1 1 1 1 1 1 
1 1 1 1 1 1 1 1 1 1 1 1 
1 1 1 1 1 1 1 1 1 1 1 1 
1 1 1 1 1 1 1 1 1 1 1 1 
1 1 1 1 1 1 1 1 1 1 1 1 
1 1 1 1 1 1 1 1 1 1 1 1 
1 1 1 1 1 1 1 1 1 1 1 1 
1 1 1 1 1 1 1 1 1 1 1 1 
1 1 1 1 1 1 1 1 1 1 1 1 
1 1 1 1 1 1 1 1 1 1 1 1 
# wt_pop
0.000530656	0.001196328	0.002058265	0.003034987	0.004055212	0.005064698	0.006026226	0.006916921	0.007724891	0.008446113	0.009081853	0.009636695
#maturity
0.02297737 0.32082130 0.90465054 0.99477987 0.99973881 0.99998699 0.99999935 0.99999997 1 1 1 1
#spmonth						
1		
#age_err						
1	0	0	0	0	0	0	0	0	0	0	0
0	1	0	0	0	0	0	0	0	0	0	0
0	0	1	0	0	0	0	0	0	0	0	0
0	0	0	1	0	0	0	0	0	0	0	0
0	0	0	0	1	0	0	0	0	0	0	0
0	0	0	0	0	1	0	0	0	0	0	0
0	0	0	0	0	0	1	0	0	0	0	0
0	0	0	0	0	0	0	1	0	0	0	0
0	0	0	0	0	0	0	0	1	0	0	0
0	0	0	0	0	0	0	0	0	1	0	0
0	0	0	0	0	0	0	0	0	0	1	0
0	0	0	0	0	0	0	0	0	0	0	1																														
