#######GENERAL HEADER INPUT#######
1
30
1
30
1
30
30
12
1	2	3	4	5	6	7	8	9	10	11	12
12
1	2	3	4	5	6	7	8	9	10	11	12
1
1001
1
1
#######SURVEY DATA#######
30
1	2	3	4	5	6	7	8	9	10	11	12	13	14	15	16	17	18	19	20	21	22	23	24	25	26	27	28	29	30
1.19162146693331	1.57458527197744	1.57404611725752	1.40681840390168	1.45610080510208	1.48714765149527	1.23481945916438	1.40537311679539	1.05572084000978	0.922353387914876	0.886996503644435	0.838589974920078	1.02529326012035	1.1211708354099	0.961649109272596	0.815172771983583	0.821803669329719	0.917990778899685	0.696383252920603	0.917289885744462	1.00131933477931	0.790289954749448	0.764926254457853	0.723244569210196	0.65298046425063	0.626264137981476	0.685162930069353	0.774973764458841	0.580190807570449	0.759801223814964
0.2	0.2	0.2	0.2	0.2	0.2	0.2	0.2	0.2	0.2	0.2	0.2	0.2	0.2	0.2	0.2	0.2	0.2	0.2	0.2	0.2	0.2	0.2	0.2	0.2	0.2	0.2	0.2	0.2	0.2
30
1	2	3	4	5	6	7	8	9	10	11	12	13	14	15	16	17	18	19	20	21	22	23	24	25	26	27	28	29	30
200	200	200	200	200	200	200	200	200	200	200	200	200	200	200	200	200	200	200	200	200	200	200	200	200	200	200	200	200	200
200	200	200	200	200	200	200	200	200	200	200	200	200	200	200	200	200	200	200	200	200	200	200	200	200	200	200	200	200	200
0.05	0.16	0.155	0.135	0.07	0.09	0.095	0.065	0.03	0.02	0.02	0.11
0.02	0.125	0.185	0.16	0.1	0.055	0.055	0.07	0.035	0.07	0.02	0.105
0.045	0.13	0.135	0.13	0.115	0.08	0.035	0.08	0.055	0.035	0.025	0.135
0.095	0.105	0.16	0.115	0.12	0.1	0.08	0.02	0.03	0.03	0.025	0.12
0.035	0.19	0.135	0.105	0.115	0.105	0.055	0.065	0.03	0.02	0.04	0.105
0.05	0.145	0.27	0.095	0.135	0.055	0.045	0.06	0.015	0.01	0.01	0.11
0.075	0.09	0.16	0.17	0.08	0.065	0.07	0.075	0.03	0.035	0.015	0.135
0.05	0.155	0.125	0.115	0.155	0.06	0.075	0.06	0.045	0.02	0.015	0.125
0.055	0.155	0.18	0.09	0.065	0.115	0.075	0.055	0.05	0.04	0.015	0.105
0.035	0.165	0.22	0.145	0.055	0.095	0.075	0.025	0.04	0.035	0.025	0.085
0.085	0.21	0.14	0.14	0.095	0.035	0.055	0.06	0.04	0.05	0.015	0.075
0.09	0.155	0.22	0.12	0.075	0.08	0.05	0.05	0.03	0.01	0.005	0.115
0.11	0.215	0.155	0.14	0.06	0.065	0.075	0.05	0.02	0.025	0.015	0.07
0.08	0.22	0.18	0.11	0.085	0.09	0.06	0.045	0.015	0.03	0.035	0.05
0.06	0.175	0.23	0.13	0.095	0.11	0.045	0.05	0.03	0.005	0.005	0.065
0.08	0.185	0.19	0.19	0.1	0.055	0.055	0.04	0.035	0.035	0	0.035
0.12	0.185	0.195	0.1	0.105	0.11	0.06	0.04	0.02	0.015	0.015	0.035
0.115	0.195	0.14	0.15	0.11	0.115	0.035	0.055	0.03	0.005	0.02	0.03
0.115	0.195	0.255	0.145	0.075	0.05	0.04	0.025	0.03	0.01	0.03	0.03
0.09	0.28	0.205	0.175	0.09	0.03	0.025	0.025	0.04	0.015	0.01	0.015
0.1	0.195	0.27	0.125	0.085	0.08	0.02	0.02	0.04	0.02	0.015	0.03
0.125	0.22	0.235	0.21	0.09	0.055	0.02	0.005	0.015	0.015	0	0.01
0.08	0.175	0.255	0.18	0.135	0.075	0.04	0.03	0.005	0.005	0.005	0.015
0.08	0.265	0.255	0.17	0.1	0.05	0.035	0.01	0.015	0.01	0	0.01
0.105	0.15	0.255	0.175	0.14	0.04	0.06	0.04	0.015	0.01	0	0.01
0.16	0.205	0.2	0.175	0.08	0.12	0.02	0.01	0.01	0.01	0.005	0.005
0.165	0.3	0.175	0.085	0.08	0.07	0.045	0.02	0.03	0.005	0.01	0.015
0.18	0.24	0.235	0.135	0.055	0.06	0.035	0.03	0.01	0.015	0.005	0
0.185	0.235	0.22	0.145	0.085	0.065	0.025	0.02	0.005	0.005	0	0.01
0.145	0.225	0.26	0.185	0.065	0.055	0.02	0.005	0.01	0.01	0	0.02
#######LANDINGS DATA#######
1
30
160.473063863247	464.744769111152	735.512947636145	960.669424421399	745.570621714359	1288.87817125184	1222.99870308226	2327.32340811082	1218.49196512077	1373.56694576707	1433.2208030671	1412.87495151557	979.063326874294	1383.49719847045	1412.18887672233	1202.88679368304	2161.6519287697	1533.97201398809	1436.11596251543	1370.87104610987	1822.59657353353	1274.22679554759	1981.41300168242	1476.44224744689	1369.36695295753	1187.20969093585	1144.76787120665	1540.43528611906	1143.51488455328	1656.97481352949
0.01	0.01	0.01	0.01	0.01	0.01	0.01	0.01	0.01	0.01	0.01	0.01	0.01	0.01	0.01	0.01	0.01	0.01	0.01	0.01	0.01	0.01	0.01	0.01	0.01	0.01	0.01	0.01	0.01	0.01
30
1	2	3	4	5	6	7	8	9	10	11	12	13	14	15	16	17	18	19	20	21	22	23	24	25	26	27	28	29	30
200	200	200	200	200	200	200	200	200	200	200	200	200	200	200	200	200	200	200	200	200	200	200	200	200	200	200	200	200	200
200	200	200	200	200	200	200	200	200	200	200	200	200	200	200	200	200	200	200	200	200	200	200	200	200	200	200	200	200	200
0.065	0.14	0.16	0.115	0.095	0.095	0.055	0.045	0.005	0.04	0.045	0.14
0.085	0.105	0.13	0.11	0.09	0.085	0.1	0.075	0.025	0.03	0.04	0.125
0.07	0.07	0.17	0.155	0.105	0.095	0.065	0.065	0.07	0.035	0.03	0.07
0.14	0.105	0.13	0.085	0.1	0.09	0.08	0.05	0.05	0.035	0.045	0.09
0.085	0.15	0.115	0.12	0.095	0.12	0.085	0.045	0.005	0.025	0.02	0.135
0.06	0.1	0.165	0.095	0.095	0.1	0.105	0.055	0.035	0.03	0.03	0.13
0.095	0.095	0.13	0.17	0.12	0.1	0.065	0.04	0.035	0.03	0.015	0.105
0.095	0.12	0.07	0.14	0.12	0.07	0.065	0.07	0.05	0.015	0.035	0.15
0.08	0.12	0.11	0.115	0.095	0.09	0.035	0.085	0.035	0.06	0.045	0.13
0.1	0.145	0.12	0.15	0.085	0.065	0.075	0.025	0.05	0.045	0.03	0.11
0.08	0.145	0.135	0.155	0.09	0.06	0.055	0.085	0.055	0.03	0.015	0.095
0.1	0.09	0.195	0.14	0.135	0.08	0.05	0.045	0.05	0.02	0.04	0.055
0.14	0.14	0.15	0.125	0.11	0.09	0.055	0.045	0.03	0.02	0.01	0.085
0.11	0.14	0.145	0.165	0.14	0.075	0.075	0.03	0.03	0.015	0.015	0.06
0.075	0.14	0.22	0.18	0.125	0.05	0.04	0.025	0.025	0.015	0.015	0.09
0.045	0.115	0.17	0.235	0.135	0.06	0.06	0.02	0.03	0.025	0.01	0.095
0.11	0.12	0.195	0.14	0.12	0.06	0.09	0.055	0.02	0.02	0.01	0.06
0.11	0.225	0.19	0.06	0.11	0.095	0.09	0.03	0.01	0.025	0.005	0.05
0.135	0.185	0.205	0.155	0.065	0.06	0.045	0.05	0.04	0.005	0.015	0.04
0.115	0.225	0.155	0.135	0.13	0.055	0.045	0.045	0.035	0.015	0.025	0.02
0.11	0.175	0.255	0.145	0.075	0.055	0.07	0.04	0.025	0.01	0	0.04
0.145	0.27	0.165	0.165	0.1	0.055	0.02	0.025	0.015	0.015	0	0.025
0.115	0.17	0.24	0.145	0.16	0.05	0.035	0.03	0.01	0.025	0	0.02
0.1	0.155	0.25	0.205	0.12	0.065	0.05	0.02	0.02	0.005	0	0.01
0.14	0.13	0.215	0.17	0.095	0.08	0.08	0.035	0	0.02	0.01	0.025
0.19	0.215	0.135	0.18	0.13	0.045	0.035	0.045	0.005	0.005	0	0.015
0.185	0.245	0.19	0.1	0.105	0.06	0.065	0.005	0.02	0.005	0.01	0.01
0.115	0.245	0.28	0.115	0.065	0.065	0.035	0.045	0.015	0.01	0.005	0.005
0.155	0.14	0.245	0.18	0.115	0.045	0.045	0.025	0.025	0.01	0.005	0.01
0.13	0.25	0.185	0.18	0.115	0.045	0.015	0.03	0.015	0.02	0	0.015
#######PARAMETER SECTION#######
800	400	1200	-4	800	-0.25	1
0.18	0.01	1	-4	0.18	-0.25	1
-1.36	-5	-0.001	-4	-1.36	-0.25	1
0.1	0.05	0.3	-4	0.1	-0.25	1
0.2	0.01	0.5	-4	0.2	-0.25	1
0.75	0.20001	1	-3	0.75	-0.25	1
13.815511	-1	200	1	13.815511	-0.25	1
0	-1	1	-4	0	-0.25	1
0.2	1e-04	1.2	-3	0.2	-0.25	1
0	-10	10	-6	0	-1	1
0	-10	10	-6	0	-1	1
2	0	12	2	2	-0.5	1
1	0	12	2	1	-0.5	1
2	0	12	-2	2	-0.5	1
1	0	12	-2	1	-0.5	1
1.5	0	12	2	1.5	-0.5	1
2	0	12	2	2	-0.5	1
-14.891847795237	-30	5	1	-14.891847795237	-1	1
1	0.1	2	-1	1	-1	1
-1.54399197800355	-10	1.39	1	-1.54399197800355	-1	1
#######DEV CONSTRAINTS and DEVS#######
-15	15	2
-15	15	2
-15	15	2
0	0	0	0	0	0	0	0	0	0	0	0	0	0	0	0	0	0	0	0	0	0	0	0	0	0	0	0	0	0
0	0	0	0	0	0	0	0	0	0	0	0	0	0	0	0	0	0	0	0	0	0	0	0	0	0	0	0	0	0
0	0	0	0	0	0	0	0	0	0	0
#######LIKELIHOOD WEIGHTS#######
1
1
1
1
0
1
0
0
0
#######MISCELLANEOUS STUFF SECTION#######
2.5e-08
3
0.5	0.5	0.5	0.5	0.5	0.5	0.5	0.5	0.5	0.5	0.5	0.5
0.0229773699100256	0.320821300824607	0.904650535100891	0.994779874306442	0.999738809680904	0.999986992871533	0.999999352405202	0.999999967758134	0.999999998394772	0.99999999992008	0.999999999996021	0.999999999999802
0.2	0.2	0.2	0.2	0.2	0.2	0.2	0.2	0.2	0.2	0.2	0.2
0
1
10
0.2
1
1	0	0	0	0	0	0	0	0	0	0	0
0	1	0	0	0	0	0	0	0	0	0	0
0	0	1	0	0	0	0	0	0	0	0	0
0	0	0	1	0	0	0	0	0	0	0	0
0	0	0	0	1	0	0	0	0	0	0	0
0	0	0	0	0	1	0	0	0	0	0	0
0	0	0	0	0	0	1	0	0	0	0	0
0	0	0	0	0	0	0	1	0	0	0	0
0	0	0	0	0	0	0	0	1	0	0	0
0	0	0	0	0	0	0	0	0	1	0	0
0	0	0	0	0	0	0	0	0	0	1	0
0	0	0	0	0	0	0	0	0	0	0	1
40
31
2
1
#######END OF DATA FILE#######
999
