# Number of parameters = 77  Objective function value = 26210.7  Maximum gradient component = 0.000285124
# sel_params[1]:
2.02106857172
# sel_params[2]:
1.04637836561
# log_Fmult_year1:
 -4.63977359027
# log_Fmult_devs:
 1.05989752916 0.505096560218 0.299507603813 -0.227581849314 0.582904412144 0.00693869051883 0.741176520655 -0.547806718787 0.194369771045 0.127896719447 0.0705291469434 -0.323096497319 0.360805308846 0.0600159450733 -0.118629918214 0.678428981050 -0.192620058968 0.000133129408042 0.000939997450727 0.332896650719 -0.306331381891 0.498888166323 -0.192346126928 -0.0173625503396 -0.104731031746 -0.0255424769562 0.335715967757 -0.289242849058 0.386293285340
# log_recruit_devs:
 0.0292406175444 0.0994036381043 -0.0175233279382 0.0516464998081 0.360740746461 -0.288412665924 -0.0288265991047 0.0836044050927 -0.254070837515 0.259698415768 -0.0699445092568 0.00866856435647 0.151027780248 0.103760240953 -0.219918132006 -0.640834417049 0.229840408672 0.186746603429 -0.111630976224 0.0996473578829 -0.159184842514 0.141164521483 -0.192502481297 0.104438680250 0.241906175663 0.0528094048986 0.122673871291 -0.465713196835 0.236036468963 -0.114492415206
# log_N_year1_devs:
 0.00535609334542 0.0454872028235 -0.0417869628243 -0.0338873322071 -0.147449154194 -0.360066686328 -0.0444188481622 -0.252755403080 0.0187471067643 0.134789372180 -0.129736891468
# log_q_year1:
 -7.97782040222
# log_q_devs:
 0.00000000000 0.00000000000 0.00000000000 0.00000000000 0.00000000000 0.00000000000 0.00000000000 0.00000000000 0.00000000000 0.00000000000 0.00000000000 0.00000000000 0.00000000000 0.00000000000 0.00000000000 0.00000000000 0.00000000000 0.00000000000 0.00000000000 0.00000000000 0.00000000000 0.00000000000 0.00000000000 0.00000000000 0.00000000000 0.00000000000 0.00000000000 0.00000000000 0.00000000000
# index_sel_params[1]:
1.53452582390
# index_sel_params[2]:
0.481053020287
# log_SR_scaler:
6.90966914683
# SR_steepness:
0.750000000000
