# Number of parameters = 77  Objective function value = 26383.3  Maximum gradient component = 0.00223555
# sel_params[1]:
2.09389937205
# sel_params[2]:
1.10590618732
# log_Fmult_year1:
 -4.63259776480
# log_Fmult_devs:
 1.06705572115 0.501631897814 0.290635507171 -0.224585505815 0.594672805586 0.0206440796199 0.757599949458 -0.537032260348 0.197076746357 0.119576173199 0.0798063261583 -0.339044622649 0.367746797015 0.0488180341237 -0.104601579747 0.672347132715 -0.202178721474 -0.0220665930186 -0.0255115835936 0.321981855680 -0.326021939065 0.502877747370 -0.200185543228 0.000393160300407 -0.0950054129000 -0.00440033859394 0.330268491148 -0.254038983792 0.425374142614
# log_recruit_devs:
 0.0382832493229 0.0120682584469 -0.122954353114 0.0458864438378 0.0582032075090 -0.252206944808 -0.251913088787 0.0699742106867 -0.0216045021420 0.144716982773 -0.0263231278406 0.0337947726148 0.0450704551264 -0.0456730711324 0.227776200760 0.156956184200 -0.0812393808805 0.0884508824475 -0.117766097757 0.0193757475744 -0.301069599957 0.0149586842513 0.305484725686 -0.0464474658596 0.0785224787847 -0.355796072672 0.176862020492 0.130133855836 -0.0307229257898 0.00719827038983
# log_N_year1_devs:
 0.0213724985141 0.00460447746281 -0.0416526211235 -0.128680422174 -0.143182397042 -0.118904733158 -0.0317384712984 -0.0867637222252 -0.132979303644 0.0995676714740 -0.165084552186
# log_q_year1:
 -7.92396433581
# log_q_devs:
 0.00000000000 0.00000000000 0.00000000000 0.00000000000 0.00000000000 0.00000000000 0.00000000000 0.00000000000 0.00000000000 0.00000000000 0.00000000000 0.00000000000 0.00000000000 0.00000000000 0.00000000000 0.00000000000 0.00000000000 0.00000000000 0.00000000000 0.00000000000 0.00000000000 0.00000000000 0.00000000000 0.00000000000 0.00000000000 0.00000000000 0.00000000000 0.00000000000 0.00000000000
# index_sel_params[1]:
1.56016593303
# index_sel_params[2]:
0.504869298588
# log_SR_scaler:
6.88471649848
# SR_steepness:
0.750000000000
