#######GENERAL HEADER INPUT#######
1
30
1
30
1
30
30
12
1	2	3	4	5	6	7	8	9	10	11	12
12
1	2	3	4	5	6	7	8	9	10	11	12
1
1001
1
1
#######SURVEY DATA#######
30
1	2	3	4	5	6	7	8	9	10	11	12	13	14	15	16	17	18	19	20	21	22	23	24	25	26	27	28	29	30
1.49286801269954	1.36493840589163	1.33957523951424	1.50334433453487	1.21895875175857	1.31481950745188	1.45024366304759	1.41364102901016	1.15185716121445	1.39227838804661	1.25973233590893	1.07766278393182	1.19749476956535	0.955939720503948	1.14941275447632	1.08829539687954	1.00228730031403	1.0343019527598	0.956836907716364	0.662920305347585	0.739741952553933	0.651490376343219	0.651879729002304	0.519124095726321	0.568599076819895	0.704238555139425	0.572880361197402	0.498245160999575	0.427301692721153	0.5078357034328
0.2	0.2	0.2	0.2	0.2	0.2	0.2	0.2	0.2	0.2	0.2	0.2	0.2	0.2	0.2	0.2	0.2	0.2	0.2	0.2	0.2	0.2	0.2	0.2	0.2	0.2	0.2	0.2	0.2	0.2
30
1	2	3	4	5	6	7	8	9	10	11	12	13	14	15	16	17	18	19	20	21	22	23	24	25	26	27	28	29	30
200	200	200	200	200	200	200	200	200	200	200	200	200	200	200	200	200	200	200	200	200	200	200	200	200	200	200	200	200	200
200	200	200	200	200	200	200	200	200	200	200	200	200	200	200	200	200	200	200	200	200	200	200	200	200	200	200	200	200	200
0.055	0.15	0.155	0.13	0.1	0.085	0.075	0.055	0.035	0.03	0.04	0.09
0.045	0.155	0.14	0.13	0.07	0.05	0.07	0.1	0.05	0.02	0.04	0.13
0.07	0.155	0.16	0.105	0.075	0.11	0.085	0.065	0.03	0.025	0.015	0.105
0.08	0.11	0.15	0.1	0.12	0.085	0.07	0.055	0.055	0.04	0.025	0.11
0.06	0.18	0.11	0.155	0.07	0.115	0.055	0.055	0.025	0.02	0.03	0.125
0.11	0.135	0.185	0.14	0.09	0.07	0.05	0.04	0.035	0.04	0.015	0.09
0.055	0.215	0.185	0.105	0.065	0.07	0.055	0.05	0.045	0.015	0.04	0.1
0.065	0.175	0.205	0.1	0.08	0.095	0.04	0.035	0.045	0.01	0.035	0.115
0.065	0.125	0.2	0.165	0.12	0.065	0.04	0.04	0.015	0.03	0.045	0.09
0.055	0.12	0.175	0.135	0.14	0.095	0.025	0.04	0.065	0.05	0.02	0.08
0.12	0.165	0.13	0.12	0.085	0.125	0.06	0.045	0.04	0.02	0.02	0.07
0.11	0.205	0.19	0.12	0.06	0.09	0.065	0.035	0.02	0.02	0.02	0.065
0.05	0.185	0.17	0.095	0.155	0.065	0.055	0.105	0.04	0.025	0.01	0.045
0.095	0.155	0.215	0.15	0.11	0.085	0.03	0.035	0.05	0.02	0.005	0.05
0.085	0.21	0.17	0.14	0.115	0.055	0.015	0.025	0.05	0.045	0.02	0.07
0.075	0.12	0.285	0.155	0.07	0.085	0.035	0.05	0.03	0.025	0.035	0.035
0.135	0.185	0.165	0.145	0.11	0.115	0.045	0.02	0.025	0.005	0.02	0.03
0.085	0.215	0.22	0.07	0.13	0.085	0.045	0.04	0.035	0.02	0	0.055
0.075	0.255	0.185	0.17	0.06	0.095	0.06	0.04	0.025	0	0.01	0.025
0.07	0.185	0.225	0.21	0.09	0.055	0.06	0.025	0.035	0	0.015	0.03
0.075	0.195	0.235	0.125	0.16	0.075	0.035	0.045	0.005	0.01	0.02	0.02
0.14	0.21	0.25	0.15	0.09	0.04	0.02	0.025	0.03	0.02	0.02	0.005
0.125	0.245	0.2	0.135	0.095	0.08	0.045	0.045	0	0.01	0	0.02
0.06	0.265	0.26	0.095	0.145	0.055	0.03	0.02	0.015	0.015	0.005	0.035
0.14	0.185	0.235	0.15	0.09	0.09	0.05	0.02	0.02	0.015	0	0.005
0.08	0.2	0.24	0.24	0.085	0.065	0.04	0.02	0.015	0.005	0	0.01
0.105	0.255	0.205	0.14	0.1	0.09	0.05	0.02	0.015	0.005	0.005	0.01
0.06	0.245	0.305	0.115	0.12	0.08	0.03	0.01	0.01	0.01	0.005	0.01
0.18	0.14	0.23	0.21	0.09	0.055	0.035	0.01	0.01	0.015	0.005	0.02
0.175	0.25	0.24	0.125	0.08	0.05	0.025	0.035	0.01	0.005	0	0.005
#######LANDINGS DATA#######
1
30
160.294448829049	463.12038527429	738.286758220345	958.996324720108	741.389203997236	1296.10040484751	1249.41119608853	2482.36748527273	1327.03799809792	1510.05327979887	1587.40171601411	1561.83767747567	1076.01182434747	1469.19389380572	1477.15614814621	1247.62187741468	2212.7416047649	1582.11205833427	1445.98044487229	1334.93786258848	1684.82701634708	1109.41867195008	1680.86963534987	1248.84338843035	1171.86475440422	1026.9219372524	993.093902736124	1300.06273794523	918.653829583484	1315.31500466486
0.01	0.01	0.01	0.01	0.01	0.01	0.01	0.01	0.01	0.01	0.01	0.01	0.01	0.01	0.01	0.01	0.01	0.01	0.01	0.01	0.01	0.01	0.01	0.01	0.01	0.01	0.01	0.01	0.01	0.01
30
1	2	3	4	5	6	7	8	9	10	11	12	13	14	15	16	17	18	19	20	21	22	23	24	25	26	27	28	29	30
200	200	200	200	200	200	200	200	200	200	200	200	200	200	200	200	200	200	200	200	200	200	200	200	200	200	200	200	200	200
200	200	200	200	200	200	200	200	200	200	200	200	200	200	200	200	200	200	200	200	200	200	200	200	200	200	200	200	200	200
0.045	0.075	0.16	0.15	0.105	0.105	0.045	0.065	0.035	0.045	0.04	0.13
0.045	0.125	0.14	0.115	0.085	0.14	0.025	0.065	0.05	0.065	0.02	0.125
0.045	0.09	0.115	0.16	0.11	0.075	0.09	0.07	0.015	0.03	0.025	0.175
0.105	0.135	0.105	0.11	0.105	0.085	0.05	0.07	0.025	0.04	0.045	0.125
0.085	0.11	0.105	0.115	0.1	0.08	0.05	0.065	0.035	0.08	0.045	0.13
0.1	0.06	0.14	0.15	0.125	0.1	0.085	0.05	0.03	0.03	0.03	0.1
0.085	0.16	0.16	0.095	0.065	0.085	0.035	0.08	0.05	0.035	0.05	0.1
0.04	0.115	0.225	0.11	0.095	0.1	0.045	0.065	0.07	0.04	0.03	0.065
0.11	0.095	0.11	0.22	0.12	0.07	0.065	0.02	0.03	0.035	0.04	0.085
0.08	0.145	0.1	0.13	0.14	0.095	0.07	0.04	0.05	0.025	0.02	0.105
0.13	0.115	0.115	0.105	0.135	0.12	0.06	0.045	0.025	0.03	0.03	0.09
0.1	0.205	0.13	0.08	0.08	0.07	0.085	0.08	0.025	0.02	0.03	0.095
0.095	0.155	0.16	0.13	0.03	0.11	0.04	0.08	0.065	0.035	0.02	0.08
0.08	0.135	0.135	0.2	0.09	0.09	0.055	0.025	0.04	0.04	0.02	0.09
0.075	0.155	0.15	0.145	0.11	0.065	0.06	0.035	0.045	0.055	0.03	0.075
0.065	0.13	0.175	0.135	0.15	0.095	0.055	0.05	0.035	0.05	0.035	0.025
0.13	0.125	0.095	0.2	0.11	0.1	0.04	0.04	0.015	0.04	0.02	0.085
0.13	0.225	0.135	0.115	0.105	0.055	0.045	0.065	0.04	0.015	0.015	0.055
0.08	0.175	0.2	0.155	0.065	0.105	0.055	0.025	0.03	0.03	0.01	0.07
0.105	0.165	0.255	0.19	0.1	0.04	0.045	0.035	0.015	0.02	0.005	0.025
0.115	0.18	0.175	0.155	0.115	0.1	0.055	0.05	0.01	0.005	0.015	0.025
0.14	0.145	0.19	0.195	0.125	0.055	0.03	0.02	0.01	0.01	0.025	0.055
0.145	0.255	0.18	0.145	0.105	0.035	0.08	0.01	0.005	0.02	0.01	0.01
0.165	0.2	0.21	0.13	0.105	0.06	0.04	0.04	0.015	0.005	0.02	0.01
0.15	0.225	0.175	0.175	0.09	0.045	0.025	0.05	0.01	0.02	0.01	0.025
0.15	0.205	0.18	0.195	0.09	0.07	0.04	0.03	0.005	0.015	0.005	0.015
0.15	0.24	0.175	0.14	0.13	0.05	0.04	0.015	0.035	0.01	0.01	0.005
0.09	0.205	0.24	0.165	0.08	0.11	0.06	0.025	0.01	0.01	0.005	0
0.215	0.22	0.205	0.165	0.07	0.03	0.035	0.02	0.015	0.005	0.015	0.005
0.175	0.32	0.145	0.155	0.09	0.03	0.03	0.025	0.02	0	0.005	0.005
#######PARAMETER SECTION#######
800	400	1200	-4	800	-0.25	1
0.18	0.01	1	-4	0.18	-0.25	1
-1.36	-5	-0.001	-4	-1.36	-0.25	1
0.1	0.05	0.3	-4	0.1	-0.25	1
0.2	0.01	0.5	-4	0.2	-0.25	1
0.75	0.20001	1	-3	0.75	-0.25	1
13.815511	-1	200	1	13.815511	-0.25	1
0	-1	1	-4	0	-0.25	1
0.2	1e-04	1.2	-3	0.2	-0.25	1
0	-10	10	-6	0	-1	1
0	-10	10	-6	0	-1	1
2	0	12	2	2	-0.5	1
1	0	12	2	1	-0.5	1
2	0	12	-2	2	-0.5	1
1	0	12	-2	1	-0.5	1
1.5	0	12	2	1.5	-0.5	1
2	0	12	2	2	-0.5	1
-14.8788493167706	-30	5	1	-14.8788493167706	-1	1
1	0.1	2	-1	1	-1	1
-1.54399197800355	-10	1.39	1	-1.54399197800355	-1	1
#######DEV CONSTRAINTS and DEVS#######
-15	15	2
-15	15	2
-15	15	2
0	0	0	0	0	0	0	0	0	0	0	0	0	0	0	0	0	0	0	0	0	0	0	0	0	0	0	0	0	0
0	0	0	0	0	0	0	0	0	0	0	0	0	0	0	0	0	0	0	0	0	0	0	0	0	0	0	0	0	0
0	0	0	0	0	0	0	0	0	0	0
#######LIKELIHOOD WEIGHTS#######
1
1
1
1
0
1
0
0
0
#######MISCELLANEOUS STUFF SECTION#######
2.5e-08
3
0.5	0.5	0.5	0.5	0.5	0.5	0.5	0.5	0.5	0.5	0.5	0.5
0.0229773699100256	0.320821300824607	0.904650535100891	0.994779874306442	0.999738809680904	0.999986992871533	0.999999352405202	0.999999967758134	0.999999998394772	0.99999999992008	0.999999999996021	0.999999999999802
0.2	0.2	0.2	0.2	0.2	0.2	0.2	0.2	0.2	0.2	0.2	0.2
0
1
10
0.2
1
1	0	0	0	0	0	0	0	0	0	0	0
0	1	0	0	0	0	0	0	0	0	0	0
0	0	1	0	0	0	0	0	0	0	0	0
0	0	0	1	0	0	0	0	0	0	0	0
0	0	0	0	1	0	0	0	0	0	0	0
0	0	0	0	0	1	0	0	0	0	0	0
0	0	0	0	0	0	1	0	0	0	0	0
0	0	0	0	0	0	0	1	0	0	0	0
0	0	0	0	0	0	0	0	1	0	0	0
0	0	0	0	0	0	0	0	0	1	0	0
0	0	0	0	0	0	0	0	0	0	1	0
0	0	0	0	0	0	0	0	0	0	0	1
40
31
2
1
#######END OF DATA FILE#######
999
