# Number of parameters = 77  Objective function value = 26407.2  Maximum gradient component = 0.000496275
# sel_params[1]:
2.09650440044
# sel_params[2]:
1.15318924408
# log_Fmult_year1:
 -4.69675486491
# log_Fmult_devs:
 1.06821270310 0.505177873585 0.305417125191 -0.228002956295 0.590629675721 0.0115114070448 0.743486850901 -0.539382351417 0.195308840112 0.129842682597 0.0694329268969 -0.327674359704 0.379373278317 0.0649040723253 -0.119601971683 0.690404590704 -0.186840724889 0.00990488024042 -0.00803438102435 0.319802647422 -0.320321520902 0.488576740601 -0.204694589667 -0.00575237270060 -0.0980962031484 -0.0115907390824 0.323135926810 -0.280420360723 0.409659204509
# log_recruit_devs:
 0.0199131117829 0.226741630919 0.104832955275 0.252306415914 -0.258996848058 -0.156684873398 -0.202765603301 0.166355192446 0.299345006665 -0.0995048693295 -0.171952024812 0.265111352259 -0.0291284985901 -0.0544451072049 0.265426192232 0.232116823984 0.0498057312023 -0.176429315781 -0.162481078679 0.122028618761 -0.0628647524928 -0.109460782499 -0.196991767692 -0.0758347842395 0.259137880793 -0.416143542863 -0.0673195444891 0.0761805487129 -0.107288557225 0.00899048970937
# log_N_year1_devs:
 0.0530457783853 -0.0774095417331 -0.159376016814 0.168759338998 -0.156244589778 0.0625427159425 0.0137683349775 -0.0204487537007 0.146755788798 -0.148674749668 -0.0840151284442
# log_q_year1:
 -8.03696192895
# log_q_devs:
 0.00000000000 0.00000000000 0.00000000000 0.00000000000 0.00000000000 0.00000000000 0.00000000000 0.00000000000 0.00000000000 0.00000000000 0.00000000000 0.00000000000 0.00000000000 0.00000000000 0.00000000000 0.00000000000 0.00000000000 0.00000000000 0.00000000000 0.00000000000 0.00000000000 0.00000000000 0.00000000000 0.00000000000 0.00000000000 0.00000000000 0.00000000000 0.00000000000 0.00000000000
# index_sel_params[1]:
1.45929067572
# index_sel_params[2]:
0.455490857340
# log_SR_scaler:
6.98518554084
# SR_steepness:
0.750000000000
