#######GENERAL HEADER INPUT#######
1
30
1
30
1
30
30
12
1	2	3	4	5	6	7	8	9	10	11	12
12
1	2	3	4	5	6	7	8	9	10	11	12
1
1001
1
1
#######SURVEY DATA#######
30
1	2	3	4	5	6	7	8	9	10	11	12	13	14	15	16	17	18	19	20	21	22	23	24	25	26	27	28	29	30
1.42555237061771	1.27559965049797	1.29695353595703	1.18360626813512	1.06009074616567	1.03080101322839	1.23070886579091	1.3141892470631	1.12339844262502	1.2439623735054	1.44119588053409	1.39736731013043	1.28567241162881	1.26669985328514	1.13855832381218	1.08134971776329	0.931833505699628	0.68452399219641	0.738416675455194	0.657655530661359	0.715189564646128	0.794822215458493	0.475295065416687	0.64544000788418	0.903360751068212	0.918446493177821	0.910654860343804	0.792146766878029	0.694427340560629	0.718816026405851
0.2	0.2	0.2	0.2	0.2	0.2	0.2	0.2	0.2	0.2	0.2	0.2	0.2	0.2	0.2	0.2	0.2	0.2	0.2	0.2	0.2	0.2	0.2	0.2	0.2	0.2	0.2	0.2	0.2	0.2
30
1	2	3	4	5	6	7	8	9	10	11	12	13	14	15	16	17	18	19	20	21	22	23	24	25	26	27	28	29	30
200	200	200	200	200	200	200	200	200	200	200	200	200	200	200	200	200	200	200	200	200	200	200	200	200	200	200	200	200	200
200	200	200	200	200	200	200	200	200	200	200	200	200	200	200	200	200	200	200	200	200	200	200	200	200	200	200	200	200	200
0.06	0.105	0.155	0.16	0.115	0.065	0.07	0.05	0.055	0.045	0.015	0.105
0.065	0.115	0.18	0.145	0.065	0.12	0.05	0.03	0.04	0.045	0.03	0.115
0.05	0.215	0.14	0.08	0.11	0.085	0.075	0.015	0.075	0.02	0.01	0.125
0.075	0.1	0.14	0.135	0.105	0.08	0.055	0.075	0.055	0.03	0.04	0.11
0.03	0.085	0.125	0.2	0.09	0.095	0.07	0.05	0.04	0.045	0.025	0.145
0.09	0.09	0.155	0.075	0.195	0.09	0.03	0.04	0.05	0.02	0.02	0.145
0.155	0.205	0.11	0.115	0.035	0.095	0.075	0.05	0.015	0.02	0.02	0.105
0.035	0.255	0.22	0.075	0.075	0.04	0.055	0.05	0.005	0.055	0.015	0.12
0.135	0.09	0.265	0.13	0.02	0.08	0.03	0.05	0.025	0.035	0.005	0.135
0.11	0.275	0.155	0.165	0.08	0.04	0.02	0.025	0.06	0.01	0.01	0.05
0.05	0.21	0.315	0.08	0.125	0.04	0.03	0.045	0.025	0.015	0.01	0.055
0.155	0.14	0.185	0.215	0.08	0.095	0.045	0.005	0.03	0.01	0.01	0.03
0.03	0.35	0.12	0.125	0.15	0.04	0.07	0.04	0.015	0.01	0	0.05
0.05	0.075	0.33	0.095	0.095	0.125	0.055	0.09	0.04	0.01	0.005	0.03
0.13	0.08	0.145	0.255	0.035	0.135	0.085	0.03	0.02	0.02	0.01	0.055
0.02	0.34	0.095	0.07	0.175	0.05	0.06	0.06	0.03	0.05	0.01	0.04
0.025	0.075	0.37	0.095	0.075	0.115	0.05	0.07	0.08	0.005	0.005	0.035
0.055	0.095	0.11	0.29	0.075	0.045	0.13	0.055	0.065	0.025	0.015	0.04
0.17	0.16	0.13	0.02	0.22	0.055	0.015	0.085	0.03	0.01	0.055	0.05
0.065	0.405	0.21	0.05	0.04	0.085	0.03	0.02	0.045	0.005	0.025	0.02
0.12	0.12	0.37	0.15	0.035	0.015	0.075	0.02	0.005	0.02	0.01	0.06
0.025	0.32	0.15	0.27	0.08	0.04	0.025	0.05	0	0.005	0.015	0.02
0.115	0.075	0.23	0.11	0.29	0.05	0.025	0	0.06	0.005	0	0.04
0.21	0.25	0.055	0.195	0.085	0.11	0.03	0.02	0	0.015	0.01	0.02
0.245	0.365	0.17	0.02	0.08	0.04	0.05	0.01	0.005	0	0.005	0.01
0.095	0.4	0.3	0.055	0.035	0.045	0.025	0.025	0	0	0	0.02
0.08	0.185	0.37	0.21	0.055	0.01	0.02	0.015	0.04	0	0.005	0.01
0.04	0.175	0.25	0.335	0.1	0.06	0	0.01	0.02	0.01	0	0
0.185	0.07	0.205	0.145	0.185	0.115	0.06	0.005	0.005	0.005	0.01	0.01
0.15	0.38	0.09	0.115	0.12	0.08	0.04	0.015	0	0.005	0	0.005
#######LANDINGS DATA#######
1
30
161.895681392069	466.467322230326	746.883995798835	974.571865497648	743.975564980209	1260.20110859237	1184.4185085262	2312.44939798326	1288.80667448543	1575.16223970499	1803.85555307618	1929.04934136548	1421.67803417071	2060.67213267911	2088.25720277771	1773.17670266266	3092.59173212859	2070.31788183801	1765.25487172838	1572.05675475135	1982.9745064166	1298.57499528266	1842.85819475301	1320.71992539385	1358.42049948503	1414.06794762654	1586.33510644713	2187.69445759679	1486.3104221763	2035.66983646741
0.01	0.01	0.01	0.01	0.01	0.01	0.01	0.01	0.01	0.01	0.01	0.01	0.01	0.01	0.01	0.01	0.01	0.01	0.01	0.01	0.01	0.01	0.01	0.01	0.01	0.01	0.01	0.01	0.01	0.01
30
1	2	3	4	5	6	7	8	9	10	11	12	13	14	15	16	17	18	19	20	21	22	23	24	25	26	27	28	29	30
200	200	200	200	200	200	200	200	200	200	200	200	200	200	200	200	200	200	200	200	200	200	200	200	200	200	200	200	200	200
200	200	200	200	200	200	200	200	200	200	200	200	200	200	200	200	200	200	200	200	200	200	200	200	200	200	200	200	200	200
0.095	0.105	0.145	0.16	0.115	0.06	0.03	0.07	0.045	0.04	0.04	0.095
0.055	0.115	0.11	0.12	0.1	0.115	0.04	0.075	0.04	0.05	0.04	0.14
0.02	0.135	0.135	0.15	0.095	0.085	0.08	0.055	0.045	0.055	0.035	0.11
0.04	0.065	0.165	0.14	0.155	0.045	0.105	0.035	0.035	0.035	0.035	0.145
0.02	0.095	0.095	0.215	0.145	0.06	0.055	0.08	0.06	0.015	0.025	0.135
0.12	0.07	0.105	0.065	0.14	0.14	0.05	0.075	0.045	0.04	0.02	0.13
0.155	0.165	0.045	0.115	0.065	0.11	0.075	0.045	0.055	0.025	0.025	0.12
0.04	0.205	0.18	0.075	0.085	0.04	0.1	0.065	0.03	0.04	0.03	0.11
0.17	0.125	0.2	0.155	0.03	0.085	0.02	0.045	0.03	0.01	0.025	0.105
0.16	0.235	0.12	0.13	0.11	0.025	0.045	0.025	0.04	0.025	0.01	0.075
0.05	0.19	0.23	0.04	0.155	0.105	0.035	0.015	0.005	0.025	0.03	0.12
0.205	0.07	0.205	0.28	0.03	0.09	0.04	0.005	0.03	0.005	0	0.04
0.05	0.235	0.09	0.175	0.2	0.055	0.075	0.04	0.01	0.01	0.005	0.055
0.055	0.095	0.31	0.085	0.1	0.14	0.05	0.06	0.03	0.015	0.005	0.055
0.165	0.07	0.125	0.275	0.075	0.095	0.09	0.025	0.045	0.01	0.01	0.015
0.05	0.245	0.12	0.065	0.205	0.085	0.07	0.06	0.025	0.035	0.01	0.03
0.045	0.05	0.37	0.08	0.06	0.18	0.025	0.05	0.04	0.025	0.035	0.04
0.135	0.1	0.04	0.3	0.07	0.05	0.105	0.035	0.055	0.07	0.015	0.025
0.175	0.145	0.065	0.035	0.26	0.025	0.035	0.125	0.04	0.03	0.025	0.04
0.075	0.34	0.15	0.02	0.065	0.18	0.015	0.02	0.065	0.01	0.015	0.045
0.155	0.115	0.35	0.11	0.04	0.025	0.085	0.025	0.025	0.03	0	0.04
0.035	0.23	0.11	0.345	0.085	0.035	0.025	0.08	0.015	0.005	0.025	0.01
0.135	0.045	0.29	0.13	0.2	0.095	0.03	0.01	0.025	0.015	0	0.025
0.33	0.185	0.015	0.185	0.065	0.12	0.04	0.015	0	0.01	0	0.035
0.34	0.29	0.12	0.02	0.075	0.03	0.045	0.025	0.005	0.005	0.015	0.03
0.12	0.335	0.32	0.105	0.015	0.055	0.005	0.02	0	0	0.005	0.02
0.085	0.23	0.35	0.22	0.06	0	0.01	0.02	0.015	0	0.005	0.005
0.045	0.175	0.16	0.305	0.185	0.07	0.015	0.02	0.005	0.01	0.01	0
0.2	0.095	0.1	0.15	0.25	0.105	0.06	0.005	0.015	0	0.015	0.005
0.27	0.235	0.06	0.16	0.11	0.09	0.05	0.005	0.005	0.005	0	0.01
#######PARAMETER SECTION#######
800	400	1200	-4	800	-0.25	1
0.18	0.01	1	-4	0.18	-0.25	1
-1.36	-5	-0.001	-4	-1.36	-0.25	1
0.1	0.05	0.3	-4	0.1	-0.25	1
0.2	0.01	0.5	-4	0.2	-0.25	1
0.75	0.20001	1	-3	0.75	-0.25	1
13.815511	-1	200	1	13.815511	-0.25	1
0	-1	1	-4	0	-0.25	1
0.6	1e-04	1.2	-3	0.6	-0.25	1
0	-10	10	-6	0	-1	1
0	-10	10	-6	0	-1	1
2	0	12	2	2	-0.5	1
1	0	12	2	1	-0.5	1
2	0	12	-2	2	-0.5	1
1	0	12	-2	1	-0.5	1
1.5	0	12	2	1.5	-0.5	1
2	0	12	2	2	-0.5	1
-15.0555771641317	-30	5	1	-15.0555771641317	-1	1
1	0.1	2	-1	1	-1	1
-1.54399197800355	-10	1.39	1	-1.54399197800355	-1	1
#######DEV CONSTRAINTS and DEVS#######
-15	15	2
-15	15	2
-15	15	2
0	0	0	0	0	0	0	0	0	0	0	0	0	0	0	0	0	0	0	0	0	0	0	0	0	0	0	0	0	0
0	0	0	0	0	0	0	0	0	0	0	0	0	0	0	0	0	0	0	0	0	0	0	0	0	0	0	0	0	0
0	0	0	0	0	0	0	0	0	0	0
#######LIKELIHOOD WEIGHTS#######
1
1
1
1
0
1
0
0
0
#######MISCELLANEOUS STUFF SECTION#######
2.5e-08
3
0.5	0.5	0.5	0.5	0.5	0.5	0.5	0.5	0.5	0.5	0.5	0.5
0.0229773699100256	0.320821300824607	0.904650535100891	0.994779874306442	0.999738809680904	0.999986992871533	0.999999352405202	0.999999967758134	0.999999998394772	0.99999999992008	0.999999999996021	0.999999999999802
0.2	0.2	0.2	0.2	0.2	0.2	0.2	0.2	0.2	0.2	0.2	0.2
0
1
10
0.2
1
1	0	0	0	0	0	0	0	0	0	0	0
0	1	0	0	0	0	0	0	0	0	0	0
0	0	1	0	0	0	0	0	0	0	0	0
0	0	0	1	0	0	0	0	0	0	0	0
0	0	0	0	1	0	0	0	0	0	0	0
0	0	0	0	0	1	0	0	0	0	0	0
0	0	0	0	0	0	1	0	0	0	0	0
0	0	0	0	0	0	0	1	0	0	0	0
0	0	0	0	0	0	0	0	1	0	0	0
0	0	0	0	0	0	0	0	0	1	0	0
0	0	0	0	0	0	0	0	0	0	1	0
0	0	0	0	0	0	0	0	0	0	0	1
40
31
2
1
#######END OF DATA FILE#######
999
