#styr												
1
#endyr												
30
#rec_age										
1															
#n_ages										
12
# numbers of length intervals
81
#Length	bin
10	11	12	13	14	15	16	17	18	19	20	21	22	23	24	25	26	27	28	29	30	31	32	33	34	35	36	37	38	39	40	41	42	43	44	45	46	47	48	49	50	51	52	53	54	55	56	57	58	59	60	61	62	63	64	65	66	67	68	69	70	71	72	73	74	75	76	77	78	79	80	81	82	83	84	85	86	87	88	89	90
#nfsh
1
#names_fsh
FLEET1												
#catch												
160.813935989919	456.578770833211	732.169712690207	958.786213070365	728.926825755131	1232.56307113998	1164.25552357071	2246.28430726621	1209.66806426081	1387.77706294972	1515.60336982687	1551.50717795935	1102.24153773373	1560.26193937167	1572.20128	1342.29902911348	2374.58782644981	1681.14992475605	1513.55249959245	1409.30456869418	1775.70776815609	1177.58882778688	1791.9129574298	1370.81709508259	1311.96917778342	1184.45468213946	1144.73708203816	1537.85459624742	1122.11558302571	1608.32826785923
#catch_cv											
0.01	0.01	0.01	0.01	0.01	0.01	0.01	0.01	0.01	0.01	0.01	0.01	0.01	0.01	0.01	0.01	0.01	0.01	0.01	0.01	0.01	0.01	0.01	0.01	0.01	0.01	0.01	0.01	0.01	0.01
#n_ages_fsh								
30		
#n_lengths_fsh								
0															
#yrs_ages_fsh								
1	2	3	4	5	6	7	8	9	10	11	12	13	14	15	16	17	18	19	20	21	22	23	24	25	26	27	28	29	30	
#sample_ages_fsh							
200	200	200	200	200	200	200	200	200	200	200	200	200	200	200	200	200	200	200	200	200	200	200	200	200	200	200	200	200	200
#page_fsh	2	3	4	5	6	7	8	9	10	11						
0.08	0.085	0.125	0.105	0.12	0.085	0.08	0.055	0.05	0.04	0.035	0.14
0.07	0.125	0.085	0.14	0.11	0.11	0.05	0.045	0.04	0.05	0.04	0.135
0.035	0.085	0.165	0.125	0.15	0.095	0.055	0.1	0.025	0.03	0.035	0.1
0.085	0.08	0.135	0.12	0.135	0.09	0.06	0.045	0.04	0.035	0.04	0.135
0.065	0.14	0.115	0.085	0.07	0.095	0.09	0.07	0.055	0.025	0.055	0.135
0.07	0.125	0.14	0.095	0.105	0.065	0.085	0.06	0.04	0.035	0.03	0.15
0.06	0.115	0.125	0.115	0.095	0.1	0.07	0.085	0.045	0.01	0.01	0.17
0.105	0.16	0.145	0.145	0.11	0.04	0.03	0.035	0.045	0.05	0.03	0.105
0.14	0.145	0.175	0.045	0.09	0.045	0.04	0.055	0.095	0.01	0.045	0.115
0.09	0.14	0.17	0.16	0.105	0.08	0.07	0.025	0.025	0.035	0.03	0.07
0.125	0.115	0.18	0.145	0.135	0.035	0.045	0.06	0.035	0.005	0.035	0.085
0.085	0.22	0.125	0.165	0.1	0.09	0.035	0.045	0.015	0.015	0.015	0.09
0.1	0.145	0.17	0.115	0.145	0.12	0.07	0.02	0.035	0.015	0.01	0.055
0.115	0.15	0.16	0.165	0.09	0.09	0.055	0.055	0.03	0.025	0.01	0.055
0.1	0.18	0.175	0.105	0.135	0.085	0.04	0.04	0.055	0.02	0.02	0.045
0.085	0.155	0.175	0.165	0.115	0.105	0.04	0.06	0.03	0.02	0.01	0.04
0.1	0.13	0.16	0.145	0.14	0.07	0.075	0.05	0.04	0.025	0.015	0.05
0.175	0.18	0.17	0.11	0.12	0.075	0.045	0.02	0.015	0.02	0.005	0.065
0.095	0.18	0.105	0.12	0.095	0.14	0.075	0.035	0.075	0.025	0.025	0.03
0.105	0.22	0.2	0.14	0.05	0.075	0.06	0.04	0.02	0.04	0.005	0.045
0.11	0.19	0.145	0.16	0.095	0.075	0.07	0.05	0.06	0.01	0.01	0.025
0.19	0.13	0.2	0.115	0.1	0.08	0.04	0.035	0.045	0.01	0.015	0.04
0.215	0.245	0.15	0.09	0.1	0.085	0.05	0.015	0.02	0.015	0.005	0.01
0.12	0.275	0.255	0.105	0.095	0.06	0.035	0.02	0.005	0.015	0.01	0.005
0.21	0.15	0.235	0.19	0.06	0.06	0.04	0.035	0	0	0.005	0.015
0.17	0.245	0.16	0.125	0.135	0.08	0.03	0.015	0.015	0.01	0.01	0.005
0.175	0.255	0.15	0.13	0.11	0.06	0.02	0.015	0.03	0.025	0.015	0.015
0.14	0.195	0.27	0.16	0.08	0.065	0.05	0.015	0.005	0.005	0.005	0.01
0.14	0.26	0.185	0.155	0.1	0.075	0.045	0.01	0.01	0.01	0.005	0.005
0.105	0.26	0.21	0.15	0.1	0.08	0.035	0.04	0.01	0	0.005	0.005
#wt_age_fsh	1 2	3	4	5	6	7	8	9	10	11						
0.000530656	0.001196328	0.002058265	0.003034987	0.004055212	0.005064698	0.006026226	0.006916921	0.007724891	0.008446113	0.009081853	0.009636695
0.000530656	0.001196328	0.002058265	0.003034987	0.004055212	0.005064698	0.006026226	0.006916921	0.007724891	0.008446113	0.009081853	0.009636695
0.000530656	0.001196328	0.002058265	0.003034987	0.004055212	0.005064698	0.006026226	0.006916921	0.007724891	0.008446113	0.009081853	0.009636695
0.000530656	0.001196328	0.002058265	0.003034987	0.004055212	0.005064698	0.006026226	0.006916921	0.007724891	0.008446113	0.009081853	0.009636695
0.000530656	0.001196328	0.002058265	0.003034987	0.004055212	0.005064698	0.006026226	0.006916921	0.007724891	0.008446113	0.009081853	0.009636695
0.000530656	0.001196328	0.002058265	0.003034987	0.004055212	0.005064698	0.006026226	0.006916921	0.007724891	0.008446113	0.009081853	0.009636695
0.000530656	0.001196328	0.002058265	0.003034987	0.004055212	0.005064698	0.006026226	0.006916921	0.007724891	0.008446113	0.009081853	0.009636695
0.000530656	0.001196328	0.002058265	0.003034987	0.004055212	0.005064698	0.006026226	0.006916921	0.007724891	0.008446113	0.009081853	0.009636695
0.000530656	0.001196328	0.002058265	0.003034987	0.004055212	0.005064698	0.006026226	0.006916921	0.007724891	0.008446113	0.009081853	0.009636695
0.000530656	0.001196328	0.002058265	0.003034987	0.004055212	0.005064698	0.006026226	0.006916921	0.007724891	0.008446113	0.009081853	0.009636695
0.000530656	0.001196328	0.002058265	0.003034987	0.004055212	0.005064698	0.006026226	0.006916921	0.007724891	0.008446113	0.009081853	0.009636695
0.000530656	0.001196328	0.002058265	0.003034987	0.004055212	0.005064698	0.006026226	0.006916921	0.007724891	0.008446113	0.009081853	0.009636695
0.000530656	0.001196328	0.002058265	0.003034987	0.004055212	0.005064698	0.006026226	0.006916921	0.007724891	0.008446113	0.009081853	0.009636695
0.000530656	0.001196328	0.002058265	0.003034987	0.004055212	0.005064698	0.006026226	0.006916921	0.007724891	0.008446113	0.009081853	0.009636695
0.000530656	0.001196328	0.002058265	0.003034987	0.004055212	0.005064698	0.006026226	0.006916921	0.007724891	0.008446113	0.009081853	0.009636695
0.000530656	0.001196328	0.002058265	0.003034987	0.004055212	0.005064698	0.006026226	0.006916921	0.007724891	0.008446113	0.009081853	0.009636695
0.000530656	0.001196328	0.002058265	0.003034987	0.004055212	0.005064698	0.006026226	0.006916921	0.007724891	0.008446113	0.009081853	0.009636695
0.000530656	0.001196328	0.002058265	0.003034987	0.004055212	0.005064698	0.006026226	0.006916921	0.007724891	0.008446113	0.009081853	0.009636695
0.000530656	0.001196328	0.002058265	0.003034987	0.004055212	0.005064698	0.006026226	0.006916921	0.007724891	0.008446113	0.009081853	0.009636695
0.000530656	0.001196328	0.002058265	0.003034987	0.004055212	0.005064698	0.006026226	0.006916921	0.007724891	0.008446113	0.009081853	0.009636695
0.000530656	0.001196328	0.002058265	0.003034987	0.004055212	0.005064698	0.006026226	0.006916921	0.007724891	0.008446113	0.009081853	0.009636695
0.000530656	0.001196328	0.002058265	0.003034987	0.004055212	0.005064698	0.006026226	0.006916921	0.007724891	0.008446113	0.009081853	0.009636695
0.000530656	0.001196328	0.002058265	0.003034987	0.004055212	0.005064698	0.006026226	0.006916921	0.007724891	0.008446113	0.009081853	0.009636695
0.000530656	0.001196328	0.002058265	0.003034987	0.004055212	0.005064698	0.006026226	0.006916921	0.007724891	0.008446113	0.009081853	0.009636695
0.000530656	0.001196328	0.002058265	0.003034987	0.004055212	0.005064698	0.006026226	0.006916921	0.007724891	0.008446113	0.009081853	0.009636695
0.000530656	0.001196328	0.002058265	0.003034987	0.004055212	0.005064698	0.006026226	0.006916921	0.007724891	0.008446113	0.009081853	0.009636695
0.000530656	0.001196328	0.002058265	0.003034987	0.004055212	0.005064698	0.006026226	0.006916921	0.007724891	0.008446113	0.009081853	0.009636695
0.000530656	0.001196328	0.002058265	0.003034987	0.004055212	0.005064698	0.006026226	0.006916921	0.007724891	0.008446113	0.009081853	0.009636695
0.000530656	0.001196328	0.002058265	0.003034987	0.004055212	0.005064698	0.006026226	0.006916921	0.007724891	0.008446113	0.009081853	0.009636695
0.000530656	0.001196328	0.002058265	0.003034987	0.004055212	0.005064698	0.006026226	0.006916921	0.007724891	0.008446113	0.009081853	0.009636695
#nind
1
#ind_names									
SURVEY1									
#nobs_ind
30
#yrs_ind											
1	2	3	4	5	6	7	8	9	10	11	12	13	14	15	16	17	18	19	20	21	22	23	24	25	26	27	28	29	30	
#month_ind										
1															
#biom_ind											
1.50155756398744	1.43815792669775	1.31324558224379	1.21487956549631	1.31035444642063	1.33728738807733	1.07375174232588	1.02413020498148	1.24510665577296	1.17599868996067	1.25837026292743	1.19654916724987	1.2279590901457	0.975884481881756	0.992808452805251	0.941123000371265	0.92807341601607	0.836775084604561	0.730200566370237	0.829509058517138	0.673119418705724	0.854780984111622	0.7057593996536	0.804850780136872	0.685092983142947	0.560807194010172	0.64828690587927	0.66134815212443	0.616049541464008	0.542720901215051
#biom_cv																
0.300311512797488	0.28763158533955	0.262649116448758	0.242975913099262	0.262070889284127	0.267457477615466	0.214750348465177	0.204826040996297	0.249021331154591	0.235199737992135	0.251674052585486	0.239309833449975	0.24559181802914	0.195176896376351	0.19856169056105	0.188224600074253	0.185614683203214	0.167355016920912	0.146040113274047	0.165901811703428	0.134623883741145	0.170956196822324	0.14115187993072	0.160970156027374	0.137018596628589	0.112161438802034	0.129657381175854	0.132269630424886	0.123209908292802	0.10854418024301
#n_ages_ind															
30			
#n_lengths_ind															
0															
#yrs_ages_ind															
1	2	3	4	5	6	7	8	9	10	11	12	13	14	15	16	17	18	19	20	21	22	23	24	25	26	27	28	29	30	
#sample_ages_ind					
200	200	200	200	200	200	200	200	200	200	200	200	200	200	200	200	200	200	200	200	200	200	200	200	200	200	200	200	200	200
#page_ind						
0.06	0.14	0.14	0.115	0.095	0.11	0.075	0.065	0.03	0.03	0.005	0.135
0.035	0.17	0.175	0.145	0.095	0.07	0.065	0.035	0.035	0.02	0.05	0.105
0.055	0.09	0.145	0.135	0.095	0.085	0.08	0.075	0.04	0.025	0.015	0.16
0.075	0.12	0.12	0.11	0.11	0.105	0.045	0.025	0.07	0.045	0.04	0.135
0.055	0.12	0.095	0.135	0.09	0.09	0.095	0.06	0.07	0.05	0.02	0.12
0.03	0.155	0.185	0.105	0.08	0.065	0.09	0.035	0.065	0.04	0.055	0.095
0.055	0.125	0.12	0.16	0.1	0.085	0.065	0.07	0.045	0.025	0.05	0.1
0.06	0.26	0.145	0.14	0.11	0.07	0.045	0.045	0.03	0.02	0.005	0.07
0.12	0.22	0.145	0.09	0.1	0.055	0.025	0.045	0.065	0.02	0.045	0.07
0.065	0.2	0.135	0.165	0.075	0.075	0.08	0.05	0.035	0.025	0.005	0.09
0.05	0.13	0.275	0.145	0.12	0.07	0.035	0.07	0.025	0.005	0	0.075
0.055	0.195	0.15	0.185	0.125	0.085	0.055	0.025	0.025	0.02	0.01	0.07
0.07	0.165	0.265	0.085	0.15	0.065	0.06	0.025	0.03	0.02	0.015	0.05
0.125	0.14	0.145	0.225	0.07	0.095	0.08	0.05	0.025	0.01	0.01	0.025
0.085	0.225	0.165	0.11	0.125	0.065	0.075	0.06	0.025	0.01	0.025	0.03
0.1	0.18	0.205	0.115	0.115	0.06	0.06	0.035	0.035	0.03	0.005	0.06
0.115	0.18	0.17	0.17	0.1	0.06	0.055	0.035	0.045	0.015	0.02	0.035
0.11	0.2	0.19	0.13	0.115	0.075	0.04	0.035	0.01	0.035	0.02	0.04
0.115	0.245	0.165	0.135	0.08	0.07	0.06	0.025	0.04	0.015	0.025	0.025
0.155	0.165	0.22	0.125	0.105	0.065	0.05	0.01	0.035	0.03	0.015	0.025
0.09	0.235	0.205	0.175	0.07	0.06	0.04	0.05	0.025	0.005	0.015	0.03
0.11	0.23	0.245	0.19	0.125	0.035	0.02	0	0.015	0.01	0	0.02
0.155	0.265	0.19	0.165	0.075	0.07	0.025	0.02	0.01	0.005	0.01	0.01
0.115	0.295	0.205	0.155	0.065	0.07	0.035	0.02	0.005	0.02	0.005	0.01
0.13	0.22	0.255	0.195	0.045	0.06	0.04	0.02	0.02	0.005	0	0.01
0.145	0.225	0.2	0.185	0.16	0.035	0.01	0.02	0	0.005	0.005	0.01
0.105	0.26	0.215	0.14	0.1	0.07	0.03	0.03	0.025	0.015	0	0.01
0.14	0.235	0.23	0.19	0.05	0.095	0.03	0.01	0.005	0	0.005	0.01
0.14	0.335	0.21	0.12	0.07	0.05	0.03	0.01	0.005	0.005	0.005	0.02
0.105	0.26	0.245	0.2	0.08	0.07	0.025	0.01	0.005	0	0	0
#wt_age_ind						
1 1 1 1 1 1 1 1 1 1 1 1 
1 1 1 1 1 1 1 1 1 1 1 1 
1 1 1 1 1 1 1 1 1 1 1 1 
1 1 1 1 1 1 1 1 1 1 1 1 
1 1 1 1 1 1 1 1 1 1 1 1 
1 1 1 1 1 1 1 1 1 1 1 1 
1 1 1 1 1 1 1 1 1 1 1 1 
1 1 1 1 1 1 1 1 1 1 1 1 
1 1 1 1 1 1 1 1 1 1 1 1 
1 1 1 1 1 1 1 1 1 1 1 1 
1 1 1 1 1 1 1 1 1 1 1 1 
1 1 1 1 1 1 1 1 1 1 1 1 
1 1 1 1 1 1 1 1 1 1 1 1 
1 1 1 1 1 1 1 1 1 1 1 1 
1 1 1 1 1 1 1 1 1 1 1 1 
1 1 1 1 1 1 1 1 1 1 1 1 
1 1 1 1 1 1 1 1 1 1 1 1 
1 1 1 1 1 1 1 1 1 1 1 1 
1 1 1 1 1 1 1 1 1 1 1 1 
1 1 1 1 1 1 1 1 1 1 1 1 
1 1 1 1 1 1 1 1 1 1 1 1 
1 1 1 1 1 1 1 1 1 1 1 1 
1 1 1 1 1 1 1 1 1 1 1 1 
1 1 1 1 1 1 1 1 1 1 1 1 
1 1 1 1 1 1 1 1 1 1 1 1 
1 1 1 1 1 1 1 1 1 1 1 1 
1 1 1 1 1 1 1 1 1 1 1 1 
1 1 1 1 1 1 1 1 1 1 1 1 
1 1 1 1 1 1 1 1 1 1 1 1 
1 1 1 1 1 1 1 1 1 1 1 1 
# wt_pop
0.000530656	0.001196328	0.002058265	0.003034987	0.004055212	0.005064698	0.006026226	0.006916921	0.007724891	0.008446113	0.009081853	0.009636695
#maturity
0.02297737 0.32082130 0.90465054 0.99477987 0.99973881 0.99998699 0.99999935 0.99999997 1 1 1 1
#spmonth						
1		
#age_err						
1	0	0	0	0	0	0	0	0	0	0	0
0	1	0	0	0	0	0	0	0	0	0	0
0	0	1	0	0	0	0	0	0	0	0	0
0	0	0	1	0	0	0	0	0	0	0	0
0	0	0	0	1	0	0	0	0	0	0	0
0	0	0	0	0	1	0	0	0	0	0	0
0	0	0	0	0	0	1	0	0	0	0	0
0	0	0	0	0	0	0	1	0	0	0	0
0	0	0	0	0	0	0	0	1	0	0	0
0	0	0	0	0	0	0	0	0	1	0	0
0	0	0	0	0	0	0	0	0	0	1	0
0	0	0	0	0	0	0	0	0	0	0	1																														
