#styr												
1
#endyr												
30
#rec_age										
1															
#n_ages										
12
# numbers of length intervals
81
#Length	bin
10	11	12	13	14	15	16	17	18	19	20	21	22	23	24	25	26	27	28	29	30	31	32	33	34	35	36	37	38	39	40	41	42	43	44	45	46	47	48	49	50	51	52	53	54	55	56	57	58	59	60	61	62	63	64	65	66	67	68	69	70	71	72	73	74	75	76	77	78	79	80	81	82	83	84	85	86	87	88	89	90
#nfsh
1
#names_fsh
FLEET1												
#catch												
159.577367527281	459.747703378916	744.712734211908	959.49564011668	730.340756517127	1270.13733913078	1212.60681301036	2328.18258954163	1249.16270716876	1439.48508987952	1530.43120817789	1511.20049835338	1052.59123246363	1473.36656854029	1454.20604488752	1242.88801464204	2206.19331491085	1584.65286870787	1423.91838970139	1318.93420448953	1683.45067139473	1119.19492739454	1704.55345560433	1253.83806092771	1192.79460260281	1022.48364892971	963.807889546379	1245.17422380565	899.475091630203	1331.60580611864
#catch_cv											
0.01	0.01	0.01	0.01	0.01	0.01	0.01	0.01	0.01	0.01	0.01	0.01	0.01	0.01	0.01	0.01	0.01	0.01	0.01	0.01	0.01	0.01	0.01	0.01	0.01	0.01	0.01	0.01	0.01	0.01
#n_ages_fsh								
30		
#n_lengths_fsh								
0															
#yrs_ages_fsh								
1	2	3	4	5	6	7	8	9	10	11	12	13	14	15	16	17	18	19	20	21	22	23	24	25	26	27	28	29	30	
#sample_ages_fsh							
200	200	200	200	200	200	200	200	200	200	200	200	200	200	200	200	200	200	200	200	200	200	200	200	200	200	200	200	200	200
#page_fsh	2	3	4	5	6	7	8	9	10	11						
0.07	0.11	0.105	0.09	0.115	0.115	0.125	0.045	0.025	0.025	0.045	0.13
0.085	0.05	0.125	0.11	0.13	0.06	0.065	0.07	0.05	0.045	0.045	0.165
0.035	0.12	0.165	0.105	0.125	0.09	0.055	0.05	0.055	0.035	0.035	0.13
0.07	0.05	0.135	0.1	0.115	0.09	0.105	0.055	0.06	0.025	0.025	0.17
0.045	0.135	0.1	0.155	0.075	0.11	0.045	0.085	0.035	0.055	0.035	0.125
0.08	0.05	0.155	0.14	0.09	0.08	0.08	0.07	0.06	0.045	0.04	0.11
0.115	0.13	0.105	0.09	0.11	0.075	0.08	0.035	0.045	0.06	0.02	0.135
0.075	0.165	0.165	0.125	0.11	0.05	0.065	0.04	0.05	0.03	0.02	0.105
0.075	0.14	0.195	0.115	0.105	0.075	0.07	0.05	0.03	0.03	0.03	0.085
0.115	0.115	0.195	0.11	0.09	0.07	0.075	0.07	0.025	0.02	0.01	0.105
0.12	0.15	0.145	0.14	0.11	0.065	0.06	0.025	0.015	0.035	0.04	0.095
0.08	0.135	0.18	0.13	0.125	0.07	0.055	0.03	0.03	0.04	0.015	0.11
0.13	0.07	0.2	0.135	0.125	0.075	0.065	0.08	0.04	0.02	0.015	0.045
0.065	0.175	0.155	0.185	0.09	0.1	0.05	0.045	0.015	0.015	0.04	0.065
0.11	0.08	0.13	0.11	0.165	0.09	0.06	0.04	0.05	0.035	0.025	0.105
0.15	0.175	0.125	0.14	0.125	0.095	0.045	0.01	0.03	0.04	0.025	0.04
0.065	0.225	0.15	0.105	0.115	0.065	0.07	0.06	0.005	0.03	0.04	0.07
0.11	0.115	0.165	0.18	0.125	0.085	0.04	0.055	0.025	0.015	0.02	0.065
0.1	0.185	0.2	0.145	0.065	0.06	0.12	0.03	0.045	0.015	0.005	0.03
0.14	0.17	0.21	0.12	0.125	0.04	0.05	0.035	0.025	0.02	0.015	0.05
0.145	0.22	0.125	0.17	0.08	0.105	0.035	0.04	0.02	0.01	0.01	0.04
0.12	0.2	0.22	0.155	0.1	0.03	0.07	0.035	0.01	0.02	0.01	0.03
0.175	0.15	0.125	0.27	0.125	0.045	0.025	0.02	0.015	0.015	0.01	0.025
0.14	0.195	0.22	0.13	0.11	0.045	0.04	0.04	0.035	0.005	0.01	0.03
0.125	0.2	0.25	0.125	0.1	0.085	0.04	0.02	0.01	0.02	0.015	0.01
0.13	0.22	0.19	0.18	0.09	0.06	0.06	0.02	0.03	0	0.005	0.015
0.14	0.14	0.21	0.185	0.11	0.09	0.045	0.05	0.015	0.01	0	0.005
0.23	0.205	0.11	0.12	0.115	0.11	0.04	0.03	0.025	0.01	0	0.005
0.225	0.255	0.135	0.135	0.12	0.05	0.045	0.005	0.025	0	0.005	0
0.1	0.245	0.325	0.11	0.07	0.045	0.035	0.03	0.015	0.015	0.01	0
#wt_age_fsh	1 2	3	4	5	6	7	8	9	10	11						
0.000530656	0.001196328	0.002058265	0.003034987	0.004055212	0.005064698	0.006026226	0.006916921	0.007724891	0.008446113	0.009081853	0.009636695
0.000530656	0.001196328	0.002058265	0.003034987	0.004055212	0.005064698	0.006026226	0.006916921	0.007724891	0.008446113	0.009081853	0.009636695
0.000530656	0.001196328	0.002058265	0.003034987	0.004055212	0.005064698	0.006026226	0.006916921	0.007724891	0.008446113	0.009081853	0.009636695
0.000530656	0.001196328	0.002058265	0.003034987	0.004055212	0.005064698	0.006026226	0.006916921	0.007724891	0.008446113	0.009081853	0.009636695
0.000530656	0.001196328	0.002058265	0.003034987	0.004055212	0.005064698	0.006026226	0.006916921	0.007724891	0.008446113	0.009081853	0.009636695
0.000530656	0.001196328	0.002058265	0.003034987	0.004055212	0.005064698	0.006026226	0.006916921	0.007724891	0.008446113	0.009081853	0.009636695
0.000530656	0.001196328	0.002058265	0.003034987	0.004055212	0.005064698	0.006026226	0.006916921	0.007724891	0.008446113	0.009081853	0.009636695
0.000530656	0.001196328	0.002058265	0.003034987	0.004055212	0.005064698	0.006026226	0.006916921	0.007724891	0.008446113	0.009081853	0.009636695
0.000530656	0.001196328	0.002058265	0.003034987	0.004055212	0.005064698	0.006026226	0.006916921	0.007724891	0.008446113	0.009081853	0.009636695
0.000530656	0.001196328	0.002058265	0.003034987	0.004055212	0.005064698	0.006026226	0.006916921	0.007724891	0.008446113	0.009081853	0.009636695
0.000530656	0.001196328	0.002058265	0.003034987	0.004055212	0.005064698	0.006026226	0.006916921	0.007724891	0.008446113	0.009081853	0.009636695
0.000530656	0.001196328	0.002058265	0.003034987	0.004055212	0.005064698	0.006026226	0.006916921	0.007724891	0.008446113	0.009081853	0.009636695
0.000530656	0.001196328	0.002058265	0.003034987	0.004055212	0.005064698	0.006026226	0.006916921	0.007724891	0.008446113	0.009081853	0.009636695
0.000530656	0.001196328	0.002058265	0.003034987	0.004055212	0.005064698	0.006026226	0.006916921	0.007724891	0.008446113	0.009081853	0.009636695
0.000530656	0.001196328	0.002058265	0.003034987	0.004055212	0.005064698	0.006026226	0.006916921	0.007724891	0.008446113	0.009081853	0.009636695
0.000530656	0.001196328	0.002058265	0.003034987	0.004055212	0.005064698	0.006026226	0.006916921	0.007724891	0.008446113	0.009081853	0.009636695
0.000530656	0.001196328	0.002058265	0.003034987	0.004055212	0.005064698	0.006026226	0.006916921	0.007724891	0.008446113	0.009081853	0.009636695
0.000530656	0.001196328	0.002058265	0.003034987	0.004055212	0.005064698	0.006026226	0.006916921	0.007724891	0.008446113	0.009081853	0.009636695
0.000530656	0.001196328	0.002058265	0.003034987	0.004055212	0.005064698	0.006026226	0.006916921	0.007724891	0.008446113	0.009081853	0.009636695
0.000530656	0.001196328	0.002058265	0.003034987	0.004055212	0.005064698	0.006026226	0.006916921	0.007724891	0.008446113	0.009081853	0.009636695
0.000530656	0.001196328	0.002058265	0.003034987	0.004055212	0.005064698	0.006026226	0.006916921	0.007724891	0.008446113	0.009081853	0.009636695
0.000530656	0.001196328	0.002058265	0.003034987	0.004055212	0.005064698	0.006026226	0.006916921	0.007724891	0.008446113	0.009081853	0.009636695
0.000530656	0.001196328	0.002058265	0.003034987	0.004055212	0.005064698	0.006026226	0.006916921	0.007724891	0.008446113	0.009081853	0.009636695
0.000530656	0.001196328	0.002058265	0.003034987	0.004055212	0.005064698	0.006026226	0.006916921	0.007724891	0.008446113	0.009081853	0.009636695
0.000530656	0.001196328	0.002058265	0.003034987	0.004055212	0.005064698	0.006026226	0.006916921	0.007724891	0.008446113	0.009081853	0.009636695
0.000530656	0.001196328	0.002058265	0.003034987	0.004055212	0.005064698	0.006026226	0.006916921	0.007724891	0.008446113	0.009081853	0.009636695
0.000530656	0.001196328	0.002058265	0.003034987	0.004055212	0.005064698	0.006026226	0.006916921	0.007724891	0.008446113	0.009081853	0.009636695
0.000530656	0.001196328	0.002058265	0.003034987	0.004055212	0.005064698	0.006026226	0.006916921	0.007724891	0.008446113	0.009081853	0.009636695
0.000530656	0.001196328	0.002058265	0.003034987	0.004055212	0.005064698	0.006026226	0.006916921	0.007724891	0.008446113	0.009081853	0.009636695
0.000530656	0.001196328	0.002058265	0.003034987	0.004055212	0.005064698	0.006026226	0.006916921	0.007724891	0.008446113	0.009081853	0.009636695
#nind
1
#ind_names									
SURVEY1									
#nobs_ind
30
#yrs_ind											
1	2	3	4	5	6	7	8	9	10	11	12	13	14	15	16	17	18	19	20	21	22	23	24	25	26	27	28	29	30	
#month_ind										
1															
#biom_ind											
1.74692386881572	1.65861474461389	1.59765153007704	1.47652981334667	1.45520490699787	1.47448392894438	1.4209297450162	1.30742904907746	1.22059918171327	1.28738042676186	1.19621773867096	1.44709961571916	1.00231796157408	1.1438923202618	1.03137648716611	1.12199111742796	0.902348485807046	0.895650478619389	0.799038374811495	0.738641273083799	0.811791972001217	0.665427814019268	0.661187683577783	0.778896531803076	0.630879958149007	0.438715171474047	0.507436465898891	0.551549296620472	0.585607249803005	0.571430624277074
#biom_cv																
0.349384773763145	0.331722948922778	0.319530306015407	0.295305962669335	0.291040981399573	0.294896785788875	0.284185949003241	0.261485809815492	0.244119836342653	0.257476085352372	0.239243547734192	0.289419923143832	0.200463592314816	0.22877846405236	0.206275297433223	0.224398223485592	0.180469697161409	0.179130095723878	0.159807674962299	0.14772825461676	0.162358394400243	0.133085562803854	0.132237536715557	0.155779306360615	0.126175991629801	0.0877430342948095	0.101487293179778	0.110309859324094	0.117121449960601	0.114286124855415
#n_ages_ind															
30			
#n_lengths_ind															
0															
#yrs_ages_ind															
1	2	3	4	5	6	7	8	9	10	11	12	13	14	15	16	17	18	19	20	21	22	23	24	25	26	27	28	29	30	
#sample_ages_ind					
200	200	200	200	200	200	200	200	200	200	200	200	200	200	200	200	200	200	200	200	200	200	200	200	200	200	200	200	200	200
#page_ind						
0.045	0.145	0.14	0.14	0.1	0.08	0.07	0.03	0.04	0.025	0.03	0.155
0.09	0.135	0.22	0.14	0.08	0.075	0.035	0.035	0.045	0.01	0.03	0.105
0.055	0.225	0.12	0.065	0.1	0.095	0.07	0.065	0.04	0.045	0.025	0.095
0.07	0.1	0.18	0.105	0.125	0.1	0.065	0.035	0.04	0.03	0.045	0.105
0.04	0.16	0.1	0.15	0.09	0.115	0.095	0.05	0.05	0.035	0.015	0.1
0.075	0.1	0.185	0.095	0.115	0.095	0.08	0.035	0.065	0.01	0.025	0.12
0.075	0.19	0.18	0.135	0.065	0.1	0.045	0.02	0.035	0.035	0.005	0.115
0.115	0.18	0.215	0.1	0.115	0.02	0.05	0.025	0.02	0.035	0.01	0.115
0.085	0.155	0.195	0.175	0.1	0.07	0.03	0.025	0.04	0.015	0.02	0.09
0.125	0.13	0.22	0.15	0.11	0.055	0.05	0.015	0.03	0.02	0.005	0.09
0.095	0.135	0.155	0.15	0.12	0.07	0.065	0.07	0.04	0.02	0.01	0.07
0.045	0.21	0.185	0.12	0.08	0.105	0.09	0.02	0.045	0.005	0.01	0.085
0.075	0.18	0.2	0.195	0.075	0.055	0.05	0.045	0.015	0.05	0.005	0.055
0.105	0.225	0.175	0.13	0.085	0.055	0.06	0.03	0.045	0.02	0.025	0.045
0.115	0.135	0.185	0.18	0.14	0.08	0.045	0.02	0.045	0.015	0.01	0.03
0.115	0.115	0.175	0.19	0.115	0.11	0.05	0.02	0.03	0.015	0.01	0.055
0.055	0.245	0.185	0.12	0.155	0.04	0.055	0.025	0.025	0.04	0.015	0.04
0.07	0.16	0.245	0.15	0.095	0.105	0.055	0.055	0.015	0	0.01	0.04
0.095	0.28	0.13	0.165	0.12	0.07	0.06	0.005	0.01	0.025	0.005	0.035
0.15	0.205	0.185	0.14	0.13	0.035	0.02	0.05	0.015	0.03	0.01	0.03
0.105	0.27	0.195	0.16	0.09	0.06	0.005	0.06	0.01	0.015	0.005	0.025
0.125	0.23	0.25	0.105	0.08	0.04	0.065	0.05	0.02	0	0.01	0.025
0.1	0.23	0.165	0.2	0.065	0.08	0.01	0.04	0.045	0.02	0.01	0.035
0.085	0.285	0.235	0.085	0.125	0.045	0.07	0.01	0.015	0.025	0.005	0.015
0.12	0.205	0.26	0.13	0.11	0.08	0.02	0.01	0.015	0.03	0.01	0.01
0.035	0.275	0.28	0.18	0.055	0.07	0.025	0.015	0.02	0.01	0.025	0.01
0.085	0.2	0.225	0.185	0.09	0.07	0.045	0.02	0.03	0.02	0.005	0.025
0.16	0.305	0.105	0.145	0.12	0.07	0.045	0.015	0.005	0.015	0.01	0.005
0.125	0.34	0.2	0.1	0.09	0.085	0.02	0.01	0.005	0.015	0	0.01
0.12	0.325	0.275	0.105	0.06	0.055	0.025	0.01	0.015	0	0.01	0
#wt_age_ind						
1 1 1 1 1 1 1 1 1 1 1 1 
1 1 1 1 1 1 1 1 1 1 1 1 
1 1 1 1 1 1 1 1 1 1 1 1 
1 1 1 1 1 1 1 1 1 1 1 1 
1 1 1 1 1 1 1 1 1 1 1 1 
1 1 1 1 1 1 1 1 1 1 1 1 
1 1 1 1 1 1 1 1 1 1 1 1 
1 1 1 1 1 1 1 1 1 1 1 1 
1 1 1 1 1 1 1 1 1 1 1 1 
1 1 1 1 1 1 1 1 1 1 1 1 
1 1 1 1 1 1 1 1 1 1 1 1 
1 1 1 1 1 1 1 1 1 1 1 1 
1 1 1 1 1 1 1 1 1 1 1 1 
1 1 1 1 1 1 1 1 1 1 1 1 
1 1 1 1 1 1 1 1 1 1 1 1 
1 1 1 1 1 1 1 1 1 1 1 1 
1 1 1 1 1 1 1 1 1 1 1 1 
1 1 1 1 1 1 1 1 1 1 1 1 
1 1 1 1 1 1 1 1 1 1 1 1 
1 1 1 1 1 1 1 1 1 1 1 1 
1 1 1 1 1 1 1 1 1 1 1 1 
1 1 1 1 1 1 1 1 1 1 1 1 
1 1 1 1 1 1 1 1 1 1 1 1 
1 1 1 1 1 1 1 1 1 1 1 1 
1 1 1 1 1 1 1 1 1 1 1 1 
1 1 1 1 1 1 1 1 1 1 1 1 
1 1 1 1 1 1 1 1 1 1 1 1 
1 1 1 1 1 1 1 1 1 1 1 1 
1 1 1 1 1 1 1 1 1 1 1 1 
1 1 1 1 1 1 1 1 1 1 1 1 
# wt_pop
0.000530656	0.001196328	0.002058265	0.003034987	0.004055212	0.005064698	0.006026226	0.006916921	0.007724891	0.008446113	0.009081853	0.009636695
#maturity
0.02297737 0.32082130 0.90465054 0.99477987 0.99973881 0.99998699 0.99999935 0.99999997 1 1 1 1
#spmonth						
1		
#age_err						
1	0	0	0	0	0	0	0	0	0	0	0
0	1	0	0	0	0	0	0	0	0	0	0
0	0	1	0	0	0	0	0	0	0	0	0
0	0	0	1	0	0	0	0	0	0	0	0
0	0	0	0	1	0	0	0	0	0	0	0
0	0	0	0	0	1	0	0	0	0	0	0
0	0	0	0	0	0	1	0	0	0	0	0
0	0	0	0	0	0	0	1	0	0	0	0
0	0	0	0	0	0	0	0	1	0	0	0
0	0	0	0	0	0	0	0	0	1	0	0
0	0	0	0	0	0	0	0	0	0	1	0
0	0	0	0	0	0	0	0	0	0	0	1																														
