#######GENERAL HEADER INPUT#######
1
30
1
30
1
30
30
12
1	2	3	4	5	6	7	8	9	10	11	12
12
1	2	3	4	5	6	7	8	9	10	11	12
1
1001
1
1
#######SURVEY DATA#######
30
1	2	3	4	5	6	7	8	9	10	11	12	13	14	15	16	17	18	19	20	21	22	23	24	25	26	27	28	29	30
1.41268411969807	1.60160746669135	1.7376226266306	1.59772615342924	1.17287311106339	1.38472472309397	1.24612168001939	1.062187446974	1.31072762468063	1.13230058314934	1.29560627699638	1.07399400975123	1.06309142608099	0.929887461162259	0.985232421796784	0.969391986648765	0.981479620378706	1.04153000644653	0.806854588450063	0.857767367264025	0.853787669842072	0.736791406072132	0.777620266371209	0.746938105533765	0.687500917057293	0.508241915381697	0.548902771499628	0.545898411589293	0.422168184638227	0.577179502142279
0.2	0.2	0.2	0.2	0.2	0.2	0.2	0.2	0.2	0.2	0.2	0.2	0.2	0.2	0.2	0.2	0.2	0.2	0.2	0.2	0.2	0.2	0.2	0.2	0.2	0.2	0.2	0.2	0.2	0.2
30
1	2	3	4	5	6	7	8	9	10	11	12	13	14	15	16	17	18	19	20	21	22	23	24	25	26	27	28	29	30
200	200	200	200	200	200	200	200	200	200	200	200	200	200	200	200	200	200	200	200	200	200	200	200	200	200	200	200	200	200
200	200	200	200	200	200	200	200	200	200	200	200	200	200	200	200	200	200	200	200	200	200	200	200	200	200	200	200	200	200
0.085	0.12	0.165	0.1	0.115	0.06	0.07	0.05	0.07	0.03	0.015	0.12
0.055	0.15	0.145	0.135	0.11	0.07	0.075	0.035	0.05	0.03	0.03	0.115
0.045	0.125	0.15	0.1	0.115	0.115	0.06	0.065	0.025	0.03	0.04	0.13
0.07	0.145	0.13	0.135	0.075	0.125	0.045	0.035	0.045	0.035	0.025	0.135
0.04	0.135	0.185	0.11	0.1	0.115	0.06	0.05	0.055	0.025	0.025	0.1
0.1	0.1	0.085	0.135	0.085	0.08	0.065	0.08	0.045	0.035	0.04	0.15
0.105	0.165	0.115	0.105	0.06	0.085	0.1	0.04	0.07	0.03	0.02	0.105
0.065	0.16	0.2	0.055	0.085	0.095	0.055	0.055	0.025	0.055	0.04	0.11
0.14	0.115	0.17	0.165	0.05	0.075	0.05	0.03	0.05	0.04	0.015	0.1
0.07	0.23	0.125	0.125	0.115	0.08	0.05	0.015	0.04	0.05	0.015	0.085
0.05	0.195	0.23	0.115	0.11	0.09	0.03	0.03	0.005	0.025	0.015	0.105
0.065	0.155	0.24	0.17	0.07	0.075	0.06	0.02	0.025	0.015	0.015	0.09
0.08	0.12	0.18	0.175	0.12	0.075	0.05	0.045	0.04	0.01	0.01	0.095
0.07	0.14	0.17	0.15	0.155	0.095	0.02	0.055	0.045	0.025	0.01	0.065
0.1	0.165	0.175	0.08	0.105	0.105	0.095	0.045	0.03	0.03	0.005	0.065
0.085	0.19	0.195	0.1	0.095	0.06	0.08	0.06	0.02	0.03	0.035	0.05
0.09	0.195	0.125	0.2	0.1	0.085	0.04	0.07	0.04	0.015	0.01	0.03
0.145	0.255	0.14	0.09	0.115	0.085	0.04	0.015	0.02	0.01	0.01	0.075
0.09	0.28	0.24	0.105	0.085	0.07	0.015	0.015	0.04	0.035	0	0.025
0.135	0.235	0.27	0.1	0.105	0.035	0.065	0.01	0.01	0	0.015	0.02
0.13	0.3	0.16	0.18	0.105	0.055	0.01	0.02	0.01	0.01	0	0.02
0.085	0.275	0.305	0.175	0.065	0.035	0.025	0.025	0	0	0.005	0.005
0.105	0.19	0.235	0.17	0.09	0.07	0.04	0.02	0.01	0.015	0.015	0.04
0.105	0.255	0.195	0.175	0.12	0.05	0.03	0.025	0.015	0.015	0	0.015
0.08	0.23	0.3	0.115	0.09	0.055	0.05	0.04	0.01	0	0.005	0.025
0.115	0.27	0.225	0.125	0.085	0.055	0.055	0.035	0.025	0.005	0	0.005
0.07	0.24	0.215	0.23	0.11	0.035	0.045	0.015	0.02	0.005	0.005	0.01
0.065	0.17	0.255	0.195	0.1	0.09	0.015	0.02	0.035	0.035	0.01	0.01
0.095	0.28	0.175	0.16	0.095	0.08	0.035	0.02	0.02	0.025	0.005	0.01
0.175	0.2	0.26	0.1	0.11	0.065	0.055	0.01	0.015	0	0	0.01
#######LANDINGS DATA#######
1
30
161.594827429436	466.412512755821	737.364441247761	962.15616946094	727.795685156303	1251.76734573569	1176.23444271207	2219.12657895889	1189.93929145521	1378.19900224024	1487.68772976867	1541.24332285696	1054.60250773009	1464.39637735739	1424.75761325661	1201.19183735522	2096.60396278052	1516.44940520692	1402.79229522597	1336.95017874491	1749.32765423654	1204.03192346464	1840.32822815485	1339.30594384505	1246.08311589286	1083.13529124227	1039.6676018223	1347.29642764496	939.413452153929	1290.38734684627
0.01	0.01	0.01	0.01	0.01	0.01	0.01	0.01	0.01	0.01	0.01	0.01	0.01	0.01	0.01	0.01	0.01	0.01	0.01	0.01	0.01	0.01	0.01	0.01	0.01	0.01	0.01	0.01	0.01	0.01
30
1	2	3	4	5	6	7	8	9	10	11	12	13	14	15	16	17	18	19	20	21	22	23	24	25	26	27	28	29	30
200	200	200	200	200	200	200	200	200	200	200	200	200	200	200	200	200	200	200	200	200	200	200	200	200	200	200	200	200	200
200	200	200	200	200	200	200	200	200	200	200	200	200	200	200	200	200	200	200	200	200	200	200	200	200	200	200	200	200	200
0.09	0.11	0.12	0.12	0.125	0.085	0.075	0.07	0.015	0.05	0.02	0.12
0.065	0.075	0.12	0.15	0.085	0.105	0.07	0.055	0.045	0.05	0.015	0.165
0.065	0.11	0.115	0.1	0.11	0.085	0.08	0.06	0.035	0.04	0.03	0.17
0.09	0.1	0.11	0.09	0.105	0.12	0.075	0.05	0.03	0.025	0.045	0.16
0.045	0.08	0.06	0.13	0.13	0.085	0.085	0.1	0.055	0.03	0.025	0.175
0.07	0.07	0.105	0.12	0.13	0.105	0.09	0.085	0.06	0.02	0.025	0.12
0.115	0.12	0.115	0.15	0.075	0.065	0.055	0.055	0.035	0.045	0.025	0.145
0.055	0.145	0.15	0.14	0.105	0.095	0.095	0.03	0.04	0.035	0.03	0.08
0.1	0.105	0.165	0.13	0.105	0.065	0.02	0.07	0.06	0.035	0.045	0.1
0.105	0.135	0.17	0.115	0.105	0.065	0.075	0.035	0.025	0.035	0.03	0.105
0.11	0.125	0.2	0.155	0.1	0.065	0.04	0.035	0.035	0.03	0.015	0.09
0.085	0.12	0.185	0.22	0.095	0.07	0.05	0.05	0.03	0.01	0.01	0.075
0.105	0.105	0.155	0.16	0.135	0.14	0.055	0.045	0.025	0.025	0	0.05
0.14	0.105	0.18	0.14	0.14	0.125	0.015	0.045	0.025	0.015	0.01	0.06
0.1	0.16	0.125	0.08	0.1	0.115	0.105	0.035	0.065	0.035	0.005	0.075
0.105	0.125	0.175	0.12	0.1	0.105	0.065	0.045	0.035	0.03	0.025	0.07
0.125	0.17	0.135	0.155	0.085	0.095	0.07	0.04	0.015	0.04	0.025	0.045
0.1	0.19	0.19	0.105	0.125	0.065	0.025	0.065	0.03	0.04	0.015	0.05
0.16	0.22	0.13	0.16	0.115	0.05	0.035	0.035	0.025	0.02	0.02	0.03
0.13	0.185	0.265	0.14	0.08	0.045	0.04	0.035	0.005	0.02	0.03	0.025
0.12	0.24	0.235	0.145	0.12	0.05	0.035	0.02	0.015	0.005	0	0.015
0.08	0.255	0.185	0.16	0.13	0.05	0.025	0.025	0.03	0.015	0.025	0.02
0.115	0.125	0.225	0.205	0.115	0.11	0.02	0.045	0.015	0.01	0.005	0.01
0.14	0.215	0.17	0.14	0.125	0.105	0.045	0.03	0.01	0.01	0	0.01
0.155	0.18	0.205	0.08	0.125	0.095	0.06	0.035	0.03	0.02	0.005	0.01
0.14	0.18	0.265	0.145	0.1	0.05	0.06	0.025	0.025	0	0.005	0.005
0.155	0.23	0.205	0.125	0.145	0.045	0.025	0.015	0.015	0.005	0.015	0.02
0.15	0.175	0.225	0.15	0.1	0.08	0.025	0.03	0.015	0.015	0.015	0.02
0.115	0.175	0.18	0.185	0.11	0.1	0.06	0.02	0.02	0.025	0.005	0.005
0.26	0.135	0.145	0.14	0.135	0.06	0.055	0.025	0.015	0.005	0	0.025
#######PARAMETER SECTION#######
800	400	1200	-4	800	-0.25	1
0.18	0.01	1	-4	0.18	-0.25	1
-1.36	-5	-0.001	-4	-1.36	-0.25	1
0.1	0.05	0.3	-4	0.1	-0.25	1
0.2	0.01	0.5	-4	0.2	-0.25	1
0.75	0.20001	1	-3	0.75	-0.25	1
13.815511	-1	200	1	13.815511	-0.25	1
0	-1	1	-4	0	-0.25	1
0.2	1e-04	1.2	-3	0.2	-0.25	1
0	-10	10	-6	0	-1	1
0	-10	10	-6	0	-1	1
2	0	12	2	2	-0.5	1
1	0	12	2	1	-0.5	1
2	0	12	-2	2	-0.5	1
1	0	12	-2	1	-0.5	1
1.5	0	12	2	1.5	-0.5	1
2	0	12	2	2	-0.5	1
-14.8564117155374	-30	5	1	-14.8564117155374	-1	1
1	0.1	2	-1	1	-1	1
-1.54399197800355	-10	1.39	1	-1.54399197800355	-1	1
#######DEV CONSTRAINTS and DEVS#######
-15	15	2
-15	15	2
-15	15	2
0	0	0	0	0	0	0	0	0	0	0	0	0	0	0	0	0	0	0	0	0	0	0	0	0	0	0	0	0	0
0	0	0	0	0	0	0	0	0	0	0	0	0	0	0	0	0	0	0	0	0	0	0	0	0	0	0	0	0	0
0	0	0	0	0	0	0	0	0	0	0
#######LIKELIHOOD WEIGHTS#######
1
1
1
1
0
1
0
0
0
#######MISCELLANEOUS STUFF SECTION#######
2.5e-08
3
0.5	0.5	0.5	0.5	0.5	0.5	0.5	0.5	0.5	0.5	0.5	0.5
0.0229773699100256	0.320821300824607	0.904650535100891	0.994779874306442	0.999738809680904	0.999986992871533	0.999999352405202	0.999999967758134	0.999999998394772	0.99999999992008	0.999999999996021	0.999999999999802
0.2	0.2	0.2	0.2	0.2	0.2	0.2	0.2	0.2	0.2	0.2	0.2
0
1
10
0.2
1
1	0	0	0	0	0	0	0	0	0	0	0
0	1	0	0	0	0	0	0	0	0	0	0
0	0	1	0	0	0	0	0	0	0	0	0
0	0	0	1	0	0	0	0	0	0	0	0
0	0	0	0	1	0	0	0	0	0	0	0
0	0	0	0	0	1	0	0	0	0	0	0
0	0	0	0	0	0	1	0	0	0	0	0
0	0	0	0	0	0	0	1	0	0	0	0
0	0	0	0	0	0	0	0	1	0	0	0
0	0	0	0	0	0	0	0	0	1	0	0
0	0	0	0	0	0	0	0	0	0	1	0
0	0	0	0	0	0	0	0	0	0	0	1
40
31
2
1
#######END OF DATA FILE#######
999
