# Number of parameters = 77  Objective function value = 26263.6  Maximum gradient component = 0.00119776
# sel_params[1]:
2.15465827899
# sel_params[2]:
1.02780410867
# log_Fmult_year1:
 -4.62560141787
# log_Fmult_devs:
 1.06026407333 0.492486777584 0.308698606503 -0.229804133569 0.598426383395 0.0127544573632 0.763834061421 -0.544575241804 0.206863673455 0.132409939720 0.0628566598783 -0.317070884565 0.367402679486 0.0622004669336 -0.118358453077 0.666192698939 -0.215884881257 0.00427899883693 -0.0160780088261 0.333006342542 -0.310445599491 0.520717767621 -0.184629591820 -0.00183475450834 -0.0849198293645 -0.00387766672457 0.342868566033 -0.250652583839 0.451517083285
# log_recruit_devs:
 0.0472202047472 -0.102546828608 -0.120206785723 0.0685627754282 -0.0980161666809 0.0319509236834 0.279886417571 -0.0245616422716 -0.244129661650 0.000268765501386 0.0701907141830 0.207069517614 -0.136630762155 0.137958219349 -0.0481315361608 -0.115284933354 0.0882942265992 -0.0720173260219 0.165812423161 0.0883625096664 -0.0222165302475 0.188207841299 -0.119505256385 -0.275441497635 -0.342516138085 0.289408788842 -0.125023911780 0.282999472152 -0.0317138829072 -0.0682499401328
# log_N_year1_devs:
 0.121757290344 0.0173697436913 -0.00592533421292 -0.195340564197 -0.185225025629 -0.248339117123 -0.178339298002 -0.111969076450 0.0240650047206 -0.206853942048 -0.0564887112151
# log_q_year1:
 -7.93829818719
# log_q_devs:
 0.00000000000 0.00000000000 0.00000000000 0.00000000000 0.00000000000 0.00000000000 0.00000000000 0.00000000000 0.00000000000 0.00000000000 0.00000000000 0.00000000000 0.00000000000 0.00000000000 0.00000000000 0.00000000000 0.00000000000 0.00000000000 0.00000000000 0.00000000000 0.00000000000 0.00000000000 0.00000000000 0.00000000000 0.00000000000 0.00000000000 0.00000000000 0.00000000000 0.00000000000
# index_sel_params[1]:
1.55922611331
# index_sel_params[2]:
0.585318768083
# log_SR_scaler:
6.92217873250
# SR_steepness:
0.750000000000
