#######GENERAL HEADER INPUT#######
1
30
1
30
1
30
30
12
1	2	3	4	5	6	7	8	9	10	11	12
12
1	2	3	4	5	6	7	8	9	10	11	12
1
1001
1
1
#######SURVEY DATA#######
30
1	2	3	4	5	6	7	8	9	10	11	12	13	14	15	16	17	18	19	20	21	22	23	24	25	26	27	28	29	30
1.59599538667486	1.57861203263934	1.39612346241558	1.75168471804205	1.51155710969172	1.38595990561106	1.634076318263	1.62037924405088	1.32889134765354	1.21284373421342	1.15663054723115	0.823094324202246	1.09501686704684	0.946951465531148	0.911538472711423	0.900143429991182	1.00189699625285	0.729136973843789	0.597979772608584	0.710897961680578	0.657400514821477	0.931792895650819	0.666991867885173	0.577134480717665	0.528759189693846	0.500065187715419	0.550764678440242	0.529228233754182	0.574169775945684	0.535262247904344
0.2	0.2	0.2	0.2	0.2	0.2	0.2	0.2	0.2	0.2	0.2	0.2	0.2	0.2	0.2	0.2	0.2	0.2	0.2	0.2	0.2	0.2	0.2	0.2	0.2	0.2	0.2	0.2	0.2	0.2
30
1	2	3	4	5	6	7	8	9	10	11	12	13	14	15	16	17	18	19	20	21	22	23	24	25	26	27	28	29	30
200	200	200	200	200	200	200	200	200	200	200	200	200	200	200	200	200	200	200	200	200	200	200	200	200	200	200	200	200	200
200	200	200	200	200	200	200	200	200	200	200	200	200	200	200	200	200	200	200	200	200	200	200	200	200	200	200	200	200	200
0.05	0.18	0.18	0.125	0.08	0.065	0.055	0.03	0.05	0.025	0.04	0.12
0.095	0.13	0.1	0.11	0.145	0.085	0.06	0.035	0.035	0.025	0.015	0.165
0.085	0.145	0.105	0.12	0.12	0.065	0.045	0.07	0.06	0.05	0.02	0.115
0.03	0.17	0.135	0.08	0.075	0.095	0.075	0.06	0.075	0.05	0.01	0.145
0.075	0.115	0.245	0.145	0.065	0.07	0.065	0.025	0.04	0.035	0.015	0.105
0.085	0.135	0.14	0.15	0.135	0.045	0.085	0.045	0.03	0.02	0.045	0.085
0.095	0.16	0.16	0.11	0.135	0.065	0.055	0.05	0.02	0.04	0.02	0.09
0.06	0.19	0.16	0.11	0.06	0.06	0.1	0.025	0.045	0.05	0.02	0.12
0.055	0.115	0.19	0.195	0.065	0.065	0.095	0.07	0.06	0.02	0.02	0.05
0.045	0.215	0.125	0.14	0.115	0.085	0.04	0.05	0.025	0.015	0.03	0.115
0.055	0.16	0.165	0.085	0.15	0.085	0.07	0.03	0.045	0.04	0.005	0.11
0.06	0.16	0.195	0.135	0.09	0.065	0.065	0.045	0.03	0.05	0.03	0.075
0.03	0.165	0.23	0.175	0.105	0.035	0.05	0.065	0.045	0.025	0.025	0.05
0.09	0.225	0.135	0.13	0.11	0.065	0.03	0.07	0.02	0.06	0.005	0.06
0.09	0.195	0.235	0.15	0.095	0.085	0.03	0.01	0.055	0.015	0.01	0.03
0.065	0.14	0.2	0.165	0.08	0.095	0.07	0.02	0.03	0.035	0.025	0.075
0.06	0.2	0.14	0.145	0.15	0.06	0.065	0.05	0.035	0.005	0.01	0.08
0.12	0.155	0.245	0.105	0.095	0.095	0.045	0.06	0.03	0	0.015	0.035
0.14	0.22	0.175	0.125	0.06	0.1	0.05	0.04	0.03	0.02	0.005	0.035
0.095	0.29	0.225	0.09	0.075	0.035	0.035	0.07	0.015	0.03	0.015	0.025
0.065	0.24	0.265	0.165	0.075	0.05	0.03	0.03	0.02	0.005	0	0.055
0.09	0.215	0.26	0.16	0.1	0.05	0.03	0.035	0.02	0.02	0	0.02
0.135	0.2	0.155	0.19	0.11	0.075	0.045	0.02	0.005	0.03	0.01	0.025
0.08	0.24	0.225	0.155	0.085	0.07	0.06	0.015	0.02	0.01	0.015	0.025
0.09	0.24	0.29	0.095	0.1	0.075	0.04	0.03	0.01	0.01	0	0.02
0.13	0.2	0.185	0.2	0.135	0.045	0.03	0.04	0.005	0.01	0.01	0.01
0.11	0.25	0.185	0.15	0.145	0.075	0.035	0.02	0.02	0.005	0.005	0
0.18	0.28	0.22	0.075	0.095	0.05	0.06	0.01	0.005	0.015	0	0.01
0.12	0.32	0.145	0.155	0.095	0.065	0.02	0.02	0.02	0.015	0.01	0.015
0.12	0.225	0.275	0.145	0.125	0.035	0.015	0.025	0.015	0.01	0.005	0.005
#######LANDINGS DATA#######
1
30
162.09290272734	462.638560665705	748.058153327231	992.6030549955	759.957132904075	1318.88299495645	1237.74211598365	2385.14275637857	1256.09292243099	1428.80802605986	1476.97635774943	1478.0154060521	996.603417749944	1387.79444040629	1395.27435191772	1164.25051955243	2035.1697088452	1419.32069195072	1262.96301011434	1186.32532366362	1508.52662706356	1020.06754754419	1514.65176001416	1087.1529258773	996.379041327135	857.587193466396	813.420786729256	1096.38709198616	817.810539832363	1184.799955214
0.01	0.01	0.01	0.01	0.01	0.01	0.01	0.01	0.01	0.01	0.01	0.01	0.01	0.01	0.01	0.01	0.01	0.01	0.01	0.01	0.01	0.01	0.01	0.01	0.01	0.01	0.01	0.01	0.01	0.01
30
1	2	3	4	5	6	7	8	9	10	11	12	13	14	15	16	17	18	19	20	21	22	23	24	25	26	27	28	29	30
200	200	200	200	200	200	200	200	200	200	200	200	200	200	200	200	200	200	200	200	200	200	200	200	200	200	200	200	200	200
200	200	200	200	200	200	200	200	200	200	200	200	200	200	200	200	200	200	200	200	200	200	200	200	200	200	200	200	200	200
0.08	0.11	0.115	0.115	0.115	0.075	0.095	0.04	0.06	0.025	0.045	0.125
0.105	0.07	0.095	0.11	0.14	0.075	0.085	0.08	0.06	0.03	0.02	0.13
0.105	0.155	0.11	0.115	0.125	0.07	0.06	0.05	0.035	0.035	0.005	0.135
0.07	0.165	0.18	0.1	0.085	0.06	0.06	0.05	0.055	0.045	0.015	0.115
0.085	0.085	0.17	0.13	0.09	0.065	0.105	0.06	0.04	0.045	0.02	0.105
0.095	0.095	0.115	0.14	0.135	0.085	0.06	0.045	0.015	0.035	0.025	0.155
0.085	0.125	0.14	0.055	0.12	0.115	0.055	0.08	0.045	0.035	0.035	0.11
0.035	0.165	0.16	0.08	0.05	0.125	0.095	0.055	0.05	0.05	0.01	0.125
0.045	0.15	0.2	0.125	0.08	0.035	0.075	0.055	0.035	0.03	0.035	0.135
0.135	0.12	0.08	0.14	0.105	0.04	0.11	0.065	0.08	0.035	0.005	0.085
0.085	0.13	0.185	0.065	0.155	0.095	0.055	0.03	0.05	0.02	0.035	0.095
0.09	0.16	0.19	0.125	0.07	0.065	0.1	0.03	0.035	0.03	0.02	0.085
0.1	0.1	0.17	0.165	0.125	0.04	0.045	0.07	0.045	0.02	0.04	0.08
0.12	0.14	0.135	0.135	0.11	0.1	0.025	0.055	0.06	0.02	0.005	0.095
0.075	0.165	0.15	0.145	0.115	0.115	0.07	0.05	0.03	0.005	0.01	0.07
0.065	0.145	0.23	0.18	0.085	0.09	0.05	0.02	0.02	0.025	0.015	0.075
0.065	0.12	0.2	0.165	0.175	0.06	0.07	0.045	0.02	0.025	0.025	0.03
0.11	0.09	0.21	0.125	0.11	0.115	0.06	0.05	0.045	0.015	0.01	0.06
0.155	0.195	0.175	0.145	0.07	0.065	0.06	0.04	0.035	0.02	0.005	0.035
0.15	0.22	0.21	0.095	0.095	0.045	0.055	0.035	0.015	0.005	0.02	0.055
0.115	0.18	0.135	0.215	0.1	0.07	0.05	0.04	0.01	0.015	0.02	0.05
0.135	0.145	0.23	0.215	0.1	0.045	0.055	0.025	0.02	0.02	0.005	0.005
0.105	0.195	0.145	0.215	0.16	0.07	0.03	0.025	0.01	0.02	0.005	0.02
0.17	0.195	0.215	0.105	0.115	0.055	0.05	0.035	0.035	0.015	0	0.01
0.1	0.2	0.23	0.18	0.085	0.06	0.075	0.02	0.015	0.015	0.005	0.015
0.14	0.16	0.23	0.18	0.1	0.06	0.05	0.025	0.025	0.015	0.005	0.01
0.165	0.235	0.155	0.12	0.105	0.09	0.06	0.03	0.01	0.015	0.005	0.01
0.26	0.2	0.19	0.105	0.11	0.05	0.045	0.005	0.01	0.015	0	0.01
0.125	0.345	0.21	0.125	0.075	0.05	0.04	0.01	0.015	0	0	0.005
0.11	0.25	0.33	0.125	0.075	0.045	0.02	0.015	0.005	0.01	0.005	0.01
#######PARAMETER SECTION#######
800	400	1200	-4	800	-0.25	1
0.18	0.01	1	-4	0.18	-0.25	1
-1.36	-5	-0.001	-4	-1.36	-0.25	1
0.1	0.05	0.3	-4	0.1	-0.25	1
0.2	0.01	0.5	-4	0.2	-0.25	1
0.75	0.20001	1	-3	0.75	-0.25	1
13.815511	-1	200	1	13.815511	-0.25	1
0	-1	1	-4	0	-0.25	1
0.2	1e-04	1.2	-3	0.2	-0.25	1
0	-10	10	-6	0	-1	1
0	-10	10	-6	0	-1	1
2	0	12	2	2	-0.5	1
1	0	12	2	1	-0.5	1
2	0	12	-2	2	-0.5	1
1	0	12	-2	1	-0.5	1
1.5	0	12	2	1.5	-0.5	1
2	0	12	2	2	-0.5	1
-14.8106624607807	-30	5	1	-14.8106624607807	-1	1
1	0.1	2	-1	1	-1	1
-1.54399197800355	-10	1.39	1	-1.54399197800355	-1	1
#######DEV CONSTRAINTS and DEVS#######
-15	15	2
-15	15	2
-15	15	2
0	0	0	0	0	0	0	0	0	0	0	0	0	0	0	0	0	0	0	0	0	0	0	0	0	0	0	0	0	0
0	0	0	0	0	0	0	0	0	0	0	0	0	0	0	0	0	0	0	0	0	0	0	0	0	0	0	0	0	0
0	0	0	0	0	0	0	0	0	0	0
#######LIKELIHOOD WEIGHTS#######
1
1
1
1
0
1
0
0
0
#######MISCELLANEOUS STUFF SECTION#######
2.5e-08
3
0.5	0.5	0.5	0.5	0.5	0.5	0.5	0.5	0.5	0.5	0.5	0.5
0.0229773699100256	0.320821300824607	0.904650535100891	0.994779874306442	0.999738809680904	0.999986992871533	0.999999352405202	0.999999967758134	0.999999998394772	0.99999999992008	0.999999999996021	0.999999999999802
0.2	0.2	0.2	0.2	0.2	0.2	0.2	0.2	0.2	0.2	0.2	0.2
0
1
10
0.2
1
1	0	0	0	0	0	0	0	0	0	0	0
0	1	0	0	0	0	0	0	0	0	0	0
0	0	1	0	0	0	0	0	0	0	0	0
0	0	0	1	0	0	0	0	0	0	0	0
0	0	0	0	1	0	0	0	0	0	0	0
0	0	0	0	0	1	0	0	0	0	0	0
0	0	0	0	0	0	1	0	0	0	0	0
0	0	0	0	0	0	0	1	0	0	0	0
0	0	0	0	0	0	0	0	1	0	0	0
0	0	0	0	0	0	0	0	0	1	0	0
0	0	0	0	0	0	0	0	0	0	1	0
0	0	0	0	0	0	0	0	0	0	0	1
40
31
2
1
#######END OF DATA FILE#######
999
