#######GENERAL HEADER INPUT#######
1
30
1
30
1
30
30
12
1	2	3	4	5	6	7	8	9	10	11	12
12
1	2	3	4	5	6	7	8	9	10	11	12
1
1001
1
1
#######SURVEY DATA#######
30
1	2	3	4	5	6	7	8	9	10	11	12	13	14	15	16	17	18	19	20	21	22	23	24	25	26	27	28	29	30
1.20827935140926	1.55391969356703	1.60777167494802	1.47961660028729	1.50026640800188	1.41625260643799	1.27299869413017	1.05189415091961	1.12237882327831	1.0163265872789	1.30374899455559	1.11509742733591	0.963059048173174	1.14989891762104	1.30058368924264	0.914684214606609	1.2248128741123	0.92195166685473	0.983545705184339	0.796849282147468	0.801987665492254	0.752774464186559	0.801095593065878	0.72612038569434	0.685012033719596	0.536358115959874	0.560182700242693	0.448683021882629	0.566391217111863	0.554384163018485
0.2	0.2	0.2	0.2	0.2	0.2	0.2	0.2	0.2	0.2	0.2	0.2	0.2	0.2	0.2	0.2	0.2	0.2	0.2	0.2	0.2	0.2	0.2	0.2	0.2	0.2	0.2	0.2	0.2	0.2
30
1	2	3	4	5	6	7	8	9	10	11	12	13	14	15	16	17	18	19	20	21	22	23	24	25	26	27	28	29	30
200	200	200	200	200	200	200	200	200	200	200	200	200	200	200	200	200	200	200	200	200	200	200	200	200	200	200	200	200	200
200	200	200	200	200	200	200	200	200	200	200	200	200	200	200	200	200	200	200	200	200	200	200	200	200	200	200	200	200	200
0.055	0.15	0.13	0.115	0.11	0.115	0.055	0.055	0.035	0.065	0.02	0.095
0.065	0.125	0.15	0.125	0.11	0.085	0.055	0.05	0.035	0.045	0.04	0.115
0.025	0.11	0.13	0.135	0.095	0.1	0.095	0.04	0.035	0.025	0.04	0.17
0.085	0.13	0.125	0.1	0.115	0.07	0.065	0.065	0.035	0.045	0.025	0.14
0.05	0.17	0.135	0.13	0.115	0.1	0.04	0.055	0.04	0.035	0.02	0.11
0.07	0.145	0.185	0.095	0.075	0.115	0.08	0.05	0.03	0.035	0.025	0.095
0.055	0.165	0.145	0.14	0.07	0.06	0.06	0.045	0.07	0.035	0.045	0.11
0.1	0.11	0.095	0.1	0.155	0.09	0.08	0.015	0.055	0.055	0.01	0.135
0.12	0.205	0.1	0.105	0.04	0.095	0.05	0.045	0.045	0.055	0.03	0.11
0.08	0.18	0.19	0.13	0.09	0.065	0.05	0.035	0.035	0.03	0.015	0.1
0.09	0.185	0.23	0.145	0.085	0.04	0.055	0.03	0.01	0.025	0	0.105
0.1	0.195	0.14	0.165	0.1	0.055	0.045	0.035	0.04	0.025	0.02	0.08
0.13	0.155	0.235	0.115	0.13	0.065	0.025	0.035	0.025	0.01	0.01	0.065
0.075	0.22	0.16	0.21	0.09	0.07	0.06	0.035	0.02	0.015	0.015	0.03
0.07	0.155	0.23	0.17	0.11	0.07	0.045	0.04	0.055	0.015	0.005	0.035
0.105	0.145	0.155	0.215	0.11	0.07	0.03	0.06	0.03	0.02	0.01	0.05
0.1	0.205	0.19	0.1	0.135	0.07	0.085	0.005	0.035	0.015	0.02	0.04
0.09	0.2	0.26	0.12	0.095	0.065	0.04	0.035	0.01	0.005	0.02	0.06
0.105	0.185	0.25	0.17	0.075	0.075	0.06	0.03	0.025	0.005	0.005	0.015
0.135	0.215	0.155	0.16	0.115	0.055	0.06	0.035	0.015	0.01	0.015	0.03
0.135	0.225	0.235	0.13	0.065	0.065	0.01	0.045	0.03	0.02	0.02	0.02
0.13	0.25	0.24	0.145	0.03	0.065	0.04	0.015	0.05	0.01	0	0.025
0.09	0.16	0.24	0.18	0.1	0.045	0.05	0.07	0.01	0.025	0.005	0.025
0.12	0.185	0.195	0.195	0.115	0.06	0.03	0.04	0.02	0.015	0.01	0.015
0.105	0.255	0.205	0.16	0.115	0.06	0.045	0.02	0.015	0.01	0.005	0.005
0.12	0.23	0.205	0.15	0.105	0.065	0.015	0.045	0.015	0.03	0.005	0.015
0.08	0.24	0.22	0.16	0.085	0.07	0.045	0.055	0.01	0	0.005	0.03
0.18	0.165	0.25	0.105	0.095	0.06	0.055	0.035	0.01	0.015	0.01	0.02
0.21	0.265	0.17	0.12	0.09	0.075	0.04	0.02	0	0	0.005	0.005
0.125	0.285	0.235	0.105	0.075	0.07	0.025	0.035	0.015	0.015	0	0.015
#######LANDINGS DATA#######
1
30
160.863373714515	459.944459028129	738.252745783242	959.501965716551	737.131143896831	1260.49600538106	1195.12517992293	2255.590053975	1182.06144531855	1356.32899792081	1462.88528201062	1459.38842851704	1029.00219631567	1473.94283934103	1523.51326888768	1318.87861356657	2341.01864687248	1696.47937944399	1553.5460561621	1430.77754242546	1815.22463837077	1229.79791393704	1846.21390275597	1344.28268626056	1222.65885578885	1040.02486922132	959.039832371342	1236.36957277672	858.969538224242	1236.63057529555
0.01	0.01	0.01	0.01	0.01	0.01	0.01	0.01	0.01	0.01	0.01	0.01	0.01	0.01	0.01	0.01	0.01	0.01	0.01	0.01	0.01	0.01	0.01	0.01	0.01	0.01	0.01	0.01	0.01	0.01
30
1	2	3	4	5	6	7	8	9	10	11	12	13	14	15	16	17	18	19	20	21	22	23	24	25	26	27	28	29	30
200	200	200	200	200	200	200	200	200	200	200	200	200	200	200	200	200	200	200	200	200	200	200	200	200	200	200	200	200	200
200	200	200	200	200	200	200	200	200	200	200	200	200	200	200	200	200	200	200	200	200	200	200	200	200	200	200	200	200	200
0.095	0.1	0.125	0.105	0.13	0.07	0.065	0.065	0.05	0.02	0.025	0.15
0.065	0.105	0.095	0.15	0.11	0.09	0.04	0.045	0.06	0.02	0.045	0.175
0.04	0.1	0.125	0.135	0.12	0.09	0.08	0.065	0.04	0.03	0.035	0.14
0.095	0.08	0.115	0.1	0.095	0.115	0.06	0.045	0.04	0.04	0.04	0.175
0.055	0.135	0.08	0.11	0.15	0.075	0.07	0.05	0.075	0.055	0.025	0.12
0.045	0.09	0.165	0.085	0.13	0.065	0.075	0.065	0.055	0.035	0.035	0.155
0.07	0.08	0.12	0.17	0.08	0.095	0.065	0.075	0.04	0.04	0.04	0.125
0.12	0.105	0.1	0.075	0.15	0.065	0.075	0.06	0.045	0.035	0.03	0.14
0.13	0.145	0.105	0.145	0.06	0.115	0.065	0.055	0.025	0.025	0.03	0.1
0.075	0.14	0.18	0.105	0.1	0.045	0.08	0.025	0.075	0.045	0.04	0.09
0.1	0.125	0.19	0.155	0.06	0.085	0.02	0.07	0.035	0.045	0.015	0.1
0.13	0.17	0.15	0.14	0.12	0.055	0.08	0.04	0.035	0.01	0.02	0.05
0.085	0.135	0.15	0.155	0.165	0.095	0.075	0.035	0.01	0.02	0.02	0.055
0.105	0.205	0.175	0.16	0.08	0.07	0.025	0.025	0.025	0.03	0.025	0.075
0.085	0.125	0.245	0.15	0.11	0.07	0.06	0.035	0.045	0.015	0.01	0.05
0.105	0.155	0.155	0.205	0.115	0.075	0.045	0.055	0.03	0.005	0.015	0.04
0.145	0.17	0.165	0.145	0.105	0.055	0.075	0.035	0.035	0.015	0.015	0.04
0.105	0.17	0.205	0.105	0.115	0.095	0.075	0.025	0.025	0.025	0.005	0.05
0.13	0.13	0.265	0.145	0.07	0.08	0.06	0.04	0.02	0.015	0.01	0.035
0.14	0.2	0.14	0.14	0.15	0.035	0.07	0.055	0.02	0.01	0	0.04
0.155	0.175	0.21	0.1	0.14	0.08	0.03	0.03	0.04	0.005	0.01	0.025
0.12	0.25	0.205	0.12	0.09	0.08	0.05	0.01	0.02	0.01	0.01	0.035
0.135	0.19	0.25	0.155	0.095	0.05	0.04	0.045	0.01	0.01	0.015	0.005
0.165	0.185	0.16	0.14	0.135	0.105	0.025	0.045	0	0	0.005	0.035
0.13	0.175	0.2	0.175	0.115	0.065	0.04	0.025	0.02	0	0.01	0.045
0.16	0.185	0.215	0.14	0.105	0.085	0.04	0.025	0.015	0	0.005	0.025
0.07	0.21	0.205	0.185	0.105	0.095	0.05	0.01	0.02	0.015	0.015	0.02
0.195	0.125	0.215	0.16	0.125	0.065	0.03	0.045	0.005	0.015	0.005	0.015
0.19	0.22	0.15	0.145	0.085	0.09	0.045	0.02	0.015	0.005	0.01	0.025
0.17	0.285	0.195	0.105	0.11	0.045	0.03	0.01	0.02	0.02	0.005	0.005
#######PARAMETER SECTION#######
800	400	1200	-4	800	-0.25	1
0.18	0.01	1	-4	0.18	-0.25	1
-1.36	-5	-0.001	-4	-1.36	-0.25	1
0.1	0.05	0.3	-4	0.1	-0.25	1
0.2	0.01	0.5	-4	0.2	-0.25	1
0.75	0.20001	1	-3	0.75	-0.25	1
13.815511	-1	200	1	13.815511	-0.25	1
0	-1	1	-4	0	-0.25	1
0.2	1e-04	1.2	-3	0.2	-0.25	1
0	-10	10	-6	0	-1	1
0	-10	10	-6	0	-1	1
2	0	12	2	2	-0.5	1
1	0	12	2	1	-0.5	1
2	0	12	-2	2	-0.5	1
1	0	12	-2	1	-0.5	1
1.5	0	12	2	1.5	-0.5	1
2	0	12	2	2	-0.5	1
-14.8687083678054	-30	5	1	-14.8687083678054	-1	1
1	0.1	2	-1	1	-1	1
-1.54399197800355	-10	1.39	1	-1.54399197800355	-1	1
#######DEV CONSTRAINTS and DEVS#######
-15	15	2
-15	15	2
-15	15	2
0	0	0	0	0	0	0	0	0	0	0	0	0	0	0	0	0	0	0	0	0	0	0	0	0	0	0	0	0	0
0	0	0	0	0	0	0	0	0	0	0	0	0	0	0	0	0	0	0	0	0	0	0	0	0	0	0	0	0	0
0	0	0	0	0	0	0	0	0	0	0
#######LIKELIHOOD WEIGHTS#######
1
1
1
1
0
1
0
0
0
#######MISCELLANEOUS STUFF SECTION#######
2.5e-08
3
0.5	0.5	0.5	0.5	0.5	0.5	0.5	0.5	0.5	0.5	0.5	0.5
0.0229773699100256	0.320821300824607	0.904650535100891	0.994779874306442	0.999738809680904	0.999986992871533	0.999999352405202	0.999999967758134	0.999999998394772	0.99999999992008	0.999999999996021	0.999999999999802
0.2	0.2	0.2	0.2	0.2	0.2	0.2	0.2	0.2	0.2	0.2	0.2
0
1
10
0.2
1
1	0	0	0	0	0	0	0	0	0	0	0
0	1	0	0	0	0	0	0	0	0	0	0
0	0	1	0	0	0	0	0	0	0	0	0
0	0	0	1	0	0	0	0	0	0	0	0
0	0	0	0	1	0	0	0	0	0	0	0
0	0	0	0	0	1	0	0	0	0	0	0
0	0	0	0	0	0	1	0	0	0	0	0
0	0	0	0	0	0	0	1	0	0	0	0
0	0	0	0	0	0	0	0	1	0	0	0
0	0	0	0	0	0	0	0	0	1	0	0
0	0	0	0	0	0	0	0	0	0	1	0
0	0	0	0	0	0	0	0	0	0	0	1
40
31
2
1
#######END OF DATA FILE#######
999
