#######GENERAL HEADER INPUT#######
1
30
1
30
1
30
30
12
1	2	3	4	5	6	7	8	9	10	11	12
12
1	2	3	4	5	6	7	8	9	10	11	12
1
1001
1
1
#######SURVEY DATA#######
30
1	2	3	4	5	6	7	8	9	10	11	12	13	14	15	16	17	18	19	20	21	22	23	24	25	26	27	28	29	30
1.48309701857137	1.44093320720722	1.57109233261415	1.33674136023951	1.31898659679178	1.68839601828707	0.983024278701084	1.13977545912438	1.14097356049802	1.00200439112241	1.03912950463007	1.10590776484237	1.09417909379486	0.981172923382467	0.859336836907153	1.01038786903501	1.01882002613054	0.872094093177717	0.869732004890236	0.704032891236238	0.914220707227156	0.799694823517967	0.920675829691655	0.725557869545227	0.839323432239105	0.614890202068618	0.762630679051218	0.811911467360145	0.597142710236601	0.705795055568769
0.2	0.2	0.2	0.2	0.2	0.2	0.2	0.2	0.2	0.2	0.2	0.2	0.2	0.2	0.2	0.2	0.2	0.2	0.2	0.2	0.2	0.2	0.2	0.2	0.2	0.2	0.2	0.2	0.2	0.2
30
1	2	3	4	5	6	7	8	9	10	11	12	13	14	15	16	17	18	19	20	21	22	23	24	25	26	27	28	29	30
200	200	200	200	200	200	200	200	200	200	200	200	200	200	200	200	200	200	200	200	200	200	200	200	200	200	200	200	200	200
200	200	200	200	200	200	200	200	200	200	200	200	200	200	200	200	200	200	200	200	200	200	200	200	200	200	200	200	200	200
0.06	0.14	0.18	0.135	0.08	0.065	0.045	0.055	0.025	0.02	0.035	0.16
0.08	0.15	0.18	0.085	0.105	0.065	0.08	0.045	0.05	0.02	0.03	0.11
0.04	0.155	0.095	0.095	0.1	0.1	0.08	0.06	0.04	0.05	0.06	0.125
0.045	0.14	0.24	0.11	0.08	0.08	0.055	0.03	0.025	0.035	0.03	0.13
0.065	0.11	0.17	0.14	0.13	0.06	0.055	0.04	0.04	0.03	0.02	0.14
0.065	0.135	0.105	0.155	0.125	0.08	0.07	0.05	0.04	0.065	0.02	0.09
0.08	0.12	0.22	0.12	0.11	0.07	0.065	0.045	0.055	0.01	0.025	0.08
0.085	0.14	0.16	0.14	0.07	0.065	0.095	0.035	0.04	0.025	0.04	0.105
0.08	0.16	0.15	0.115	0.11	0.095	0.035	0.05	0.03	0.045	0.045	0.085
0.105	0.15	0.15	0.16	0.095	0.09	0.07	0.025	0.03	0.035	0.005	0.085
0.14	0.225	0.145	0.11	0.09	0.055	0.05	0.025	0.035	0.03	0.015	0.08
0.055	0.235	0.19	0.135	0.06	0.09	0.055	0.025	0.035	0.015	0.01	0.095
0.065	0.105	0.29	0.16	0.09	0.08	0.06	0.045	0.02	0.015	0.01	0.06
0.105	0.13	0.145	0.22	0.075	0.09	0.045	0.04	0.035	0.005	0.015	0.095
0.13	0.215	0.15	0.095	0.145	0.085	0.05	0.05	0.035	0.01	0.005	0.03
0.11	0.285	0.175	0.07	0.065	0.075	0.045	0.045	0.025	0.03	0.02	0.055
0.085	0.205	0.25	0.16	0.045	0.085	0.06	0.02	0.015	0.02	0.01	0.045
0.09	0.11	0.185	0.315	0.1	0.04	0.035	0.03	0.03	0.01	0.005	0.05
0.1	0.23	0.12	0.125	0.19	0.075	0.045	0.02	0.035	0.01	0.005	0.045
0.13	0.235	0.205	0.1	0.11	0.085	0.045	0.025	0.005	0.03	0	0.03
0.12	0.215	0.185	0.175	0.075	0.07	0.1	0.015	0.005	0	0.02	0.02
0.12	0.365	0.2	0.12	0.09	0.02	0.035	0.025	0.01	0.005	0	0.01
0.11	0.235	0.32	0.11	0.055	0.04	0.025	0.04	0.035	0.01	0.005	0.015
0.095	0.16	0.255	0.255	0.1	0.045	0.035	0.01	0.02	0	0.01	0.015
0.19	0.15	0.195	0.155	0.175	0.055	0.02	0.04	0.005	0	0.01	0.005
0.175	0.235	0.175	0.135	0.13	0.075	0.035	0.01	0.02	0	0	0.01
0.11	0.325	0.265	0.09	0.045	0.06	0.03	0.03	0.02	0.015	0.005	0.005
0.085	0.285	0.305	0.16	0.045	0.035	0.035	0.02	0.02	0.005	0.005	0
0.12	0.23	0.25	0.185	0.12	0.015	0.02	0.03	0.02	0.01	0	0
0.09	0.25	0.2	0.185	0.135	0.06	0.05	0.01	0	0.015	0.005	0
#######LANDINGS DATA#######
1
30
160.045284454622	460.42509652554	755.17773037329	985.29744297882	751.43969237887	1286.30472500797	1229.505310352	2317.77561813451	1221.66346660427	1393.01430805472	1450.97643342904	1471.31339210692	1023.017654201	1419.79152831776	1418.20453390981	1245.2303698994	2265.81671264343	1654.45901926448	1509.58278564969	1395.28516104463	1799.30586124342	1261.12639848717	1995.91377798077	1508.37014598211	1395.55657887046	1223.01201147929	1223.74273885416	1692.41731685778	1232.58672775592	1744.33147826331
0.01	0.01	0.01	0.01	0.01	0.01	0.01	0.01	0.01	0.01	0.01	0.01	0.01	0.01	0.01	0.01	0.01	0.01	0.01	0.01	0.01	0.01	0.01	0.01	0.01	0.01	0.01	0.01	0.01	0.01
30
1	2	3	4	5	6	7	8	9	10	11	12	13	14	15	16	17	18	19	20	21	22	23	24	25	26	27	28	29	30
200	200	200	200	200	200	200	200	200	200	200	200	200	200	200	200	200	200	200	200	200	200	200	200	200	200	200	200	200	200
200	200	200	200	200	200	200	200	200	200	200	200	200	200	200	200	200	200	200	200	200	200	200	200	200	200	200	200	200	200
0.07	0.085	0.17	0.08	0.125	0.09	0.08	0.07	0.04	0.03	0.025	0.135
0.065	0.125	0.15	0.105	0.11	0.095	0.055	0.05	0.045	0.055	0.035	0.11
0.04	0.125	0.125	0.1	0.125	0.075	0.05	0.095	0.045	0.035	0.025	0.16
0.07	0.095	0.14	0.155	0.085	0.095	0.055	0.06	0.065	0.04	0.03	0.11
0.05	0.075	0.095	0.195	0.095	0.095	0.08	0.065	0.04	0.025	0.045	0.14
0.075	0.115	0.075	0.07	0.125	0.09	0.105	0.095	0.04	0.045	0.04	0.125
0.085	0.125	0.105	0.115	0.08	0.11	0.085	0.08	0.045	0.045	0.03	0.095
0.045	0.16	0.165	0.115	0.08	0.09	0.05	0.05	0.055	0.055	0.02	0.115
0.095	0.125	0.1	0.19	0.08	0.08	0.075	0.06	0.035	0.025	0.025	0.11
0.08	0.145	0.14	0.115	0.14	0.095	0.07	0.035	0.04	0.03	0.02	0.09
0.15	0.175	0.1	0.135	0.085	0.075	0.08	0.01	0.015	0.06	0.005	0.11
0.035	0.195	0.17	0.15	0.085	0.11	0.06	0.055	0.045	0.015	0.015	0.065
0.055	0.125	0.275	0.11	0.095	0.07	0.09	0.045	0.025	0.01	0.015	0.085
0.105	0.07	0.105	0.22	0.11	0.08	0.06	0.06	0.06	0.03	0.02	0.08
0.19	0.215	0.08	0.075	0.18	0.085	0.05	0.025	0.035	0.005	0.02	0.04
0.09	0.155	0.225	0.095	0.08	0.11	0.09	0.025	0.02	0.035	0.015	0.06
0.085	0.135	0.26	0.175	0.065	0.07	0.075	0.02	0.02	0.02	0.01	0.065
0.125	0.13	0.175	0.215	0.12	0.045	0.035	0.065	0.015	0.015	0	0.06
0.155	0.215	0.125	0.18	0.095	0.08	0.04	0.03	0.025	0.01	0	0.045
0.135	0.2	0.205	0.16	0.095	0.08	0.03	0.015	0.01	0.025	0	0.045
0.215	0.18	0.14	0.2	0.055	0.075	0.045	0.03	0.01	0.005	0.005	0.04
0.165	0.24	0.115	0.175	0.13	0.03	0.055	0.025	0.025	0	0.01	0.03
0.095	0.21	0.3	0.14	0.085	0.07	0.02	0.045	0.005	0.015	0.005	0.01
0.14	0.14	0.195	0.235	0.09	0.08	0.04	0.02	0.025	0.005	0.01	0.02
0.22	0.17	0.155	0.16	0.125	0.05	0.055	0.04	0.005	0	0.01	0.01
0.175	0.195	0.165	0.13	0.11	0.12	0.03	0.015	0.015	0.01	0.01	0.025
0.135	0.265	0.22	0.135	0.075	0.075	0.06	0.015	0.005	0.005	0	0.01
0.095	0.22	0.29	0.14	0.05	0.075	0.04	0.05	0	0.015	0.01	0.015
0.205	0.195	0.25	0.175	0.075	0.025	0.01	0.015	0.04	0.005	0.005	0
0.16	0.24	0.215	0.1	0.15	0.025	0.03	0.025	0.03	0.015	0.005	0.005
#######PARAMETER SECTION#######
800	400	1200	-4	800	-0.25	1
0.18	0.01	1	-4	0.18	-0.25	1
-1.36	-5	-0.001	-4	-1.36	-0.25	1
0.1	0.05	0.3	-4	0.1	-0.25	1
0.2	0.01	0.5	-4	0.2	-0.25	1
0.75	0.20001	1	-3	0.75	-0.25	1
13.815511	-1	200	1	13.815511	-0.25	1
0	-1	1	-4	0	-0.25	1
0.2	1e-04	1.2	-3	0.2	-0.25	1
0	-10	10	-6	0	-1	1
0	-10	10	-6	0	-1	1
2	0	12	2	2	-0.5	1
1	0	12	2	1	-0.5	1
2	0	12	-2	2	-0.5	1
1	0	12	-2	1	-0.5	1
1.5	0	12	2	1.5	-0.5	1
2	0	12	2	2	-0.5	1
-14.91857138847	-30	5	1	-14.91857138847	-1	1
1	0.1	2	-1	1	-1	1
-1.54399197800355	-10	1.39	1	-1.54399197800355	-1	1
#######DEV CONSTRAINTS and DEVS#######
-15	15	2
-15	15	2
-15	15	2
0	0	0	0	0	0	0	0	0	0	0	0	0	0	0	0	0	0	0	0	0	0	0	0	0	0	0	0	0	0
0	0	0	0	0	0	0	0	0	0	0	0	0	0	0	0	0	0	0	0	0	0	0	0	0	0	0	0	0	0
0	0	0	0	0	0	0	0	0	0	0
#######LIKELIHOOD WEIGHTS#######
1
1
1
1
0
1
0
0
0
#######MISCELLANEOUS STUFF SECTION#######
2.5e-08
3
0.5	0.5	0.5	0.5	0.5	0.5	0.5	0.5	0.5	0.5	0.5	0.5
0.0229773699100256	0.320821300824607	0.904650535100891	0.994779874306442	0.999738809680904	0.999986992871533	0.999999352405202	0.999999967758134	0.999999998394772	0.99999999992008	0.999999999996021	0.999999999999802
0.2	0.2	0.2	0.2	0.2	0.2	0.2	0.2	0.2	0.2	0.2	0.2
0
1
10
0.2
1
1	0	0	0	0	0	0	0	0	0	0	0
0	1	0	0	0	0	0	0	0	0	0	0
0	0	1	0	0	0	0	0	0	0	0	0
0	0	0	1	0	0	0	0	0	0	0	0
0	0	0	0	1	0	0	0	0	0	0	0
0	0	0	0	0	1	0	0	0	0	0	0
0	0	0	0	0	0	1	0	0	0	0	0
0	0	0	0	0	0	0	1	0	0	0	0
0	0	0	0	0	0	0	0	1	0	0	0
0	0	0	0	0	0	0	0	0	1	0	0
0	0	0	0	0	0	0	0	0	0	1	0
0	0	0	0	0	0	0	0	0	0	0	1
40
31
2
1
#######END OF DATA FILE#######
999
