# Number of parameters = 77  Objective function value = 26269.2  Maximum gradient component = 0.00448984
# sel_params[1]:
1.97368408439
# sel_params[2]:
0.946988467165
# log_Fmult_year1:
 -4.65781516315
# log_Fmult_devs:
 1.08104261795 0.506326880659 0.299186403911 -0.232769802947 0.584372701059 0.0360902309938 0.732255793271 -0.551022257627 0.200431835613 0.130523732565 0.0712457329316 -0.324403372800 0.375100864134 0.0788063464276 -0.103581472253 0.663659065664 -0.206101584039 -0.0131245011636 -0.0141484935808 0.318180882381 -0.322026104229 0.492992119577 -0.187509746253 -0.00201594413198 -0.0887358103985 1.22261003188e-005 0.363310758611 -0.225887993487 0.486351292788
# log_recruit_devs:
 0.0439912121598 0.273452487127 0.0906266534401 0.153985951062 0.0883088675399 0.259939835652 0.0260258631432 -0.291141273471 -0.0241502017150 0.190100141889 -0.0549535860220 -0.243297128403 -0.424064924501 -0.167107066805 0.174635510225 0.0285108887380 0.168022315710 0.00328384251363 -0.246578608910 0.0321039058367 -0.157483199698 -0.335537815237 -0.181289185694 0.385495321791 -0.0104960334122 0.194739846522 0.122960861624 -0.204545017038 0.00540601437774 0.0990545215566
# log_N_year1_devs:
 -0.0668755188053 -0.0789703797759 -0.0502280007092 -0.0606010806374 -0.00755061539454 -0.256860612710 -0.179634721299 -0.375016208444 -0.277533761301 0.119862296151 -0.00145139871684
# log_q_year1:
 -7.86227642961
# log_q_devs:
 0.00000000000 0.00000000000 0.00000000000 0.00000000000 0.00000000000 0.00000000000 0.00000000000 0.00000000000 0.00000000000 0.00000000000 0.00000000000 0.00000000000 0.00000000000 0.00000000000 0.00000000000 0.00000000000 0.00000000000 0.00000000000 0.00000000000 0.00000000000 0.00000000000 0.00000000000 0.00000000000 0.00000000000 0.00000000000 0.00000000000 0.00000000000 0.00000000000 0.00000000000
# index_sel_params[1]:
1.56139524978
# index_sel_params[2]:
0.499659352453
# log_SR_scaler:
6.84083502290
# SR_steepness:
0.750000000000
