#styr												
1
#endyr												
30
#rec_age										
1															
#n_ages										
12
# numbers of length intervals
81
#Length	bin
10	11	12	13	14	15	16	17	18	19	20	21	22	23	24	25	26	27	28	29	30	31	32	33	34	35	36	37	38	39	40	41	42	43	44	45	46	47	48	49	50	51	52	53	54	55	56	57	58	59	60	61	62	63	64	65	66	67	68	69	70	71	72	73	74	75	76	77	78	79	80	81	82	83	84	85	86	87	88	89	90
#nfsh
1
#names_fsh
FLEET1												
#catch												
160.699558291751	460.8956559119	742.891896568014	954.599158643416	724.765766822313	1241.91846186822	1198.30422896125	2282.36887951786	1194.36620303274	1383.09720900878	1449.32115548994	1437.59182202619	982.529163496	1381.42999203162	1422.35532920315	1219.93034552222	2171.18511690679	1548.57918611495	1432.2054621459	1309.69643318098	1680.06944670247	1116.87628586287	1665.48262629865	1204.23837637814	1132.39998727659	1018.49859321442	1025.23368138138	1385.12116876751	1001.07105877809	1402.11565775833
#catch_cv											
0.01	0.01	0.01	0.01	0.01	0.01	0.01	0.01	0.01	0.01	0.01	0.01	0.01	0.01	0.01	0.01	0.01	0.01	0.01	0.01	0.01	0.01	0.01	0.01	0.01	0.01	0.01	0.01	0.01	0.01
#n_ages_fsh								
30		
#n_lengths_fsh								
0															
#yrs_ages_fsh								
1	2	3	4	5	6	7	8	9	10	11	12	13	14	15	16	17	18	19	20	21	22	23	24	25	26	27	28	29	30	
#sample_ages_fsh							
200	200	200	200	200	200	200	200	200	200	200	200	200	200	200	200	200	200	200	200	200	200	200	200	200	200	200	200	200	200
#page_fsh	2	3	4	5	6	7	8	9	10	11						
0.07	0.11	0.125	0.11	0.12	0.07	0.065	0.05	0.08	0.045	0.035	0.12
0.03	0.12	0.105	0.095	0.11	0.09	0.05	0.05	0.055	0.07	0.035	0.19
0.065	0.085	0.11	0.14	0.1	0.1	0.045	0.075	0.07	0.045	0.025	0.14
0.06	0.145	0.115	0.12	0.1	0.09	0.065	0.075	0.04	0.05	0.04	0.1
0.045	0.105	0.1	0.095	0.1	0.115	0.06	0.065	0.06	0.035	0.035	0.185
0.06	0.165	0.1	0.1	0.055	0.105	0.075	0.065	0.06	0.06	0.03	0.125
0.065	0.075	0.205	0.135	0.085	0.055	0.075	0.06	0.035	0.02	0.05	0.14
0.08	0.15	0.12	0.15	0.09	0.085	0.055	0.065	0.035	0.035	0.03	0.105
0.1	0.115	0.16	0.125	0.14	0.06	0.09	0.04	0.015	0.025	0.025	0.105
0.09	0.105	0.145	0.14	0.125	0.09	0.07	0.055	0.03	0.02	0.01	0.12
0.06	0.145	0.145	0.165	0.1	0.07	0.06	0.065	0.05	0.015	0.035	0.09
0.08	0.165	0.165	0.135	0.1	0.07	0.085	0.06	0.02	0.02	0.02	0.08
0.125	0.07	0.13	0.15	0.12	0.125	0.03	0.05	0.05	0.015	0.03	0.105
0.12	0.13	0.115	0.11	0.175	0.105	0.04	0.075	0.01	0.015	0.015	0.09
0.085	0.22	0.14	0.11	0.15	0.06	0.045	0.055	0.025	0.035	0.03	0.045
0.14	0.15	0.17	0.145	0.12	0.075	0.05	0.02	0.03	0.025	0.01	0.065
0.12	0.125	0.16	0.185	0.115	0.055	0.05	0.04	0.035	0.01	0.02	0.085
0.195	0.12	0.14	0.11	0.13	0.1	0.07	0.035	0.02	0.03	0.005	0.045
0.11	0.19	0.17	0.14	0.105	0.095	0.045	0.03	0.025	0.02	0.005	0.065
0.135	0.2	0.205	0.15	0.08	0.065	0.06	0.03	0.025	0.02	0.005	0.025
0.08	0.215	0.21	0.17	0.1	0.095	0.035	0.045	0.015	0.01	0	0.025
0.125	0.165	0.22	0.165	0.14	0.07	0.03	0.015	0.035	0.015	0.005	0.015
0.14	0.2	0.17	0.155	0.075	0.085	0.065	0.035	0.015	0.03	0.005	0.025
0.13	0.25	0.165	0.15	0.085	0.08	0.03	0.045	0.005	0.02	0.01	0.03
0.17	0.19	0.2	0.16	0.07	0.1	0.02	0.02	0.025	0.01	0.005	0.03
0.18	0.19	0.265	0.105	0.08	0.06	0.03	0.02	0.035	0.005	0.005	0.025
0.14	0.235	0.205	0.19	0.065	0.07	0.035	0.03	0.005	0.015	0.005	0.005
0.145	0.23	0.275	0.12	0.095	0.03	0.055	0.015	0.01	0	0.005	0.02
0.15	0.25	0.21	0.195	0.09	0.055	0.02	0.01	0.005	0.01	0	0.005
0.15	0.19	0.245	0.195	0.09	0.075	0.025	0.015	0.01	0	0	0.005
#wt_age_fsh	1 2	3	4	5	6	7	8	9	10	11						
0.000530656	0.001196328	0.002058265	0.003034987	0.004055212	0.005064698	0.006026226	0.006916921	0.007724891	0.008446113	0.009081853	0.009636695
0.000530656	0.001196328	0.002058265	0.003034987	0.004055212	0.005064698	0.006026226	0.006916921	0.007724891	0.008446113	0.009081853	0.009636695
0.000530656	0.001196328	0.002058265	0.003034987	0.004055212	0.005064698	0.006026226	0.006916921	0.007724891	0.008446113	0.009081853	0.009636695
0.000530656	0.001196328	0.002058265	0.003034987	0.004055212	0.005064698	0.006026226	0.006916921	0.007724891	0.008446113	0.009081853	0.009636695
0.000530656	0.001196328	0.002058265	0.003034987	0.004055212	0.005064698	0.006026226	0.006916921	0.007724891	0.008446113	0.009081853	0.009636695
0.000530656	0.001196328	0.002058265	0.003034987	0.004055212	0.005064698	0.006026226	0.006916921	0.007724891	0.008446113	0.009081853	0.009636695
0.000530656	0.001196328	0.002058265	0.003034987	0.004055212	0.005064698	0.006026226	0.006916921	0.007724891	0.008446113	0.009081853	0.009636695
0.000530656	0.001196328	0.002058265	0.003034987	0.004055212	0.005064698	0.006026226	0.006916921	0.007724891	0.008446113	0.009081853	0.009636695
0.000530656	0.001196328	0.002058265	0.003034987	0.004055212	0.005064698	0.006026226	0.006916921	0.007724891	0.008446113	0.009081853	0.009636695
0.000530656	0.001196328	0.002058265	0.003034987	0.004055212	0.005064698	0.006026226	0.006916921	0.007724891	0.008446113	0.009081853	0.009636695
0.000530656	0.001196328	0.002058265	0.003034987	0.004055212	0.005064698	0.006026226	0.006916921	0.007724891	0.008446113	0.009081853	0.009636695
0.000530656	0.001196328	0.002058265	0.003034987	0.004055212	0.005064698	0.006026226	0.006916921	0.007724891	0.008446113	0.009081853	0.009636695
0.000530656	0.001196328	0.002058265	0.003034987	0.004055212	0.005064698	0.006026226	0.006916921	0.007724891	0.008446113	0.009081853	0.009636695
0.000530656	0.001196328	0.002058265	0.003034987	0.004055212	0.005064698	0.006026226	0.006916921	0.007724891	0.008446113	0.009081853	0.009636695
0.000530656	0.001196328	0.002058265	0.003034987	0.004055212	0.005064698	0.006026226	0.006916921	0.007724891	0.008446113	0.009081853	0.009636695
0.000530656	0.001196328	0.002058265	0.003034987	0.004055212	0.005064698	0.006026226	0.006916921	0.007724891	0.008446113	0.009081853	0.009636695
0.000530656	0.001196328	0.002058265	0.003034987	0.004055212	0.005064698	0.006026226	0.006916921	0.007724891	0.008446113	0.009081853	0.009636695
0.000530656	0.001196328	0.002058265	0.003034987	0.004055212	0.005064698	0.006026226	0.006916921	0.007724891	0.008446113	0.009081853	0.009636695
0.000530656	0.001196328	0.002058265	0.003034987	0.004055212	0.005064698	0.006026226	0.006916921	0.007724891	0.008446113	0.009081853	0.009636695
0.000530656	0.001196328	0.002058265	0.003034987	0.004055212	0.005064698	0.006026226	0.006916921	0.007724891	0.008446113	0.009081853	0.009636695
0.000530656	0.001196328	0.002058265	0.003034987	0.004055212	0.005064698	0.006026226	0.006916921	0.007724891	0.008446113	0.009081853	0.009636695
0.000530656	0.001196328	0.002058265	0.003034987	0.004055212	0.005064698	0.006026226	0.006916921	0.007724891	0.008446113	0.009081853	0.009636695
0.000530656	0.001196328	0.002058265	0.003034987	0.004055212	0.005064698	0.006026226	0.006916921	0.007724891	0.008446113	0.009081853	0.009636695
0.000530656	0.001196328	0.002058265	0.003034987	0.004055212	0.005064698	0.006026226	0.006916921	0.007724891	0.008446113	0.009081853	0.009636695
0.000530656	0.001196328	0.002058265	0.003034987	0.004055212	0.005064698	0.006026226	0.006916921	0.007724891	0.008446113	0.009081853	0.009636695
0.000530656	0.001196328	0.002058265	0.003034987	0.004055212	0.005064698	0.006026226	0.006916921	0.007724891	0.008446113	0.009081853	0.009636695
0.000530656	0.001196328	0.002058265	0.003034987	0.004055212	0.005064698	0.006026226	0.006916921	0.007724891	0.008446113	0.009081853	0.009636695
0.000530656	0.001196328	0.002058265	0.003034987	0.004055212	0.005064698	0.006026226	0.006916921	0.007724891	0.008446113	0.009081853	0.009636695
0.000530656	0.001196328	0.002058265	0.003034987	0.004055212	0.005064698	0.006026226	0.006916921	0.007724891	0.008446113	0.009081853	0.009636695
0.000530656	0.001196328	0.002058265	0.003034987	0.004055212	0.005064698	0.006026226	0.006916921	0.007724891	0.008446113	0.009081853	0.009636695
#nind
1
#ind_names									
SURVEY1									
#nobs_ind
30
#yrs_ind											
1	2	3	4	5	6	7	8	9	10	11	12	13	14	15	16	17	18	19	20	21	22	23	24	25	26	27	28	29	30	
#month_ind										
1															
#biom_ind											
1.78207581715943	1.44618236187036	1.54323844625162	1.31238470414648	1.66502432362182	1.55742593619688	1.30525787840125	1.12075377507059	1.22435915970091	1.10636063223553	0.959725865368147	1.14329096382421	1.17879043433844	1.24733782898709	1.02710680238013	1.09861262039568	1.0706467774602	0.940532299042848	0.845514916255363	0.750531463063778	0.857233153316777	0.564402951647554	0.729194064638558	0.660261350609239	0.632308537397858	0.793609504704245	0.677380094125325	0.600420491745504	0.567732928522933	0.50011790842315
#biom_cv																
0.356415163431885	0.289236472374071	0.308647689250324	0.262476940829297	0.333004864724364	0.311485187239376	0.261051575680249	0.224150755014118	0.244871831940182	0.221272126447107	0.191945173073629	0.228658192764842	0.235758086867688	0.249467565797419	0.205421360476025	0.219722524079137	0.214129355492041	0.18810645980857	0.169102983251073	0.150106292612756	0.171446630663355	0.112880590329511	0.145838812927712	0.132052270121848	0.126461707479572	0.158721900940849	0.135476018825065	0.120084098349101	0.113546585704587	0.10002358168463
#n_ages_ind															
30			
#n_lengths_ind															
0															
#yrs_ages_ind															
1	2	3	4	5	6	7	8	9	10	11	12	13	14	15	16	17	18	19	20	21	22	23	24	25	26	27	28	29	30	
#sample_ages_ind					
200	200	200	200	200	200	200	200	200	200	200	200	200	200	200	200	200	200	200	200	200	200	200	200	200	200	200	200	200	200
#page_ind						
0.06	0.125	0.155	0.155	0.115	0.075	0.09	0.055	0.04	0.02	0.02	0.09
0.055	0.145	0.145	0.1	0.14	0.08	0.055	0.065	0.025	0.025	0.035	0.13
0.055	0.115	0.125	0.105	0.145	0.1	0.105	0.055	0.025	0.035	0.025	0.11
0.055	0.165	0.12	0.145	0.12	0.11	0.035	0.045	0.025	0.045	0.035	0.1
0.07	0.16	0.2	0.085	0.1	0.07	0.06	0.04	0.02	0.04	0.05	0.105
0.065	0.2	0.12	0.145	0.045	0.055	0.09	0.065	0.05	0.025	0.02	0.12
0.04	0.155	0.165	0.12	0.11	0.07	0.065	0.07	0.035	0.015	0.015	0.14
0.1	0.16	0.115	0.13	0.115	0.075	0.045	0.03	0.04	0.055	0.045	0.09
0.065	0.14	0.145	0.14	0.1	0.09	0.06	0.035	0.045	0.035	0.015	0.13
0.06	0.17	0.235	0.135	0.085	0.085	0.05	0.055	0.01	0.02	0.015	0.08
0.085	0.195	0.19	0.135	0.085	0.04	0.08	0.06	0.02	0.02	0.035	0.055
0.08	0.21	0.175	0.115	0.115	0.075	0.06	0.03	0.035	0.025	0.01	0.07
0.07	0.175	0.16	0.14	0.135	0.1	0.065	0.045	0.035	0.015	0.025	0.035
0.07	0.205	0.215	0.11	0.11	0.08	0.07	0.03	0.035	0.035	0.005	0.035
0.085	0.22	0.24	0.125	0.08	0.09	0.035	0.025	0.025	0.01	0.01	0.055
0.085	0.185	0.195	0.15	0.12	0.05	0.045	0.04	0.025	0.025	0.01	0.07
0.085	0.13	0.205	0.18	0.135	0.095	0.035	0.03	0.035	0.01	0.015	0.045
0.135	0.175	0.165	0.135	0.105	0.115	0.035	0.02	0.02	0.03	0.015	0.05
0.115	0.22	0.21	0.07	0.105	0.1	0.06	0.045	0.025	0.01	0.01	0.03
0.12	0.19	0.245	0.14	0.095	0.03	0.085	0.035	0.03	0.005	0	0.025
0.11	0.265	0.19	0.14	0.09	0.05	0.045	0.045	0.03	0.02	0.005	0.01
0.11	0.195	0.23	0.12	0.135	0.09	0.065	0.02	0.015	0	0.005	0.015
0.155	0.19	0.22	0.135	0.1	0.085	0.05	0.01	0.01	0.03	0.01	0.005
0.145	0.255	0.22	0.105	0.095	0.05	0.04	0.01	0.03	0.005	0.02	0.025
0.13	0.29	0.21	0.11	0.125	0.045	0.025	0.025	0.01	0	0.005	0.025
0.165	0.255	0.27	0.11	0.075	0.035	0.025	0.015	0.025	0.005	0	0.02
0.155	0.275	0.22	0.15	0.105	0.01	0.02	0.025	0.02	0.01	0.005	0.005
0.105	0.2	0.295	0.17	0.1	0.075	0.02	0.015	0.02	0	0	0
0.05	0.31	0.215	0.17	0.1	0.055	0.04	0.02	0.01	0.005	0.005	0.02
0.135	0.205	0.275	0.17	0.085	0.04	0.045	0.02	0.015	0	0.005	0.005
#wt_age_ind						
1 1 1 1 1 1 1 1 1 1 1 1 
1 1 1 1 1 1 1 1 1 1 1 1 
1 1 1 1 1 1 1 1 1 1 1 1 
1 1 1 1 1 1 1 1 1 1 1 1 
1 1 1 1 1 1 1 1 1 1 1 1 
1 1 1 1 1 1 1 1 1 1 1 1 
1 1 1 1 1 1 1 1 1 1 1 1 
1 1 1 1 1 1 1 1 1 1 1 1 
1 1 1 1 1 1 1 1 1 1 1 1 
1 1 1 1 1 1 1 1 1 1 1 1 
1 1 1 1 1 1 1 1 1 1 1 1 
1 1 1 1 1 1 1 1 1 1 1 1 
1 1 1 1 1 1 1 1 1 1 1 1 
1 1 1 1 1 1 1 1 1 1 1 1 
1 1 1 1 1 1 1 1 1 1 1 1 
1 1 1 1 1 1 1 1 1 1 1 1 
1 1 1 1 1 1 1 1 1 1 1 1 
1 1 1 1 1 1 1 1 1 1 1 1 
1 1 1 1 1 1 1 1 1 1 1 1 
1 1 1 1 1 1 1 1 1 1 1 1 
1 1 1 1 1 1 1 1 1 1 1 1 
1 1 1 1 1 1 1 1 1 1 1 1 
1 1 1 1 1 1 1 1 1 1 1 1 
1 1 1 1 1 1 1 1 1 1 1 1 
1 1 1 1 1 1 1 1 1 1 1 1 
1 1 1 1 1 1 1 1 1 1 1 1 
1 1 1 1 1 1 1 1 1 1 1 1 
1 1 1 1 1 1 1 1 1 1 1 1 
1 1 1 1 1 1 1 1 1 1 1 1 
1 1 1 1 1 1 1 1 1 1 1 1 
# wt_pop
0.000530656	0.001196328	0.002058265	0.003034987	0.004055212	0.005064698	0.006026226	0.006916921	0.007724891	0.008446113	0.009081853	0.009636695
#maturity
0.02297737 0.32082130 0.90465054 0.99477987 0.99973881 0.99998699 0.99999935 0.99999997 1 1 1 1
#spmonth						
1		
#age_err						
1	0	0	0	0	0	0	0	0	0	0	0
0	1	0	0	0	0	0	0	0	0	0	0
0	0	1	0	0	0	0	0	0	0	0	0
0	0	0	1	0	0	0	0	0	0	0	0
0	0	0	0	1	0	0	0	0	0	0	0
0	0	0	0	0	1	0	0	0	0	0	0
0	0	0	0	0	0	1	0	0	0	0	0
0	0	0	0	0	0	0	1	0	0	0	0
0	0	0	0	0	0	0	0	1	0	0	0
0	0	0	0	0	0	0	0	0	1	0	0
0	0	0	0	0	0	0	0	0	0	1	0
0	0	0	0	0	0	0	0	0	0	0	1																														
