# Number of parameters = 77  Objective function value = 26443.8  Maximum gradient component = 0.00133276
# sel_params[1]:
2.02432508401
# sel_params[2]:
1.08604478191
# log_Fmult_year1:
 -4.61880933110
# log_Fmult_devs:
 0.659535017192 0.582514012051 0.358489779677 0.403688851895 0.138117842328 -0.145091892871 0.649348436024 -0.219036753678 0.464289769276 -0.0727983681027 0.267778035056 -0.0771148782245 0.0881092922444 0.123882124315 0.132191577870 -0.414364734331 -0.0302109803174 0.511623752275 0.0781374004538 -0.320020781924 0.0807433749100 0.149866391164 -0.172862764047 0.190889882925 -0.194487863699 0.335073058912 0.193603823057 -0.186639282508 -0.00712145513209
# log_recruit_devs:
 0.0227521318023 -0.0115065612774 -0.204456837602 0.221876971404 -0.00824081488482 0.107379857788 0.126447179267 0.0186826573674 0.0999759203542 0.0559451880802 -0.229584536729 -0.186490598007 0.280354793568 0.101803233694 0.168732082549 0.0604819886813 -0.102302541731 -0.0838821066261 -0.219456908830 0.0387662151864 -0.0829165823688 -0.0317502457229 0.00802306075086 -0.0675779556724 0.0447582232085 0.0736356606994 -0.480440133863 0.178101586924 0.162928139508 -0.0620390675172
# log_N_year1_devs:
 0.0624737103762 -0.0312986097198 -0.0247491157303 -0.0395507406194 -0.0368584543104 -0.240094575466 -0.153178324054 0.0901391093651 -0.217846387664 0.144206598120 -0.196033242242
# log_q_year1:
 -7.97077682675
# log_q_devs:
 0.00000000000 0.00000000000 0.00000000000 0.00000000000 0.00000000000 0.00000000000 0.00000000000 0.00000000000 0.00000000000 0.00000000000 0.00000000000 0.00000000000 0.00000000000 0.00000000000 0.00000000000 0.00000000000 0.00000000000 0.00000000000 0.00000000000 0.00000000000 0.00000000000 0.00000000000 0.00000000000 0.00000000000 0.00000000000 0.00000000000 0.00000000000 0.00000000000 0.00000000000
# index_sel_params[1]:
1.49253738761
# index_sel_params[2]:
0.526750751625
# log_SR_scaler:
6.90917671489
# SR_steepness:
0.750000000000
