# Number of parameters = 77  Objective function value = 26381.5  Maximum gradient component = 0.00348064
# sel_params[1]:
1.98110541370
# sel_params[2]:
0.982482768032
# log_Fmult_year1:
 -4.58761031941
# log_Fmult_devs:
 1.04344756953 0.503739515922 0.297883391787 -0.244767569518 0.587434845392 0.00651281230831 0.747516506988 -0.552339002120 0.191458969022 0.122281969977 0.0686089227521 -0.322798575882 0.372783147271 0.0633806708290 -0.117267751641 0.663106257840 -0.205333142204 -0.00144122683905 -0.0113693939587 0.333398739819 -0.318191520583 0.488708218536 -0.203192429416 -0.0215217255165 -0.105107241790 -0.0182984710981 0.321000900800 -0.291876608361 0.381458903905
# log_recruit_devs:
 -0.0633331327397 -0.0499660498896 0.104008006506 -0.114336080951 -0.220777922284 -0.0873761769718 -0.00911253196707 0.364570397670 0.0269256330815 -0.0132330400446 -0.0689732351342 -0.173369578103 0.168414676617 0.130250461615 0.223623314428 -0.0209334467131 0.261621643713 -0.130257997349 -0.143396463781 -0.140619161379 0.275669573835 0.117812653401 -0.0701709859784 0.0126547783076 -0.253326107033 0.126296341502 -0.229875908025 -0.0668557545790 0.00783026928357 0.0362358229639
# log_N_year1_devs:
 -0.0361898738798 -0.0186957056807 -0.137323504712 -0.0627974570838 -0.0939434279786 -0.0541207631339 -0.342440020334 -0.138367237166 -0.431549255328 -0.174882502473 -0.110395074137
# log_q_year1:
 -7.96899652129
# log_q_devs:
 0.00000000000 0.00000000000 0.00000000000 0.00000000000 0.00000000000 0.00000000000 0.00000000000 0.00000000000 0.00000000000 0.00000000000 0.00000000000 0.00000000000 0.00000000000 0.00000000000 0.00000000000 0.00000000000 0.00000000000 0.00000000000 0.00000000000 0.00000000000 0.00000000000 0.00000000000 0.00000000000 0.00000000000 0.00000000000 0.00000000000 0.00000000000 0.00000000000 0.00000000000
# index_sel_params[1]:
1.60608062679
# index_sel_params[2]:
0.598086733774
# log_SR_scaler:
6.99625264327
# SR_steepness:
0.750000000000
