# Number of parameters = 77  Objective function value = 25670.8  Maximum gradient component = 0.000611350
# sel_params[1]:
2.03542880138
# sel_params[2]:
0.950697862346
# log_Fmult_year1:
 -4.58993297636
# log_Fmult_devs:
 1.04388290240 0.496941596647 0.290805105949 -0.228866489654 0.592232794043 0.00517672454510 0.741963293696 -0.538611676135 0.206598775315 0.123091411232 0.0830061642940 -0.328866120270 0.372040825891 0.0597431471177 -0.104615253748 0.671268422262 -0.191090039948 -0.0247936541807 0.00178677885252 0.351978782523 -0.300895493422 0.494833430804 -0.195451016147 -0.0228895644235 -0.102561711628 -0.0120675481603 0.370645802153 -0.214547180485 0.474189349751
# log_recruit_devs:
 -0.132635490822 0.459913021285 -0.134656134864 -0.323854626574 0.173371647941 0.356750997785 0.485118026910 0.238622335055 -0.0433939919756 -0.478176564001 0.548214696373 0.0664310697144 -0.0639138683252 0.00901211909703 -0.558602859916 0.330575213013 -0.268761743034 -0.195449249166 -0.286959463181 0.335587433080 -0.566943487948 -0.553360677077 0.123036546947 0.863846826930 -0.0862071070121 -0.199120047081 -0.157836942687 0.164812981151 -0.110063795890 0.00464313427201
# log_N_year1_devs:
 0.0397119217100 -0.0964394986346 -0.0190869937240 -0.0590837567048 -0.134753450409 -0.334086015519 -0.0748826704633 -0.0684910638674 -0.118533857756 0.00592552228581 -0.225500965718
# log_q_year1:
 -8.06639123431
# log_q_devs:
 0.00000000000 0.00000000000 0.00000000000 0.00000000000 0.00000000000 0.00000000000 0.00000000000 0.00000000000 0.00000000000 0.00000000000 0.00000000000 0.00000000000 0.00000000000 0.00000000000 0.00000000000 0.00000000000 0.00000000000 0.00000000000 0.00000000000 0.00000000000 0.00000000000 0.00000000000 0.00000000000 0.00000000000 0.00000000000 0.00000000000 0.00000000000 0.00000000000 0.00000000000
# index_sel_params[1]:
1.57358307545
# index_sel_params[2]:
0.550364303752
# log_SR_scaler:
7.07803580721
# SR_steepness:
0.750000000000
