#######GENERAL HEADER INPUT#######
1
30
1
30
1
30
30
12
1	2	3	4	5	6	7	8	9	10	11	12
12
1	2	3	4	5	6	7	8	9	10	11	12
1
1001
1
1
#######SURVEY DATA#######
30
1	2	3	4	5	6	7	8	9	10	11	12	13	14	15	16	17	18	19	20	21	22	23	24	25	26	27	28	29	30
1.73301400030345	1.86884222786452	1.877897092599	1.39341062130021	1.2806725039717	1.28764040946695	1.62483074185572	1.18076277302479	1.08138222725798	0.997889162032937	1.21123071924252	1.03110438137823	1.01894501027087	0.973765521529341	1.01238513238171	0.957630408322631	1.01616878398699	0.828749970127424	0.692924443881539	0.804867646180912	0.785500646447552	0.640219534990489	0.685344739487648	0.625995435451972	0.651609265704251	0.574614210865892	0.627739708573345	0.570117795091699	0.547244551067298	0.604844839539058
0.2	0.2	0.2	0.2	0.2	0.2	0.2	0.2	0.2	0.2	0.2	0.2	0.2	0.2	0.2	0.2	0.2	0.2	0.2	0.2	0.2	0.2	0.2	0.2	0.2	0.2	0.2	0.2	0.2	0.2
30
1	2	3	4	5	6	7	8	9	10	11	12	13	14	15	16	17	18	19	20	21	22	23	24	25	26	27	28	29	30
200	200	200	200	200	200	200	200	200	200	200	200	200	200	200	200	200	200	200	200	200	200	200	200	200	200	200	200	200	200
200	200	200	200	200	200	200	200	200	200	200	200	200	200	200	200	200	200	200	200	200	200	200	200	200	200	200	200	200	200
0.06	0.105	0.145	0.13	0.085	0.075	0.065	0.075	0.055	0.02	0.05	0.135
0.02	0.17	0.155	0.11	0.075	0.125	0.06	0.05	0.05	0.04	0.04	0.105
0.075	0.08	0.13	0.135	0.105	0.065	0.12	0.055	0.035	0.025	0.035	0.14
0.105	0.185	0.125	0.1	0.115	0.095	0.055	0.035	0.045	0.025	0.01	0.105
0.075	0.23	0.14	0.08	0.09	0.095	0.05	0.05	0.02	0.035	0.04	0.095
0.075	0.15	0.19	0.11	0.075	0.09	0.08	0.035	0.065	0.015	0.02	0.095
0.045	0.075	0.18	0.14	0.15	0.07	0.055	0.05	0.035	0.045	0.04	0.115
0.05	0.11	0.19	0.2	0.08	0.09	0.045	0.04	0.035	0.025	0.025	0.11
0.1	0.135	0.09	0.165	0.12	0.085	0.075	0.015	0.03	0.045	0.03	0.11
0.095	0.23	0.105	0.075	0.115	0.08	0.075	0.035	0.015	0.035	0.025	0.115
0.07	0.175	0.23	0.08	0.1	0.08	0.07	0.05	0.035	0.01	0.01	0.09
0.085	0.195	0.19	0.16	0.08	0.035	0.055	0.07	0.02	0.04	0.02	0.05
0.1	0.205	0.175	0.155	0.095	0.04	0.045	0.03	0.03	0.02	0.015	0.09
0.05	0.185	0.145	0.145	0.15	0.145	0.045	0.015	0.025	0.04	0.015	0.04
0.09	0.125	0.19	0.09	0.11	0.16	0.09	0.035	0.015	0.025	0.015	0.055
0.09	0.16	0.15	0.185	0.12	0.055	0.065	0.07	0.035	0.04	0.005	0.025
0.115	0.215	0.17	0.115	0.115	0.065	0.06	0.04	0.04	0.015	0	0.05
0.15	0.195	0.215	0.135	0.05	0.08	0.02	0.035	0.04	0.015	0.015	0.05
0.05	0.255	0.205	0.16	0.085	0.06	0.055	0.025	0.01	0.035	0.005	0.055
0.085	0.205	0.265	0.125	0.085	0.06	0.05	0.04	0.02	0.015	0.005	0.045
0.105	0.235	0.19	0.165	0.11	0.07	0.035	0.03	0.035	0.005	0.005	0.015
0.095	0.255	0.195	0.135	0.12	0.075	0.05	0.03	0	0.01	0.01	0.025
0.165	0.16	0.23	0.2	0.065	0.065	0.03	0.03	0.025	0	0.025	0.005
0.1	0.35	0.14	0.135	0.09	0.05	0.045	0.04	0.01	0.015	0	0.025
0.16	0.28	0.25	0.11	0.085	0.05	0.01	0.025	0.015	0.005	0	0.01
0.175	0.25	0.18	0.2	0.075	0.03	0.025	0.035	0.01	0	0.01	0.01
0.14	0.29	0.17	0.165	0.125	0.055	0.015	0.025	0.005	0.005	0.005	0
0.125	0.245	0.265	0.15	0.07	0.055	0.035	0.015	0	0.01	0.015	0.015
0.11	0.205	0.225	0.205	0.095	0.04	0.055	0.005	0.025	0.015	0.005	0.015
0.13	0.21	0.265	0.145	0.13	0.045	0.05	0.015	0.005	0.005	0	0
#######LANDINGS DATA#######
1
30
161.084848046617	458.288648414186	735.055192041177	953.435750946679	724.264925094093	1248.04719673154	1196.25274156659	2318.04718792159	1193.15259054016	1341.50672850672	1431.96881786335	1431.0674139619	984.301374705297	1372.8185290687	1370.9699721414	1162.56256524793	2028.88349178452	1472.92444565432	1367.463137684	1272.56747790539	1611.83601228902	1070.51144726443	1601.5982946934	1189.37690993088	1118.78722179393	1002.88219415658	995.382119054777	1359.47791664482	1010.24151407493	1423.77144726148
0.01	0.01	0.01	0.01	0.01	0.01	0.01	0.01	0.01	0.01	0.01	0.01	0.01	0.01	0.01	0.01	0.01	0.01	0.01	0.01	0.01	0.01	0.01	0.01	0.01	0.01	0.01	0.01	0.01	0.01
30
1	2	3	4	5	6	7	8	9	10	11	12	13	14	15	16	17	18	19	20	21	22	23	24	25	26	27	28	29	30
200	200	200	200	200	200	200	200	200	200	200	200	200	200	200	200	200	200	200	200	200	200	200	200	200	200	200	200	200	200
200	200	200	200	200	200	200	200	200	200	200	200	200	200	200	200	200	200	200	200	200	200	200	200	200	200	200	200	200	200
0.075	0.13	0.105	0.09	0.115	0.045	0.08	0.055	0.06	0.065	0.02	0.16
0.065	0.145	0.14	0.065	0.115	0.13	0.045	0.045	0.05	0.02	0.035	0.145
0.065	0.08	0.1	0.125	0.12	0.105	0.085	0.05	0.07	0.04	0.04	0.12
0.135	0.135	0.05	0.115	0.1	0.075	0.09	0.055	0.05	0.045	0.025	0.125
0.075	0.115	0.125	0.04	0.17	0.05	0.105	0.06	0.03	0.055	0.05	0.125
0.06	0.12	0.185	0.135	0.05	0.11	0.05	0.025	0.035	0.06	0.04	0.13
0.03	0.14	0.2	0.13	0.105	0.04	0.045	0.075	0.04	0.04	0.045	0.11
0.07	0.06	0.17	0.155	0.135	0.075	0.045	0.06	0.035	0.025	0.035	0.135
0.12	0.095	0.08	0.14	0.11	0.12	0.08	0.03	0.03	0.045	0.04	0.11
0.125	0.165	0.1	0.125	0.095	0.085	0.08	0.04	0.02	0.035	0.03	0.1
0.125	0.175	0.155	0.08	0.075	0.1	0.06	0.06	0.03	0.02	0.015	0.105
0.07	0.155	0.215	0.175	0.035	0.065	0.08	0.065	0.05	0.02	0.01	0.06
0.145	0.13	0.16	0.185	0.13	0.045	0.03	0.05	0.04	0.02	0.015	0.05
0.05	0.145	0.145	0.18	0.155	0.09	0.045	0.02	0.025	0.025	0.04	0.08
0.135	0.08	0.225	0.15	0.135	0.085	0.06	0.02	0.015	0.01	0.03	0.055
0.13	0.11	0.135	0.215	0.09	0.075	0.075	0.07	0.04	0.01	0.01	0.04
0.15	0.13	0.17	0.1	0.115	0.09	0.06	0.055	0.035	0.02	0.02	0.055
0.14	0.21	0.23	0.14	0.055	0.06	0.045	0.03	0.025	0.035	0.005	0.025
0.135	0.24	0.17	0.165	0.065	0.02	0.06	0.03	0.03	0.04	0.02	0.025
0.095	0.15	0.225	0.15	0.13	0.075	0.05	0.015	0.04	0.015	0.01	0.045
0.165	0.19	0.175	0.16	0.125	0.075	0.045	0.02	0.005	0.015	0.01	0.015
0.125	0.205	0.195	0.135	0.105	0.05	0.055	0.065	0.02	0.01	0.005	0.03
0.185	0.175	0.155	0.125	0.105	0.1	0.05	0.04	0.02	0.005	0.01	0.03
0.18	0.27	0.135	0.13	0.08	0.065	0.06	0.04	0.02	0.01	0.005	0.005
0.12	0.225	0.265	0.105	0.11	0.075	0.06	0.01	0.015	0.005	0.005	0.005
0.225	0.195	0.175	0.165	0.095	0.08	0.035	0.01	0.01	0	0	0.01
0.11	0.28	0.155	0.155	0.155	0.045	0.035	0.01	0.01	0.01	0.01	0.025
0.195	0.25	0.225	0.085	0.095	0.07	0.02	0.015	0.02	0.01	0.01	0.005
0.145	0.285	0.19	0.17	0.075	0.045	0.055	0.005	0.01	0.005	0.01	0.005
0.17	0.195	0.195	0.165	0.105	0.075	0.025	0.035	0.015	0.02	0	0
#######PARAMETER SECTION#######
800	400	1200	-4	800	-0.25	1
0.18	0.01	1	-4	0.18	-0.25	1
-1.36	-5	-0.001	-4	-1.36	-0.25	1
0.1	0.05	0.3	-4	0.1	-0.25	1
0.2	0.01	0.5	-4	0.2	-0.25	1
0.75	0.20001	1	-3	0.75	-0.25	1
13.815511	-1	200	1	13.815511	-0.25	1
0	-1	1	-4	0	-0.25	1
0.2	1e-04	1.2	-3	0.2	-0.25	1
0	-10	10	-6	0	-1	1
0	-10	10	-6	0	-1	1
2	0	12	2	2	-0.5	1
1	0	12	2	1	-0.5	1
2	0	12	-2	2	-0.5	1
1	0	12	-2	1	-0.5	1
1.5	0	12	2	1.5	-0.5	1
2	0	12	2	2	-0.5	1
-14.8285816858769	-30	5	1	-14.8285816858769	-1	1
1	0.1	2	-1	1	-1	1
-1.54399197800355	-10	1.39	1	-1.54399197800355	-1	1
#######DEV CONSTRAINTS and DEVS#######
-15	15	2
-15	15	2
-15	15	2
0	0	0	0	0	0	0	0	0	0	0	0	0	0	0	0	0	0	0	0	0	0	0	0	0	0	0	0	0	0
0	0	0	0	0	0	0	0	0	0	0	0	0	0	0	0	0	0	0	0	0	0	0	0	0	0	0	0	0	0
0	0	0	0	0	0	0	0	0	0	0
#######LIKELIHOOD WEIGHTS#######
1
1
1
1
0
1
0
0
0
#######MISCELLANEOUS STUFF SECTION#######
2.5e-08
3
0.5	0.5	0.5	0.5	0.5	0.5	0.5	0.5	0.5	0.5	0.5	0.5
0.0229773699100256	0.320821300824607	0.904650535100891	0.994779874306442	0.999738809680904	0.999986992871533	0.999999352405202	0.999999967758134	0.999999998394772	0.99999999992008	0.999999999996021	0.999999999999802
0.2	0.2	0.2	0.2	0.2	0.2	0.2	0.2	0.2	0.2	0.2	0.2
0
1
10
0.2
1
1	0	0	0	0	0	0	0	0	0	0	0
0	1	0	0	0	0	0	0	0	0	0	0
0	0	1	0	0	0	0	0	0	0	0	0
0	0	0	1	0	0	0	0	0	0	0	0
0	0	0	0	1	0	0	0	0	0	0	0
0	0	0	0	0	1	0	0	0	0	0	0
0	0	0	0	0	0	1	0	0	0	0	0
0	0	0	0	0	0	0	1	0	0	0	0
0	0	0	0	0	0	0	0	1	0	0	0
0	0	0	0	0	0	0	0	0	1	0	0
0	0	0	0	0	0	0	0	0	0	1	0
0	0	0	0	0	0	0	0	0	0	0	1
40
31
2
1
#######END OF DATA FILE#######
999
