#######GENERAL HEADER INPUT#######
1
30
1
30
1
30
30
12
1	2	3	4	5	6	7	8	9	10	11	12
12
1	2	3	4	5	6	7	8	9	10	11	12
1
1001
1
1
#######SURVEY DATA#######
30
1	2	3	4	5	6	7	8	9	10	11	12	13	14	15	16	17	18	19	20	21	22	23	24	25	26	27	28	29	30
1.55005701236316	1.68026741162792	1.60665862500825	1.38841809851219	1.52601487183949	1.28636704327635	1.27483871416206	1.31832510897783	1.0092970776802	1.24007175675	1.21674702922175	1.09841407966748	0.882078826911166	0.86331850699742	0.976528854533137	0.757564192181003	1.06946792638419	0.963277466552258	0.853691711183762	0.853310479663741	0.860377841640139	0.712485531039813	0.758724918212924	0.865953994694317	0.643226733936229	0.715160296281093	0.640374371143455	0.567977390032619	0.542676242888207	0.620302163040468
0.2	0.2	0.2	0.2	0.2	0.2	0.2	0.2	0.2	0.2	0.2	0.2	0.2	0.2	0.2	0.2	0.2	0.2	0.2	0.2	0.2	0.2	0.2	0.2	0.2	0.2	0.2	0.2	0.2	0.2
30
1	2	3	4	5	6	7	8	9	10	11	12	13	14	15	16	17	18	19	20	21	22	23	24	25	26	27	28	29	30
200	200	200	200	200	200	200	200	200	200	200	200	200	200	200	200	200	200	200	200	200	200	200	200	200	200	200	200	200	200
200	200	200	200	200	200	200	200	200	200	200	200	200	200	200	200	200	200	200	200	200	200	200	200	200	200	200	200	200	200
0.09	0.13	0.16	0.115	0.12	0.085	0.07	0.04	0.05	0.015	0.025	0.1
0.07	0.15	0.13	0.105	0.135	0.07	0.055	0.035	0.05	0.02	0.045	0.135
0.05	0.165	0.115	0.11	0.105	0.075	0.045	0.075	0.065	0.045	0.025	0.125
0.065	0.08	0.14	0.14	0.085	0.11	0.065	0.065	0.07	0.035	0.03	0.115
0.09	0.155	0.095	0.135	0.13	0.075	0.045	0.06	0.035	0.03	0.015	0.135
0.07	0.11	0.15	0.115	0.12	0.07	0.065	0.04	0.045	0.03	0.04	0.145
0.045	0.135	0.16	0.105	0.095	0.12	0.07	0.06	0.025	0.05	0.03	0.105
0.055	0.12	0.15	0.185	0.105	0.055	0.06	0.065	0.045	0.025	0.02	0.115
0.055	0.12	0.14	0.18	0.105	0.065	0.06	0.065	0.05	0.04	0.045	0.075
0.08	0.115	0.21	0.13	0.13	0.065	0.065	0.025	0.035	0.045	0.03	0.07
0.09	0.15	0.155	0.145	0.06	0.09	0.105	0.055	0.025	0.015	0.01	0.1
0.055	0.245	0.195	0.105	0.1	0.08	0.05	0.03	0.025	0.02	0.025	0.07
0.09	0.155	0.225	0.165	0.075	0.075	0.04	0.035	0.035	0.025	0.015	0.065
0.115	0.165	0.195	0.145	0.125	0.045	0.085	0.025	0.025	0.01	0.01	0.055
0.075	0.235	0.18	0.14	0.115	0.065	0.04	0.04	0.01	0.025	0.03	0.045
0.17	0.17	0.18	0.12	0.11	0.045	0.08	0.015	0.005	0.015	0.015	0.075
0.085	0.23	0.17	0.145	0.105	0.06	0.05	0.035	0.01	0.04	0.015	0.055
0.19	0.175	0.25	0.11	0.125	0.035	0.025	0.04	0.02	0.015	0.005	0.01
0.045	0.29	0.215	0.14	0.055	0.08	0.03	0.055	0.02	0.02	0.01	0.04
0.12	0.175	0.29	0.145	0.07	0.07	0.045	0.015	0.01	0.02	0.02	0.02
0.115	0.265	0.135	0.21	0.105	0.055	0.015	0.025	0.02	0.02	0.01	0.025
0.095	0.33	0.225	0.1	0.13	0.045	0.01	0.015	0.01	0.01	0.015	0.015
0.095	0.24	0.225	0.175	0.06	0.075	0.045	0.03	0.005	0.02	0.01	0.02
0.135	0.17	0.225	0.19	0.15	0.03	0.04	0.025	0.015	0	0.005	0.015
0.11	0.335	0.115	0.18	0.1	0.07	0.01	0.045	0.02	0.01	0	0.005
0.12	0.25	0.275	0.07	0.075	0.08	0.04	0.02	0.04	0.005	0.005	0.02
0.1	0.215	0.245	0.16	0.1	0.06	0.04	0.055	0.005	0.015	0	0.005
0.15	0.165	0.225	0.17	0.13	0.03	0.025	0.03	0.025	0	0.015	0.035
0.12	0.27	0.17	0.17	0.11	0.06	0.04	0.02	0.01	0.02	0.005	0.005
0.115	0.315	0.225	0.085	0.14	0.025	0.045	0	0.025	0.015	0	0.01
#######LANDINGS DATA#######
1
30
161.861768832884	465.439240848744	738.106830267679	965.646955968471	732.829231871792	1260.57756546928	1188.09285824144	2282.72528385671	1182.99686942255	1310.44015362198	1374.16660535405	1351.52951309183	920.511379385063	1287.67140697365	1293.47660556158	1112.06186469766	1971.1030471309	1446.15005684899	1354.75377975527	1290.6183392813	1685.92576683357	1173.70833037501	1825.79849077029	1332.69367873402	1214.98378085468	1080.45897548532	1046.21707931836	1367.03301234541	969.186880171698	1391.42464828385
0.01	0.01	0.01	0.01	0.01	0.01	0.01	0.01	0.01	0.01	0.01	0.01	0.01	0.01	0.01	0.01	0.01	0.01	0.01	0.01	0.01	0.01	0.01	0.01	0.01	0.01	0.01	0.01	0.01	0.01
30
1	2	3	4	5	6	7	8	9	10	11	12	13	14	15	16	17	18	19	20	21	22	23	24	25	26	27	28	29	30
200	200	200	200	200	200	200	200	200	200	200	200	200	200	200	200	200	200	200	200	200	200	200	200	200	200	200	200	200	200
200	200	200	200	200	200	200	200	200	200	200	200	200	200	200	200	200	200	200	200	200	200	200	200	200	200	200	200	200	200
0.065	0.115	0.12	0.145	0.12	0.07	0.05	0.06	0.07	0.06	0.03	0.095
0.06	0.12	0.16	0.12	0.105	0.07	0.05	0.07	0.05	0.04	0.035	0.12
0.07	0.1	0.12	0.11	0.09	0.115	0.09	0.05	0.065	0.045	0.03	0.115
0.085	0.105	0.14	0.09	0.12	0.09	0.06	0.065	0.05	0.03	0.03	0.135
0.08	0.14	0.09	0.105	0.085	0.095	0.08	0.065	0.045	0.065	0.025	0.125
0.07	0.12	0.18	0.1	0.11	0.115	0.085	0.04	0.06	0.015	0.025	0.08
0.065	0.115	0.125	0.135	0.095	0.09	0.04	0.09	0.045	0.03	0.05	0.12
0.09	0.09	0.135	0.13	0.12	0.08	0.045	0.045	0.04	0.04	0.03	0.155
0.095	0.125	0.09	0.13	0.13	0.125	0.04	0.055	0.08	0.045	0.02	0.065
0.1	0.08	0.19	0.12	0.12	0.075	0.08	0.04	0.015	0.025	0.02	0.135
0.13	0.15	0.115	0.095	0.08	0.1	0.09	0.06	0.04	0.04	0.02	0.08
0.085	0.135	0.2	0.135	0.105	0.065	0.055	0.05	0.025	0.02	0.02	0.105
0.105	0.125	0.215	0.195	0.035	0.085	0.035	0.045	0.035	0.015	0.03	0.08
0.1	0.135	0.12	0.165	0.12	0.06	0.09	0.03	0.055	0.025	0.01	0.09
0.11	0.215	0.12	0.115	0.095	0.09	0.045	0.05	0.015	0.02	0.03	0.095
0.135	0.155	0.195	0.145	0.095	0.07	0.07	0.055	0.03	0	0.01	0.04
0.14	0.205	0.09	0.185	0.095	0.06	0.06	0.03	0.025	0.03	0.02	0.06
0.145	0.16	0.13	0.14	0.1	0.105	0.06	0.055	0.035	0.02	0.005	0.045
0.07	0.225	0.23	0.135	0.105	0.085	0.04	0.035	0.015	0.01	0.01	0.04
0.155	0.095	0.27	0.165	0.095	0.06	0.065	0.025	0.015	0.02	0.005	0.03
0.155	0.285	0.115	0.15	0.1	0.05	0.05	0.025	0.015	0.01	0.01	0.035
0.115	0.23	0.245	0.075	0.14	0.07	0.05	0.025	0.005	0.02	0.005	0.02
0.095	0.19	0.25	0.155	0.075	0.1	0.03	0.035	0.015	0.02	0.015	0.02
0.165	0.175	0.135	0.195	0.16	0.045	0.055	0.025	0.01	0.01	0.015	0.01
0.12	0.215	0.145	0.175	0.135	0.09	0.04	0.03	0.01	0.015	0	0.025
0.155	0.165	0.255	0.13	0.095	0.11	0.035	0.02	0.025	0	0	0.01
0.1	0.235	0.205	0.165	0.105	0.055	0.035	0.04	0.005	0.02	0.01	0.025
0.18	0.145	0.25	0.125	0.105	0.03	0.065	0.045	0.025	0.005	0.015	0.01
0.165	0.28	0.18	0.16	0.13	0.025	0.02	0.02	0.01	0	0	0.01
0.13	0.265	0.25	0.105	0.085	0.095	0.035	0.015	0.01	0.005	0.005	0
#######PARAMETER SECTION#######
800	400	1200	-4	800	-0.25	1
0.18	0.01	1	-4	0.18	-0.25	1
-1.36	-5	-0.001	-4	-1.36	-0.25	1
0.1	0.05	0.3	-4	0.1	-0.25	1
0.2	0.01	0.5	-4	0.2	-0.25	1
0.75	0.20001	1	-3	0.75	-0.25	1
13.815511	-1	200	1	13.815511	-0.25	1
0	-1	1	-4	0	-0.25	1
0.2	1e-04	1.2	-3	0.2	-0.25	1
0	-10	10	-6	0	-1	1
0	-10	10	-6	0	-1	1
2	0	12	2	2	-0.5	1
1	0	12	2	1	-0.5	1
2	0	12	-2	2	-0.5	1
1	0	12	-2	1	-0.5	1
1.5	0	12	2	1.5	-0.5	1
2	0	12	2	2	-0.5	1
-14.8273370443212	-30	5	1	-14.8273370443212	-1	1
1	0.1	2	-1	1	-1	1
-1.54399197800355	-10	1.39	1	-1.54399197800355	-1	1
#######DEV CONSTRAINTS and DEVS#######
-15	15	2
-15	15	2
-15	15	2
0	0	0	0	0	0	0	0	0	0	0	0	0	0	0	0	0	0	0	0	0	0	0	0	0	0	0	0	0	0
0	0	0	0	0	0	0	0	0	0	0	0	0	0	0	0	0	0	0	0	0	0	0	0	0	0	0	0	0	0
0	0	0	0	0	0	0	0	0	0	0
#######LIKELIHOOD WEIGHTS#######
1
1
1
1
0
1
0
0
0
#######MISCELLANEOUS STUFF SECTION#######
2.5e-08
3
0.5	0.5	0.5	0.5	0.5	0.5	0.5	0.5	0.5	0.5	0.5	0.5
0.0229773699100256	0.320821300824607	0.904650535100891	0.994779874306442	0.999738809680904	0.999986992871533	0.999999352405202	0.999999967758134	0.999999998394772	0.99999999992008	0.999999999996021	0.999999999999802
0.2	0.2	0.2	0.2	0.2	0.2	0.2	0.2	0.2	0.2	0.2	0.2
0
1
10
0.2
1
1	0	0	0	0	0	0	0	0	0	0	0
0	1	0	0	0	0	0	0	0	0	0	0
0	0	1	0	0	0	0	0	0	0	0	0
0	0	0	1	0	0	0	0	0	0	0	0
0	0	0	0	1	0	0	0	0	0	0	0
0	0	0	0	0	1	0	0	0	0	0	0
0	0	0	0	0	0	1	0	0	0	0	0
0	0	0	0	0	0	0	1	0	0	0	0
0	0	0	0	0	0	0	0	1	0	0	0
0	0	0	0	0	0	0	0	0	1	0	0
0	0	0	0	0	0	0	0	0	0	1	0
0	0	0	0	0	0	0	0	0	0	0	1
40
31
2
1
#######END OF DATA FILE#######
999
