#######GENERAL HEADER INPUT#######
1
30
1
30
1
30
30
12
1	2	3	4	5	6	7	8	9	10	11	12
12
1	2	3	4	5	6	7	8	9	10	11	12
1
1001
1
1
#######SURVEY DATA#######
30
1	2	3	4	5	6	7	8	9	10	11	12	13	14	15	16	17	18	19	20	21	22	23	24	25	26	27	28	29	30
1.60076486057105	1.7164909679003	1.51302410852581	1.56313238499038	1.61255906807835	1.6239740121985	1.46360317165194	1.16470469358996	0.96036790988205	0.911565027658121	1.0532978907884	0.964271190388156	1.00286811142238	0.861154181377629	1.16517309464537	1.14737829039492	0.878098303376406	0.937368948549539	0.74470040952954	0.7621886557056	0.703128774021678	0.663312787314811	0.657651485854312	0.698194809660185	0.707499889855606	0.676583738798825	0.515529645228239	0.605780116828874	0.630805253524073	0.597357632240383
0.2	0.2	0.2	0.2	0.2	0.2	0.2	0.2	0.2	0.2	0.2	0.2	0.2	0.2	0.2	0.2	0.2	0.2	0.2	0.2	0.2	0.2	0.2	0.2	0.2	0.2	0.2	0.2	0.2	0.2
30
1	2	3	4	5	6	7	8	9	10	11	12	13	14	15	16	17	18	19	20	21	22	23	24	25	26	27	28	29	30
200	200	200	200	200	200	200	200	200	200	200	200	200	200	200	200	200	200	200	200	200	200	200	200	200	200	200	200	200	200
200	200	200	200	200	200	200	200	200	200	200	200	200	200	200	200	200	200	200	200	200	200	200	200	200	200	200	200	200	200
0.04	0.155	0.145	0.13	0.115	0.075	0.085	0.04	0.015	0.03	0.05	0.12
0.055	0.11	0.155	0.11	0.11	0.07	0.08	0.045	0.045	0.02	0.045	0.155
0.035	0.145	0.195	0.115	0.07	0.09	0.055	0.045	0.02	0.055	0.045	0.13
0.025	0.105	0.185	0.1	0.155	0.08	0.06	0.085	0.025	0.04	0.025	0.115
0.07	0.145	0.115	0.09	0.145	0.105	0.075	0.04	0.025	0.035	0.025	0.13
0.045	0.14	0.175	0.13	0.135	0.085	0.055	0.035	0.035	0.025	0.035	0.105
0.055	0.105	0.165	0.205	0.095	0.085	0.06	0.05	0.07	0.03	0.02	0.06
0.07	0.14	0.165	0.14	0.11	0.085	0.055	0.035	0.035	0.045	0.015	0.105
0.055	0.2	0.14	0.125	0.125	0.1	0.05	0.045	0.04	0.015	0.005	0.1
0.09	0.19	0.195	0.11	0.07	0.105	0.035	0.035	0.03	0.035	0.02	0.085
0.03	0.185	0.195	0.165	0.105	0.07	0.075	0.025	0.035	0.015	0.025	0.075
0.085	0.16	0.215	0.13	0.13	0.06	0.04	0.04	0.03	0.035	0.005	0.07
0.095	0.2	0.205	0.165	0.09	0.09	0.015	0.015	0.04	0.025	0.01	0.05
0.09	0.17	0.185	0.145	0.1	0.075	0.07	0.035	0.02	0.025	0.02	0.065
0.12	0.17	0.16	0.135	0.095	0.105	0.04	0.04	0.07	0.01	0.015	0.04
0.095	0.225	0.165	0.135	0.105	0.045	0.08	0.03	0.04	0.015	0.005	0.06
0.06	0.24	0.23	0.12	0.11	0.075	0.06	0.02	0.035	0.02	0.005	0.025
0.105	0.18	0.175	0.155	0.075	0.095	0.06	0.03	0.055	0.03	0.01	0.03
0.1	0.23	0.15	0.145	0.155	0.065	0.035	0.04	0.025	0.02	0.005	0.03
0.08	0.185	0.22	0.14	0.11	0.055	0.075	0.03	0.02	0.04	0.03	0.015
0.115	0.23	0.18	0.165	0.11	0.045	0.07	0.03	0.02	0	0.005	0.03
0.14	0.135	0.24	0.115	0.135	0.09	0.055	0.015	0.015	0.01	0.015	0.035
0.14	0.195	0.175	0.21	0.055	0.09	0.015	0.055	0.035	0.02	0	0.01
0.1	0.315	0.22	0.105	0.08	0.05	0.025	0.025	0.025	0.015	0.01	0.03
0.12	0.21	0.34	0.13	0.055	0.075	0.015	0.025	0	0.015	0.01	0.005
0.06	0.265	0.19	0.195	0.13	0.06	0.045	0.015	0.02	0.01	0.005	0.005
0.12	0.175	0.27	0.11	0.13	0.09	0.015	0.03	0.015	0.03	0.005	0.01
0.165	0.315	0.15	0.15	0.11	0.065	0.03	0.01	0	0	0	0.005
0.125	0.23	0.305	0.095	0.095	0.06	0.055	0.01	0.005	0.005	0	0.015
0.11	0.24	0.255	0.165	0.055	0.075	0.045	0.01	0.025	0.005	0.01	0.005
#######LANDINGS DATA#######
1
30
160.16821465978	462.289288165356	745.217062005568	958.342906133271	736.591324395443	1271.66446617005	1213.94032668635	2314.97727600761	1204.46868727324	1367.51005020465	1435.41341821599	1453.02872101036	995.550653969414	1392.49016807039	1389.53870419506	1209.74037424133	2185.02524015934	1589.65621049992	1439.33936727168	1315.7188351537	1645.90643619269	1082.72971319969	1629.9518279271	1206.79978993707	1165.68257014009	1034.00340908425	1012.44045611552	1326.99754542119	976.053146791132	1397.35633199948
0.01	0.01	0.01	0.01	0.01	0.01	0.01	0.01	0.01	0.01	0.01	0.01	0.01	0.01	0.01	0.01	0.01	0.01	0.01	0.01	0.01	0.01	0.01	0.01	0.01	0.01	0.01	0.01	0.01	0.01
30
1	2	3	4	5	6	7	8	9	10	11	12	13	14	15	16	17	18	19	20	21	22	23	24	25	26	27	28	29	30
200	200	200	200	200	200	200	200	200	200	200	200	200	200	200	200	200	200	200	200	200	200	200	200	200	200	200	200	200	200
200	200	200	200	200	200	200	200	200	200	200	200	200	200	200	200	200	200	200	200	200	200	200	200	200	200	200	200	200	200
0.08	0.075	0.125	0.12	0.09	0.085	0.06	0.105	0.055	0.04	0.025	0.14
0.065	0.11	0.135	0.1	0.12	0.095	0.09	0.06	0.045	0.055	0.015	0.11
0.085	0.1	0.135	0.08	0.13	0.095	0.065	0.05	0.045	0.025	0.04	0.15
0.085	0.1	0.125	0.13	0.12	0.095	0.075	0.04	0.025	0.035	0.02	0.15
0.085	0.11	0.105	0.115	0.1	0.085	0.095	0.03	0.045	0.02	0.05	0.16
0.035	0.115	0.155	0.115	0.09	0.085	0.11	0.06	0.05	0.03	0.035	0.12
0.07	0.095	0.14	0.12	0.075	0.1	0.115	0.035	0.055	0.04	0.02	0.135
0.105	0.07	0.11	0.115	0.13	0.06	0.105	0.035	0.05	0.04	0.04	0.14
0.085	0.135	0.11	0.105	0.115	0.08	0.055	0.04	0.045	0.065	0.05	0.115
0.13	0.135	0.145	0.12	0.075	0.1	0.075	0.03	0.04	0.005	0.02	0.125
0.105	0.15	0.125	0.19	0.07	0.04	0.055	0.06	0.04	0.035	0.025	0.105
0.12	0.115	0.185	0.165	0.105	0.045	0.055	0.065	0.01	0.03	0.02	0.085
0.13	0.115	0.18	0.145	0.125	0.08	0.04	0.035	0.03	0.025	0.025	0.07
0.125	0.175	0.13	0.155	0.145	0.085	0.04	0.015	0.015	0.015	0.01	0.09
0.18	0.15	0.155	0.175	0.06	0.075	0.04	0.045	0.01	0.025	0.015	0.07
0.135	0.165	0.13	0.165	0.115	0.08	0.035	0.04	0.015	0.005	0.035	0.08
0.09	0.195	0.195	0.115	0.115	0.07	0.07	0.055	0.035	0.005	0.015	0.04
0.1	0.17	0.185	0.165	0.055	0.09	0.065	0.025	0.035	0.04	0.01	0.06
0.135	0.175	0.19	0.12	0.11	0.065	0.06	0.05	0.035	0.025	0.005	0.03
0.135	0.195	0.19	0.095	0.19	0.055	0.05	0.025	0.015	0.025	0	0.025
0.1	0.15	0.18	0.22	0.085	0.08	0.09	0.03	0.005	0.02	0.01	0.03
0.14	0.115	0.21	0.14	0.14	0.095	0.06	0.035	0.015	0.01	0.01	0.03
0.16	0.195	0.135	0.155	0.075	0.08	0.06	0.06	0.025	0.02	0.01	0.025
0.165	0.24	0.2	0.14	0.1	0.075	0.02	0.01	0.015	0.005	0.01	0.02
0.145	0.175	0.29	0.145	0.06	0.065	0.045	0.015	0.01	0	0.035	0.015
0.07	0.185	0.195	0.285	0.11	0.045	0.035	0.03	0.02	0.005	0.01	0.01
0.155	0.135	0.215	0.175	0.12	0.065	0.045	0.035	0.01	0.02	0.01	0.015
0.185	0.23	0.155	0.175	0.115	0.06	0.03	0.01	0	0.02	0.01	0.01
0.16	0.225	0.235	0.12	0.125	0.045	0.045	0.02	0	0.015	0.005	0.005
0.165	0.17	0.23	0.185	0.08	0.06	0.04	0.035	0.02	0.01	0	0.005
#######PARAMETER SECTION#######
800	400	1200	-4	800	-0.25	1
0.18	0.01	1	-4	0.18	-0.25	1
-1.36	-5	-0.001	-4	-1.36	-0.25	1
0.1	0.05	0.3	-4	0.1	-0.25	1
0.2	0.01	0.5	-4	0.2	-0.25	1
0.75	0.20001	1	-3	0.75	-0.25	1
13.815511	-1	200	1	13.815511	-0.25	1
0	-1	1	-4	0	-0.25	1
0.2	1e-04	1.2	-3	0.2	-0.25	1
0	-10	10	-6	0	-1	1
0	-10	10	-6	0	-1	1
2	0	12	2	2	-0.5	1
1	0	12	2	1	-0.5	1
2	0	12	-2	2	-0.5	1
1	0	12	-2	1	-0.5	1
1.5	0	12	2	1.5	-0.5	1
2	0	12	2	2	-0.5	1
-14.847903633391	-30	5	1	-14.847903633391	-1	1
1	0.1	2	-1	1	-1	1
-1.54399197800355	-10	1.39	1	-1.54399197800355	-1	1
#######DEV CONSTRAINTS and DEVS#######
-15	15	2
-15	15	2
-15	15	2
0	0	0	0	0	0	0	0	0	0	0	0	0	0	0	0	0	0	0	0	0	0	0	0	0	0	0	0	0	0
0	0	0	0	0	0	0	0	0	0	0	0	0	0	0	0	0	0	0	0	0	0	0	0	0	0	0	0	0	0
0	0	0	0	0	0	0	0	0	0	0
#######LIKELIHOOD WEIGHTS#######
1
1
1
1
0
1
0
0
0
#######MISCELLANEOUS STUFF SECTION#######
2.5e-08
3
0.5	0.5	0.5	0.5	0.5	0.5	0.5	0.5	0.5	0.5	0.5	0.5
0.0229773699100256	0.320821300824607	0.904650535100891	0.994779874306442	0.999738809680904	0.999986992871533	0.999999352405202	0.999999967758134	0.999999998394772	0.99999999992008	0.999999999996021	0.999999999999802
0.2	0.2	0.2	0.2	0.2	0.2	0.2	0.2	0.2	0.2	0.2	0.2
0
1
10
0.2
1
1	0	0	0	0	0	0	0	0	0	0	0
0	1	0	0	0	0	0	0	0	0	0	0
0	0	1	0	0	0	0	0	0	0	0	0
0	0	0	1	0	0	0	0	0	0	0	0
0	0	0	0	1	0	0	0	0	0	0	0
0	0	0	0	0	1	0	0	0	0	0	0
0	0	0	0	0	0	1	0	0	0	0	0
0	0	0	0	0	0	0	1	0	0	0	0
0	0	0	0	0	0	0	0	1	0	0	0
0	0	0	0	0	0	0	0	0	1	0	0
0	0	0	0	0	0	0	0	0	0	1	0
0	0	0	0	0	0	0	0	0	0	0	1
40
31
2
1
#######END OF DATA FILE#######
999
