#######GENERAL HEADER INPUT#######
1
30
1
30
1
30
30
12
1	2	3	4	5	6	7	8	9	10	11	12
12
1	2	3	4	5	6	7	8	9	10	11	12
1
1001
1
1
#######SURVEY DATA#######
30
1	2	3	4	5	6	7	8	9	10	11	12	13	14	15	16	17	18	19	20	21	22	23	24	25	26	27	28	29	30
1.40815496585399	1.46134479816962	1.58009626084116	1.53745937613175	1.50465918581565	1.5528735296808	1.44784859666977	1.51050153007667	1.02743396815163	1.19759414185686	1.20927181040695	1.10274404179472	0.945545513356136	1.15087057132548	0.956537097803814	0.899840267054847	0.982232027255687	0.711465228532071	0.693074132660032	0.721200765264784	0.720839108005082	0.780876002896389	0.764042892698586	0.640361309645263	0.491908647639593	0.523180208837168	0.567944652626426	0.626071198709532	0.543251461162559	0.515650129007614
0.2	0.2	0.2	0.2	0.2	0.2	0.2	0.2	0.2	0.2	0.2	0.2	0.2	0.2	0.2	0.2	0.2	0.2	0.2	0.2	0.2	0.2	0.2	0.2	0.2	0.2	0.2	0.2	0.2	0.2
30
1	2	3	4	5	6	7	8	9	10	11	12	13	14	15	16	17	18	19	20	21	22	23	24	25	26	27	28	29	30
200	200	200	200	200	200	200	200	200	200	200	200	200	200	200	200	200	200	200	200	200	200	200	200	200	200	200	200	200	200
200	200	200	200	200	200	200	200	200	200	200	200	200	200	200	200	200	200	200	200	200	200	200	200	200	200	200	200	200	200
0.08	0.095	0.13	0.135	0.125	0.075	0.08	0.035	0.045	0.03	0.045	0.125
0.07	0.12	0.14	0.125	0.13	0.09	0.08	0.06	0.01	0.03	0.03	0.115
0.03	0.135	0.14	0.16	0.12	0.075	0.07	0.035	0.055	0.03	0.025	0.125
0.08	0.145	0.155	0.12	0.13	0.07	0.06	0.07	0.03	0.04	0.005	0.095
0.07	0.165	0.18	0.115	0.07	0.05	0.055	0.04	0.06	0.005	0.045	0.145
0.085	0.19	0.11	0.125	0.135	0.095	0.045	0.025	0.015	0.03	0.015	0.13
0.055	0.175	0.16	0.125	0.13	0.08	0.06	0.075	0.01	0.03	0.02	0.08
0.025	0.145	0.265	0.2	0.075	0.08	0.045	0.02	0.04	0.015	0.02	0.07
0.1	0.1	0.135	0.16	0.15	0.105	0.04	0.05	0.03	0.005	0.015	0.11
0.085	0.175	0.15	0.14	0.11	0.085	0.045	0.055	0.03	0.02	0.015	0.09
0.05	0.19	0.24	0.11	0.055	0.085	0.08	0.055	0.04	0.02	0.02	0.055
0.11	0.185	0.22	0.125	0.075	0.045	0.07	0.045	0.035	0.01	0.02	0.06
0.03	0.185	0.18	0.17	0.105	0.065	0.03	0.045	0.035	0.025	0.025	0.105
0.035	0.18	0.205	0.11	0.1	0.075	0.045	0.03	0.09	0.025	0.015	0.09
0.14	0.15	0.155	0.2	0.12	0.08	0.04	0.025	0.035	0.01	0.015	0.03
0.035	0.29	0.165	0.105	0.165	0.075	0.03	0.025	0.025	0.015	0.025	0.045
0.09	0.125	0.25	0.115	0.09	0.13	0.055	0.025	0.02	0.01	0.02	0.07
0.085	0.12	0.16	0.215	0.095	0.075	0.07	0.065	0.04	0.02	0.01	0.045
0.105	0.205	0.21	0.09	0.135	0.07	0.07	0.055	0.02	0.015	0.005	0.02
0.125	0.19	0.185	0.125	0.055	0.15	0.025	0.03	0.045	0.01	0.015	0.045
0.23	0.18	0.175	0.115	0.07	0.04	0.06	0.02	0.01	0.03	0.02	0.05
0.115	0.325	0.16	0.125	0.065	0.075	0.03	0.035	0.005	0.015	0.015	0.035
0.06	0.17	0.395	0.11	0.125	0.055	0.025	0.03	0.005	0.01	0	0.015
0.11	0.2	0.23	0.3	0.07	0.025	0.015	0	0.02	0.02	0.005	0.005
0.165	0.24	0.145	0.145	0.17	0.055	0.02	0	0.015	0.01	0.01	0.025
0.12	0.335	0.185	0.06	0.115	0.1	0.04	0.01	0	0.005	0.01	0.02
0.12	0.26	0.26	0.13	0.05	0.055	0.06	0.005	0.03	0.015	0	0.015
0.08	0.285	0.185	0.18	0.095	0.07	0.03	0.035	0.025	0	0	0.015
0.175	0.18	0.22	0.17	0.14	0.035	0.02	0.01	0.035	0	0.005	0.01
0.13	0.32	0.125	0.175	0.11	0.08	0.02	0.015	0	0.01	0.005	0.01
#######LANDINGS DATA#######
1
30
161.934223542119	464.29453515514	749.56966596496	976.183731896428	764.459025890234	1338.47698147273	1327.84965977772	2567.56446768951	1377.95147247648	1557.14205509305	1641.94200361191	1632.52107231302	1135.19121814833	1619.2906580055	1640.41444079171	1388.02413225875	2432.00634997343	1689.47339167103	1471.39471307306	1314.65630171307	1647.53587022919	1119.25216983338	1734.25869989299	1271.16699898003	1161.83262483519	1031.68221144285	1012.34069244453	1354.63289103874	962.691825493283	1362.38486780241
0.01	0.01	0.01	0.01	0.01	0.01	0.01	0.01	0.01	0.01	0.01	0.01	0.01	0.01	0.01	0.01	0.01	0.01	0.01	0.01	0.01	0.01	0.01	0.01	0.01	0.01	0.01	0.01	0.01	0.01
30
1	2	3	4	5	6	7	8	9	10	11	12	13	14	15	16	17	18	19	20	21	22	23	24	25	26	27	28	29	30
200	200	200	200	200	200	200	200	200	200	200	200	200	200	200	200	200	200	200	200	200	200	200	200	200	200	200	200	200	200
200	200	200	200	200	200	200	200	200	200	200	200	200	200	200	200	200	200	200	200	200	200	200	200	200	200	200	200	200	200
0.04	0.1	0.16	0.16	0.105	0.085	0.07	0.06	0.035	0.045	0.05	0.09
0.07	0.1	0.135	0.165	0.085	0.09	0.065	0.06	0.015	0.04	0.045	0.13
0.045	0.135	0.12	0.095	0.075	0.085	0.09	0.055	0.07	0.07	0.015	0.145
0.105	0.075	0.145	0.12	0.095	0.095	0.08	0.03	0.04	0.055	0.05	0.11
0.095	0.11	0.15	0.15	0.075	0.065	0.05	0.07	0.05	0.03	0.02	0.135
0.07	0.13	0.135	0.14	0.135	0.07	0.035	0.03	0.05	0.03	0.005	0.17
0.06	0.165	0.175	0.135	0.13	0.065	0.07	0.03	0.035	0.025	0.01	0.1
0.075	0.07	0.185	0.16	0.095	0.1	0.07	0.07	0.045	0.02	0.005	0.105
0.08	0.095	0.115	0.175	0.115	0.095	0.08	0.055	0.045	0.035	0.03	0.08
0.075	0.15	0.1	0.11	0.08	0.13	0.055	0.09	0.035	0.04	0.015	0.12
0.09	0.125	0.17	0.07	0.06	0.09	0.125	0.055	0.055	0.025	0.02	0.115
0.13	0.12	0.15	0.16	0.11	0.045	0.09	0.06	0.045	0.01	0.03	0.05
0.145	0.155	0.145	0.155	0.105	0.045	0.05	0.05	0.025	0.03	0.03	0.065
0.06	0.125	0.225	0.125	0.19	0.095	0.03	0.01	0.045	0.025	0.01	0.06
0.135	0.095	0.18	0.175	0.115	0.075	0.04	0.045	0.035	0.03	0.02	0.055
0.045	0.23	0.13	0.135	0.15	0.045	0.095	0.05	0.035	0.015	0.015	0.055
0.075	0.11	0.33	0.065	0.125	0.105	0.05	0.025	0.01	0.03	0.005	0.07
0.09	0.105	0.17	0.24	0.105	0.065	0.08	0.01	0.025	0.045	0.01	0.055
0.125	0.18	0.12	0.105	0.195	0.09	0.045	0.04	0.005	0.015	0.03	0.05
0.11	0.165	0.125	0.145	0.085	0.16	0.025	0.04	0.035	0.035	0.025	0.05
0.185	0.16	0.155	0.12	0.085	0.045	0.105	0.025	0.03	0.035	0.015	0.04
0.105	0.27	0.145	0.175	0.11	0.06	0.02	0.04	0.01	0.015	0.02	0.03
0.105	0.145	0.27	0.13	0.115	0.09	0.035	0.01	0.055	0.02	0.01	0.015
0.11	0.12	0.18	0.27	0.12	0.03	0.06	0.03	0.005	0.04	0	0.035
0.14	0.185	0.17	0.125	0.225	0.05	0.025	0.03	0.01	0.005	0.015	0.02
0.135	0.25	0.185	0.16	0.055	0.105	0.04	0.01	0.02	0	0.015	0.025
0.135	0.27	0.23	0.12	0.055	0.055	0.06	0.02	0.02	0	0.005	0.03
0.065	0.195	0.245	0.19	0.115	0.055	0.015	0.07	0.035	0.005	0	0.01
0.22	0.17	0.21	0.155	0.1	0.05	0.035	0.03	0.01	0.015	0	0.005
0.16	0.25	0.135	0.205	0.07	0.075	0.05	0.025	0.005	0.015	0.005	0.005
#######PARAMETER SECTION#######
800	400	1200	-4	800	-0.25	1
0.18	0.01	1	-4	0.18	-0.25	1
-1.36	-5	-0.001	-4	-1.36	-0.25	1
0.1	0.05	0.3	-4	0.1	-0.25	1
0.2	0.01	0.5	-4	0.2	-0.25	1
0.75	0.20001	1	-3	0.75	-0.25	1
13.815511	-1	200	1	13.815511	-0.25	1
0	-1	1	-4	0	-0.25	1
0.2	1e-04	1.2	-3	0.2	-0.25	1
0	-10	10	-6	0	-1	1
0	-10	10	-6	0	-1	1
2	0	12	2	2	-0.5	1
1	0	12	2	1	-0.5	1
2	0	12	-2	2	-0.5	1
1	0	12	-2	1	-0.5	1
1.5	0	12	2	1.5	-0.5	1
2	0	12	2	2	-0.5	1
-14.9201129928893	-30	5	1	-14.9201129928893	-1	1
1	0.1	2	-1	1	-1	1
-1.54399197800355	-10	1.39	1	-1.54399197800355	-1	1
#######DEV CONSTRAINTS and DEVS#######
-15	15	2
-15	15	2
-15	15	2
0	0	0	0	0	0	0	0	0	0	0	0	0	0	0	0	0	0	0	0	0	0	0	0	0	0	0	0	0	0
0	0	0	0	0	0	0	0	0	0	0	0	0	0	0	0	0	0	0	0	0	0	0	0	0	0	0	0	0	0
0	0	0	0	0	0	0	0	0	0	0
#######LIKELIHOOD WEIGHTS#######
1
1
1
1
0
1
0
0
0
#######MISCELLANEOUS STUFF SECTION#######
2.5e-08
3
0.5	0.5	0.5	0.5	0.5	0.5	0.5	0.5	0.5	0.5	0.5	0.5
0.0229773699100256	0.320821300824607	0.904650535100891	0.994779874306442	0.999738809680904	0.999986992871533	0.999999352405202	0.999999967758134	0.999999998394772	0.99999999992008	0.999999999996021	0.999999999999802
0.2	0.2	0.2	0.2	0.2	0.2	0.2	0.2	0.2	0.2	0.2	0.2
0
1
10
0.2
1
1	0	0	0	0	0	0	0	0	0	0	0
0	1	0	0	0	0	0	0	0	0	0	0
0	0	1	0	0	0	0	0	0	0	0	0
0	0	0	1	0	0	0	0	0	0	0	0
0	0	0	0	1	0	0	0	0	0	0	0
0	0	0	0	0	1	0	0	0	0	0	0
0	0	0	0	0	0	1	0	0	0	0	0
0	0	0	0	0	0	0	1	0	0	0	0
0	0	0	0	0	0	0	0	1	0	0	0
0	0	0	0	0	0	0	0	0	1	0	0
0	0	0	0	0	0	0	0	0	0	1	0
0	0	0	0	0	0	0	0	0	0	0	1
40
31
2
1
#######END OF DATA FILE#######
999
