#######GENERAL HEADER INPUT#######
1
30
1
30
1
30
30
12
1	2	3	4	5	6	7	8	9	10	11	12
12
1	2	3	4	5	6	7	8	9	10	11	12
1
1001
1
1
#######SURVEY DATA#######
30
1	2	3	4	5	6	7	8	9	10	11	12	13	14	15	16	17	18	19	20	21	22	23	24	25	26	27	28	29	30
1.27831186149597	1.31254919989817	1.25899790578403	1.43863967727134	1.38327702475111	1.46949013383243	1.25540906179139	1.11957425372612	1.09056889913425	1.14848833124008	1.02753272034988	0.959264800666271	1.04202206715612	1.09028691418093	0.973127254932225	1.25476380629034	1.04179334191305	0.93307614110466	0.992338640431575	0.670857722873002	0.782737552060508	0.839190936216697	0.690887501982596	0.666942809589877	0.687312916780167	0.605762881448927	0.619863729158601	0.609504761472894	0.537988779114055	0.522609454318256
0.2	0.2	0.2	0.2	0.2	0.2	0.2	0.2	0.2	0.2	0.2	0.2	0.2	0.2	0.2	0.2	0.2	0.2	0.2	0.2	0.2	0.2	0.2	0.2	0.2	0.2	0.2	0.2	0.2	0.2
30
1	2	3	4	5	6	7	8	9	10	11	12	13	14	15	16	17	18	19	20	21	22	23	24	25	26	27	28	29	30
200	200	200	200	200	200	200	200	200	200	200	200	200	200	200	200	200	200	200	200	200	200	200	200	200	200	200	200	200	200
200	200	200	200	200	200	200	200	200	200	200	200	200	200	200	200	200	200	200	200	200	200	200	200	200	200	200	200	200	200
0.045	0.125	0.13	0.125	0.105	0.075	0.075	0.06	0.065	0.045	0.015	0.135
0.08	0.165	0.085	0.125	0.09	0.07	0.055	0.085	0.07	0.065	0.03	0.08
0.11	0.165	0.13	0.105	0.08	0.09	0.055	0.055	0.035	0.03	0.025	0.12
0.05	0.125	0.155	0.105	0.125	0.105	0.06	0.03	0.03	0.055	0.015	0.145
0.045	0.12	0.18	0.145	0.085	0.025	0.06	0.05	0.05	0.08	0.025	0.135
0.06	0.145	0.115	0.095	0.145	0.08	0.07	0.055	0.06	0.04	0.035	0.1
0.08	0.145	0.11	0.13	0.155	0.05	0.065	0.04	0.005	0.06	0.02	0.14
0.065	0.195	0.175	0.11	0.07	0.095	0.065	0.03	0.04	0.035	0.02	0.1
0.095	0.15	0.17	0.085	0.11	0.085	0.095	0.05	0.03	0.03	0.025	0.075
0.075	0.17	0.155	0.19	0.075	0.04	0.025	0.05	0.04	0.02	0.02	0.14
0.09	0.15	0.16	0.115	0.145	0.055	0.045	0.02	0.06	0.035	0.03	0.095
0.08	0.185	0.17	0.15	0.075	0.06	0.06	0.04	0.025	0.055	0.015	0.085
0.08	0.225	0.235	0.11	0.07	0.07	0.035	0.05	0.025	0.03	0.015	0.055
0.095	0.185	0.165	0.135	0.13	0.06	0.075	0.025	0.03	0.01	0.025	0.065
0.09	0.175	0.255	0.1	0.115	0.075	0.055	0.03	0.03	0.01	0.02	0.045
0.12	0.18	0.15	0.12	0.135	0.105	0.065	0.025	0.04	0.015	0.015	0.03
0.12	0.2	0.195	0.12	0.125	0.06	0.065	0.03	0.025	0.01	0.01	0.04
0.12	0.185	0.285	0.13	0.085	0.06	0.055	0.03	0.005	0.01	0.01	0.025
0.05	0.19	0.235	0.235	0.105	0.07	0.025	0.025	0.03	0.005	0.005	0.025
0.08	0.19	0.18	0.185	0.155	0.065	0.04	0.06	0.01	0.01	0.01	0.015
0.14	0.185	0.19	0.14	0.08	0.135	0.025	0.015	0.025	0.01	0.015	0.04
0.115	0.25	0.225	0.135	0.07	0.04	0.075	0.045	0.01	0	0.015	0.02
0.11	0.255	0.25	0.1	0.1	0.065	0.025	0.03	0.02	0.015	0.015	0.015
0.13	0.21	0.255	0.185	0.065	0.055	0.015	0.04	0.025	0	0.005	0.015
0.08	0.33	0.19	0.185	0.04	0.07	0.035	0.01	0.02	0.02	0	0.02
0.145	0.175	0.335	0.125	0.095	0.065	0.01	0.015	0	0.02	0.005	0.01
0.12	0.255	0.195	0.16	0.12	0.065	0.03	0.025	0.005	0.01	0.005	0.01
0.09	0.26	0.255	0.09	0.125	0.085	0.055	0.03	0	0.005	0	0.005
0.155	0.2	0.24	0.17	0.04	0.095	0.015	0.035	0.015	0.015	0	0.02
0.095	0.25	0.225	0.15	0.14	0.025	0.04	0.035	0.015	0	0.01	0.015
#######LANDINGS DATA#######
1
30
161.112669774487	461.736465427353	738.917580569957	979.392016730139	755.337713478795	1293.79619545642	1220.52637277282	2348.30676562902	1232.64993384438	1396.71940363041	1463.04567287483	1449.03013024882	1004.73470599681	1401.09853899913	1433.82140769155	1233.71133026368	2278.80765326615	1693.86702634025	1565.69961476072	1449.32690813174	1783.64556009826	1177.43959032826	1780.62172253001	1326.47803757278	1253.21955043807	1098.57817561115	1068.48019123682	1384.90816878228	982.125938132833	1364.01501367361
0.01	0.01	0.01	0.01	0.01	0.01	0.01	0.01	0.01	0.01	0.01	0.01	0.01	0.01	0.01	0.01	0.01	0.01	0.01	0.01	0.01	0.01	0.01	0.01	0.01	0.01	0.01	0.01	0.01	0.01
30
1	2	3	4	5	6	7	8	9	10	11	12	13	14	15	16	17	18	19	20	21	22	23	24	25	26	27	28	29	30
200	200	200	200	200	200	200	200	200	200	200	200	200	200	200	200	200	200	200	200	200	200	200	200	200	200	200	200	200	200
200	200	200	200	200	200	200	200	200	200	200	200	200	200	200	200	200	200	200	200	200	200	200	200	200	200	200	200	200	200
0.075	0.095	0.12	0.125	0.1	0.09	0.09	0.04	0.045	0.05	0.05	0.12
0.065	0.105	0.12	0.1	0.1	0.055	0.08	0.075	0.03	0.065	0.045	0.16
0.07	0.125	0.105	0.11	0.115	0.115	0.08	0.04	0.05	0.05	0.025	0.115
0.06	0.125	0.165	0.15	0.1	0.07	0.05	0.035	0.035	0.045	0.02	0.145
0.07	0.06	0.125	0.15	0.095	0.08	0.08	0.06	0.05	0.04	0.02	0.17
0.06	0.15	0.09	0.15	0.095	0.045	0.08	0.065	0.04	0.05	0.035	0.14
0.085	0.12	0.105	0.085	0.135	0.1	0.06	0.07	0.05	0.03	0.05	0.11
0.085	0.11	0.135	0.11	0.1	0.14	0.065	0.035	0.05	0.035	0.025	0.11
0.115	0.125	0.15	0.125	0.07	0.1	0.075	0.05	0.055	0.025	0.015	0.095
0.07	0.135	0.18	0.135	0.075	0.09	0.05	0.055	0.03	0.025	0.035	0.12
0.105	0.175	0.1	0.135	0.105	0.1	0.04	0.035	0.035	0.05	0.03	0.09
0.1	0.12	0.15	0.15	0.1	0.09	0.06	0.08	0.02	0.025	0.02	0.085
0.11	0.15	0.18	0.115	0.12	0.075	0.045	0.025	0.05	0.02	0.015	0.095
0.1	0.22	0.11	0.15	0.105	0.08	0.065	0.025	0.045	0.02	0	0.08
0.085	0.185	0.21	0.125	0.125	0.075	0.06	0.03	0.025	0.015	0.02	0.045
0.2	0.12	0.13	0.18	0.07	0.09	0.06	0.045	0.03	0.02	0.02	0.035
0.11	0.215	0.175	0.135	0.125	0.06	0.05	0.035	0.015	0.02	0.02	0.04
0.135	0.165	0.275	0.1	0.095	0.07	0.05	0.03	0.01	0.005	0.015	0.05
0.095	0.145	0.235	0.215	0.09	0.05	0.065	0.04	0.035	0	0.005	0.025
0.105	0.19	0.16	0.17	0.165	0.08	0.035	0.05	0.03	0.005	0	0.01
0.155	0.185	0.135	0.125	0.125	0.105	0.05	0.03	0.035	0.015	0.005	0.035
0.155	0.21	0.155	0.115	0.12	0.08	0.035	0.015	0.02	0.035	0.025	0.035
0.16	0.235	0.215	0.13	0.08	0.06	0.04	0.04	0.015	0.005	0	0.02
0.2	0.13	0.2	0.165	0.1	0.05	0.075	0.035	0.015	0.01	0	0.02
0.09	0.29	0.145	0.2	0.08	0.07	0.025	0.015	0.05	0.02	0	0.015
0.16	0.125	0.275	0.13	0.12	0.075	0.045	0.02	0.005	0.015	0.01	0.02
0.15	0.2	0.16	0.155	0.085	0.115	0.05	0.015	0.015	0.02	0.005	0.03
0.14	0.215	0.2	0.105	0.12	0.055	0.075	0.035	0.01	0.015	0.01	0.02
0.17	0.145	0.225	0.175	0.065	0.12	0.045	0.025	0.015	0.005	0.005	0.005
0.1	0.235	0.215	0.185	0.115	0.04	0.05	0.02	0.01	0.015	0.005	0.01
#######PARAMETER SECTION#######
800	400	1200	-4	800	-0.25	1
0.18	0.01	1	-4	0.18	-0.25	1
-1.36	-5	-0.001	-4	-1.36	-0.25	1
0.1	0.05	0.3	-4	0.1	-0.25	1
0.2	0.01	0.5	-4	0.2	-0.25	1
0.75	0.20001	1	-3	0.75	-0.25	1
13.815511	-1	200	1	13.815511	-0.25	1
0	-1	1	-4	0	-0.25	1
0.2	1e-04	1.2	-3	0.2	-0.25	1
0	-10	10	-6	0	-1	1
0	-10	10	-6	0	-1	1
2	0	12	2	2	-0.5	1
1	0	12	2	1	-0.5	1
2	0	12	-2	2	-0.5	1
1	0	12	-2	1	-0.5	1
1.5	0	12	2	1.5	-0.5	1
2	0	12	2	2	-0.5	1
-14.8791928822862	-30	5	1	-14.8791928822862	-1	1
1	0.1	2	-1	1	-1	1
-1.54399197800355	-10	1.39	1	-1.54399197800355	-1	1
#######DEV CONSTRAINTS and DEVS#######
-15	15	2
-15	15	2
-15	15	2
0	0	0	0	0	0	0	0	0	0	0	0	0	0	0	0	0	0	0	0	0	0	0	0	0	0	0	0	0	0
0	0	0	0	0	0	0	0	0	0	0	0	0	0	0	0	0	0	0	0	0	0	0	0	0	0	0	0	0	0
0	0	0	0	0	0	0	0	0	0	0
#######LIKELIHOOD WEIGHTS#######
1
1
1
1
0
1
0
0
0
#######MISCELLANEOUS STUFF SECTION#######
2.5e-08
3
0.5	0.5	0.5	0.5	0.5	0.5	0.5	0.5	0.5	0.5	0.5	0.5
0.0229773699100256	0.320821300824607	0.904650535100891	0.994779874306442	0.999738809680904	0.999986992871533	0.999999352405202	0.999999967758134	0.999999998394772	0.99999999992008	0.999999999996021	0.999999999999802
0.2	0.2	0.2	0.2	0.2	0.2	0.2	0.2	0.2	0.2	0.2	0.2
0
1
10
0.2
1
1	0	0	0	0	0	0	0	0	0	0	0
0	1	0	0	0	0	0	0	0	0	0	0
0	0	1	0	0	0	0	0	0	0	0	0
0	0	0	1	0	0	0	0	0	0	0	0
0	0	0	0	1	0	0	0	0	0	0	0
0	0	0	0	0	1	0	0	0	0	0	0
0	0	0	0	0	0	1	0	0	0	0	0
0	0	0	0	0	0	0	1	0	0	0	0
0	0	0	0	0	0	0	0	1	0	0	0
0	0	0	0	0	0	0	0	0	1	0	0
0	0	0	0	0	0	0	0	0	0	1	0
0	0	0	0	0	0	0	0	0	0	0	1
40
31
2
1
#######END OF DATA FILE#######
999
