# Number of parameters = 77  Objective function value = 26627.9  Maximum gradient component = 0.00144887
# sel_params[1]:
4.00837978253
# sel_params[2]:
1.00896403124
# log_Fmult_year1:
 -4.14910370264
# log_Fmult_devs:
 0.982302310846 0.443754603306 0.264136264423 -0.265803138453 0.555205132059 -0.0194635837737 0.726628844644 -0.559071863408 0.197323246067 0.113589341824 0.0728097578679 -0.334632392253 0.352303515870 0.0619694588560 -0.129353690700 0.650627382104 -0.192125519655 -0.0224635088379 -0.0237876566835 0.352063477123 -0.323267354675 0.498679240991 -0.164486669249 0.0119799583177 -0.0701014386975 0.000500493491280 0.386120009201 -0.219154404362 0.480831829457
# log_recruit_devs:
 -0.114797155243 -0.0239383874438 -0.260946510281 -0.119258720884 -0.217559553785 0.123787349718 0.158621439207 -0.0634284013718 0.220169106761 0.249011799587 -0.0438042585407 0.299424204725 0.0278931465831 -0.0905820105822 0.281153695760 -0.312711391695 -0.257882404066 -0.0907695764088 0.305694937518 -0.134104272897 0.0808017002282 -0.561645361787 0.0522782287406 0.233964430346 0.296010297382 -0.0161047762949 -0.0697050630879 -0.299349754902 0.270128727232 0.0776485354816
# log_N_year1_devs:
 -0.276110415851 -0.278700623646 -0.287495928839 -0.353201616106 -0.577385612581 -0.563618207302 -0.526986295987 -0.875074168163 -1.19139552013 -1.17758629355 -1.37756437719
# log_q_year1:
 -7.79318569216
# log_q_devs:
 0.00000000000 0.00000000000 0.00000000000 0.00000000000 0.00000000000 0.00000000000 0.00000000000 0.00000000000 0.00000000000 0.00000000000 0.00000000000 0.00000000000 0.00000000000 0.00000000000 0.00000000000 0.00000000000 0.00000000000 0.00000000000 0.00000000000 0.00000000000 0.00000000000 0.00000000000 0.00000000000 0.00000000000 0.00000000000 0.00000000000 0.00000000000 0.00000000000 0.00000000000
# index_sel_params[1]:
2.06775786187
# index_sel_params[2]:
0.727756581774
# log_SR_scaler:
6.86435783317
# SR_steepness:
0.750000000000
