# Number of parameters = 77  Objective function value = 26366.9  Maximum gradient component = 0.000400589
# sel_params[1]:
1.99104530673
# sel_params[2]:
1.05925874200
# log_Fmult_year1:
 -4.67893238906
# log_Fmult_devs:
 1.05446462082 0.499433713808 0.293324258068 -0.214770998937 0.573604051369 0.0187897088632 0.752538935003 -0.534498378531 0.199246783681 0.137596411044 0.0764037459323 -0.315383074905 0.375645387095 0.0505646742536 -0.110653301378 0.655108465102 -0.196526007806 -0.0183968393859 -0.00178049523001 0.322743486793 -0.330650379465 0.478563669912 -0.206652271584 -0.0291088553237 -0.0973398353429 -0.0150291572446 0.340342206203 -0.251661206784 0.437517395502
# log_recruit_devs:
 -0.0346206189389 -0.177924260947 0.109953040947 -0.285852865112 -0.0590216573127 0.0181499887666 -0.315337952165 -0.0624281251247 -0.157976613760 0.0763052345017 0.127487367294 0.0471742381495 0.402855655305 0.0205168659851 0.0473998988844 -0.115980126670 0.190934780481 -0.0444076885988 -0.0757384707129 -0.0177231428860 0.0307650081285 -0.0869031203146 0.176851364709 0.0963953896388 0.0703244209213 -0.280263619003 0.148123592609 -0.139476317037 0.0613206239252 0.229097108336
# log_N_year1_devs:
 0.0981216439477 0.0552577907107 0.00368387218886 0.0117342667175 -0.112563275132 0.0501627200383 -0.00863589168820 -0.148226587002 -0.177284240619 -0.122326043213 -0.0769427192552
# log_q_year1:
 -7.96622170943
# log_q_devs:
 0.00000000000 0.00000000000 0.00000000000 0.00000000000 0.00000000000 0.00000000000 0.00000000000 0.00000000000 0.00000000000 0.00000000000 0.00000000000 0.00000000000 0.00000000000 0.00000000000 0.00000000000 0.00000000000 0.00000000000 0.00000000000 0.00000000000 0.00000000000 0.00000000000 0.00000000000 0.00000000000 0.00000000000 0.00000000000 0.00000000000 0.00000000000 0.00000000000 0.00000000000
# index_sel_params[1]:
1.42043431797
# index_sel_params[2]:
0.466417232515
# log_SR_scaler:
6.89899246136
# SR_steepness:
0.750000000000
