#######GENERAL HEADER INPUT#######
1
30
1
30
1
30
30
12
1	2	3	4	5	6	7	8	9	10	11	12
12
1	2	3	4	5	6	7	8	9	10	11	12
1
1001
1
1
#######SURVEY DATA#######
30
1	2	3	4	5	6	7	8	9	10	11	12	13	14	15	16	17	18	19	20	21	22	23	24	25	26	27	28	29	30
1.46207882285814	1.57663072770639	1.38925318530437	1.30549765160481	1.55564521400005	1.48700340955359	1.21759929602358	1.22364387417188	1.05599452047986	1.10055870894115	0.948621541733502	1.32103436924195	0.96875606077515	1.25488704525527	1.16309439549721	0.902142297477086	0.916184725471652	0.921557049612431	0.852308080955453	0.936733546824959	0.778130857047939	0.787139561511396	0.757413563537332	0.626378470539472	0.647851807239074	0.674388432176061	0.607955490232914	0.638060981842343	0.666800410234577	0.593371458251063
0.2	0.2	0.2	0.2	0.2	0.2	0.2	0.2	0.2	0.2	0.2	0.2	0.2	0.2	0.2	0.2	0.2	0.2	0.2	0.2	0.2	0.2	0.2	0.2	0.2	0.2	0.2	0.2	0.2	0.2
30
1	2	3	4	5	6	7	8	9	10	11	12	13	14	15	16	17	18	19	20	21	22	23	24	25	26	27	28	29	30
200	200	200	200	200	200	200	200	200	200	200	200	200	200	200	200	200	200	200	200	200	200	200	200	200	200	200	200	200	200
200	200	200	200	200	200	200	200	200	200	200	200	200	200	200	200	200	200	200	200	200	200	200	200	200	200	200	200	200	200
0.07	0.17	0.135	0.13	0.105	0.06	0.07	0.065	0.025	0.015	0.01	0.145
0.06	0.15	0.125	0.145	0.14	0.07	0.06	0.025	0.035	0.025	0.035	0.13
0.075	0.1	0.13	0.195	0.1	0.08	0.06	0.06	0.055	0.04	0.015	0.09
0.04	0.125	0.135	0.145	0.12	0.09	0.06	0.08	0.04	0.02	0.005	0.14
0.055	0.07	0.195	0.105	0.1	0.105	0.07	0.065	0.04	0.03	0.035	0.13
0.04	0.145	0.14	0.14	0.095	0.05	0.08	0.04	0.05	0.04	0.03	0.15
0.065	0.175	0.13	0.085	0.13	0.075	0.065	0.05	0.05	0.035	0.035	0.105
0.09	0.13	0.17	0.115	0.1	0.085	0.055	0.045	0.04	0.025	0.03	0.115
0.075	0.225	0.095	0.13	0.115	0.055	0.035	0.04	0.06	0.005	0.02	0.145
0.065	0.145	0.15	0.125	0.135	0.115	0.055	0.025	0.025	0.03	0.02	0.11
0.08	0.19	0.16	0.13	0.07	0.085	0.045	0.02	0.04	0.02	0.035	0.125
0.145	0.205	0.18	0.105	0.12	0.045	0.06	0.04	0.025	0.01	0.015	0.05
0.13	0.185	0.235	0.14	0.09	0.05	0.04	0.01	0.02	0.035	0.005	0.06
0.07	0.28	0.165	0.12	0.11	0.075	0.02	0.035	0.035	0.02	0	0.07
0.065	0.175	0.295	0.115	0.1	0.085	0.045	0.035	0.005	0.02	0	0.06
0.055	0.245	0.18	0.2	0.1	0.06	0.06	0.03	0.025	0.02	0.01	0.015
0.135	0.12	0.2	0.125	0.165	0.07	0.06	0.04	0.02	0.02	0.005	0.04
0.085	0.245	0.165	0.135	0.08	0.12	0.04	0.04	0.03	0.015	0.005	0.04
0.07	0.245	0.205	0.19	0.09	0.055	0.055	0.01	0.025	0.02	0.005	0.03
0.095	0.185	0.18	0.21	0.075	0.06	0.06	0.06	0.01	0.03	0.015	0.02
0.125	0.2	0.255	0.15	0.095	0.045	0.025	0.03	0.025	0.01	0.01	0.03
0.105	0.27	0.24	0.105	0.075	0.065	0.03	0.04	0.035	0.015	0	0.02
0.125	0.26	0.175	0.15	0.08	0.04	0.065	0.035	0.025	0.005	0.005	0.035
0.155	0.265	0.2	0.16	0.075	0.055	0.045	0.025	0.01	0.005	0	0.005
0.175	0.225	0.225	0.11	0.095	0.05	0.04	0.025	0.015	0.01	0.015	0.015
0.11	0.22	0.24	0.145	0.115	0.06	0.05	0.02	0.01	0.015	0.01	0.005
0.11	0.2	0.21	0.22	0.15	0.025	0.03	0.01	0.03	0.005	0.005	0.005
0.075	0.315	0.165	0.17	0.125	0.075	0.015	0.015	0.025	0.01	0	0.01
0.13	0.225	0.225	0.1	0.08	0.1	0.05	0.02	0.02	0.02	0.01	0.02
0.205	0.31	0.155	0.135	0.065	0.035	0.02	0.04	0.005	0.015	0.01	0.005
#######LANDINGS DATA#######
1
30
160.89376590944	458.688572502915	737.475123840168	948.287497928536	732.125593250875	1230.79745408121	1169.35224594574	2226.31641266898	1164.35203882757	1318.5731087902	1401.78159911201	1412.42187332756	1000.757366769	1437.36836644444	1465.37632539119	1275.12697993309	2252.45794894864	1632.47710416261	1474.81261426255	1371.11438900325	1712.9719492059	1127.31615340547	1669.28675574262	1232.3279507066	1157.77159715355	1035.4612571155	1014.79048078123	1347.38465527723	985.022229630554	1424.25291411645
0.01	0.01	0.01	0.01	0.01	0.01	0.01	0.01	0.01	0.01	0.01	0.01	0.01	0.01	0.01	0.01	0.01	0.01	0.01	0.01	0.01	0.01	0.01	0.01	0.01	0.01	0.01	0.01	0.01	0.01
30
1	2	3	4	5	6	7	8	9	10	11	12	13	14	15	16	17	18	19	20	21	22	23	24	25	26	27	28	29	30
200	200	200	200	200	200	200	200	200	200	200	200	200	200	200	200	200	200	200	200	200	200	200	200	200	200	200	200	200	200
200	200	200	200	200	200	200	200	200	200	200	200	200	200	200	200	200	200	200	200	200	200	200	200	200	200	200	200	200	200
0.07	0.11	0.105	0.135	0.11	0.08	0.07	0.06	0.06	0.04	0.045	0.115
0.04	0.07	0.14	0.18	0.105	0.105	0.06	0.08	0.05	0.05	0.02	0.1
0.11	0.1	0.105	0.14	0.105	0.055	0.06	0.045	0.06	0.05	0.015	0.155
0.045	0.145	0.095	0.125	0.115	0.055	0.045	0.06	0.035	0.06	0.04	0.18
0.06	0.145	0.145	0.075	0.075	0.125	0.095	0.065	0.03	0.03	0.035	0.12
0.06	0.115	0.105	0.155	0.09	0.08	0.05	0.075	0.02	0.045	0.06	0.145
0.055	0.125	0.08	0.09	0.18	0.08	0.105	0.045	0.045	0.05	0.025	0.12
0.065	0.085	0.16	0.185	0.065	0.095	0.06	0.07	0.04	0.05	0.02	0.105
0.095	0.135	0.095	0.145	0.115	0.06	0.08	0.045	0.01	0.055	0.035	0.13
0.08	0.11	0.155	0.09	0.15	0.11	0.045	0.05	0.035	0.01	0.02	0.145
0.145	0.205	0.115	0.12	0.11	0.065	0.045	0.01	0.03	0.02	0.04	0.095
0.11	0.17	0.18	0.105	0.085	0.05	0.08	0.035	0.03	0.045	0.035	0.075
0.11	0.155	0.175	0.105	0.1	0.08	0.05	0.06	0.04	0.015	0.025	0.085
0.115	0.185	0.16	0.145	0.135	0.06	0.04	0.035	0.03	0.01	0.025	0.06
0.105	0.175	0.215	0.145	0.115	0.065	0.05	0.03	0.015	0.02	0.03	0.035
0.065	0.18	0.15	0.19	0.13	0.08	0.04	0.03	0.05	0.02	0.005	0.06
0.135	0.15	0.11	0.15	0.145	0.08	0.09	0.04	0.03	0.02	0.005	0.045
0.105	0.17	0.18	0.13	0.1	0.085	0.05	0.045	0.065	0.02	0.01	0.04
0.11	0.205	0.195	0.135	0.075	0.045	0.08	0.035	0.02	0.03	0.03	0.04
0.155	0.125	0.14	0.195	0.065	0.1	0.04	0.095	0.025	0.01	0.005	0.045
0.145	0.15	0.145	0.135	0.145	0.055	0.085	0.04	0.045	0.015	0	0.04
0.09	0.18	0.185	0.185	0.12	0.095	0.045	0.035	0.02	0.02	0.01	0.015
0.205	0.145	0.215	0.15	0.085	0.075	0.05	0.015	0.015	0.02	0.01	0.015
0.115	0.25	0.17	0.175	0.12	0.07	0.04	0.02	0.01	0.005	0.005	0.02
0.185	0.235	0.2	0.165	0.075	0.05	0.025	0.02	0.015	0.015	0.01	0.005
0.165	0.2	0.19	0.185	0.095	0.055	0.02	0.015	0.02	0.025	0.02	0.01
0.25	0.11	0.22	0.15	0.095	0.07	0.04	0.02	0.03	0.005	0	0.01
0.135	0.255	0.12	0.16	0.135	0.105	0.03	0.015	0.005	0.015	0.01	0.015
0.15	0.195	0.23	0.085	0.14	0.09	0.04	0.035	0.01	0.005	0.01	0.01
0.175	0.215	0.2	0.165	0.075	0.075	0.03	0.015	0.025	0.01	0.005	0.01
#######PARAMETER SECTION#######
800	400	1200	-4	800	-0.25	1
0.18	0.01	1	-4	0.18	-0.25	1
-1.36	-5	-0.001	-4	-1.36	-0.25	1
0.1	0.05	0.3	-4	0.1	-0.25	1
0.2	0.01	0.5	-4	0.2	-0.25	1
0.75	0.20001	1	-3	0.75	-0.25	1
13.815511	-1	200	1	13.815511	-0.25	1
0	-1	1	-4	0	-0.25	1
0.2	1e-04	1.2	-3	0.2	-0.25	1
0	-10	10	-6	0	-1	1
0	-10	10	-6	0	-1	1
2	0	12	2	2	-0.5	1
1	0	12	2	1	-0.5	1
2	0	12	-2	2	-0.5	1
1	0	12	-2	1	-0.5	1
1.5	0	12	2	1.5	-0.5	1
2	0	12	2	2	-0.5	1
-14.849964003871	-30	5	1	-14.849964003871	-1	1
1	0.1	2	-1	1	-1	1
-1.54399197800355	-10	1.39	1	-1.54399197800355	-1	1
#######DEV CONSTRAINTS and DEVS#######
-15	15	2
-15	15	2
-15	15	2
0	0	0	0	0	0	0	0	0	0	0	0	0	0	0	0	0	0	0	0	0	0	0	0	0	0	0	0	0	0
0	0	0	0	0	0	0	0	0	0	0	0	0	0	0	0	0	0	0	0	0	0	0	0	0	0	0	0	0	0
0	0	0	0	0	0	0	0	0	0	0
#######LIKELIHOOD WEIGHTS#######
1
1
1
1
0
1
0
0
0
#######MISCELLANEOUS STUFF SECTION#######
2.5e-08
3
0.5	0.5	0.5	0.5	0.5	0.5	0.5	0.5	0.5	0.5	0.5	0.5
0.0229773699100256	0.320821300824607	0.904650535100891	0.994779874306442	0.999738809680904	0.999986992871533	0.999999352405202	0.999999967758134	0.999999998394772	0.99999999992008	0.999999999996021	0.999999999999802
0.2	0.2	0.2	0.2	0.2	0.2	0.2	0.2	0.2	0.2	0.2	0.2
0
1
10
0.2
1
1	0	0	0	0	0	0	0	0	0	0	0
0	1	0	0	0	0	0	0	0	0	0	0
0	0	1	0	0	0	0	0	0	0	0	0
0	0	0	1	0	0	0	0	0	0	0	0
0	0	0	0	1	0	0	0	0	0	0	0
0	0	0	0	0	1	0	0	0	0	0	0
0	0	0	0	0	0	1	0	0	0	0	0
0	0	0	0	0	0	0	1	0	0	0	0
0	0	0	0	0	0	0	0	1	0	0	0
0	0	0	0	0	0	0	0	0	1	0	0
0	0	0	0	0	0	0	0	0	0	1	0
0	0	0	0	0	0	0	0	0	0	0	1
40
31
2
1
#######END OF DATA FILE#######
999
