# Number of parameters = 77  Objective function value = 24898.4  Maximum gradient component = 0.00921323
# sel_params[1]:
1.94363993197
# sel_params[2]:
0.973285579419
# log_Fmult_year1:
 -4.73122409298
# log_Fmult_devs:
 1.06734571827 0.504109688044 0.308320820169 -0.216633320127 0.591880706537 0.00992329845173 0.744132968984 -0.539106055422 0.193996513822 0.123268924494 0.0657276416425 -0.326654077516 0.379802019568 0.0573980942934 -0.122491776779 0.663526192517 -0.216532203150 -0.0249571459625 -0.0113103530641 0.325319074600 -0.312844441147 0.525931942373 -0.182126553336 0.0234176626268 -0.0799663220198 0.00550565186846 0.337386133830 -0.265624356464 0.445949214432
# log_recruit_devs:
 -0.155715423168 -0.883559073851 -0.371437847908 0.638543568104 0.192297288934 0.770789039649 -0.437641585771 0.0920455034904 -0.894837071957 0.543740276067 -0.897569204416 -1.06407703917 0.915474038897 0.769188140253 -0.337819617770 0.430266750909 -0.918755004844 -0.593747369766 0.0713876296020 0.0699774134059 -0.320095868523 0.239053790993 0.193746455083 0.805180051265 0.849563603099 -0.596913515118 1.02563459154 0.173441448517 0.0261841434038 -0.334345110950
# log_N_year1_devs:
 -0.0822975726376 0.0852685220150 0.0668035398271 0.0515921227889 -0.0395962690825 -0.0419033881114 0.0386700430149 0.209199246354 -0.159321361258 0.236051822000 -0.173245396996
# log_q_year1:
 -8.27778996371
# log_q_devs:
 0.00000000000 0.00000000000 0.00000000000 0.00000000000 0.00000000000 0.00000000000 0.00000000000 0.00000000000 0.00000000000 0.00000000000 0.00000000000 0.00000000000 0.00000000000 0.00000000000 0.00000000000 0.00000000000 0.00000000000 0.00000000000 0.00000000000 0.00000000000 0.00000000000 0.00000000000 0.00000000000 0.00000000000 0.00000000000 0.00000000000 0.00000000000 0.00000000000 0.00000000000
# index_sel_params[1]:
1.43837693919
# index_sel_params[2]:
0.492522791508
# log_SR_scaler:
7.10810813531
# SR_steepness:
0.750000000000
