# Number of parameters = 77  Objective function value = 26303.3  Maximum gradient component = 0.00131022
# sel_params[1]:
2.01509122261
# sel_params[2]:
0.997689694246
# log_Fmult_year1:
 -4.63239781616
# log_Fmult_devs:
 1.05978975554 0.499703401297 0.307942327446 -0.234869736218 0.573143931039 0.00967065140296 0.737738670889 -0.544073367338 0.195245224601 0.118011425890 0.0611070125573 -0.320781107339 0.374558381213 0.0630166344975 -0.114912339784 0.679013164518 -0.184319784314 -0.0113698042618 -0.00188485896314 0.343168417487 -0.335554256019 0.499073738079 -0.210380640161 -0.00127575140893 -0.0888404960696 -0.00367865993815 0.340038395852 -0.275788993694 0.405456368504
# log_recruit_devs:
 -0.0775901288476 0.395498387152 0.0296946389101 -0.215584960100 -0.127327721503 0.129157301574 0.187106502230 -0.0203924682581 -0.322868468631 -0.172154663572 -0.0187620990041 -0.0912443102715 0.191930682075 0.306305025066 -0.0779086342093 0.0210593254722 0.00782482955721 0.0978612403095 0.0476625677500 -0.202177558910 -0.0937135492040 0.215938997856 -0.131914882943 0.0535020715719 -0.0379303801903 -0.175937868299 0.190687456055 0.100433811139 -0.0584952593859 -0.150659883388
# log_N_year1_devs:
 -0.0297954669969 -0.0796024064575 -0.0877651089759 -0.0525651378224 0.0113403769831 -0.00526159954520 -0.150916592683 -0.124987806258 0.0210763864421 -0.135371800199 -0.192177490329
# log_q_year1:
 -8.01005802388
# log_q_devs:
 0.00000000000 0.00000000000 0.00000000000 0.00000000000 0.00000000000 0.00000000000 0.00000000000 0.00000000000 0.00000000000 0.00000000000 0.00000000000 0.00000000000 0.00000000000 0.00000000000 0.00000000000 0.00000000000 0.00000000000 0.00000000000 0.00000000000 0.00000000000 0.00000000000 0.00000000000 0.00000000000 0.00000000000 0.00000000000 0.00000000000 0.00000000000 0.00000000000 0.00000000000
# index_sel_params[1]:
1.47579892660
# index_sel_params[2]:
0.472171030836
# log_SR_scaler:
6.99064686819
# SR_steepness:
0.750000000000
