#styr												
1
#endyr												
30
#rec_age										
1															
#n_ages										
12
# numbers of length intervals
81
#Length	bin
10	11	12	13	14	15	16	17	18	19	20	21	22	23	24	25	26	27	28	29	30	31	32	33	34	35	36	37	38	39	40	41	42	43	44	45	46	47	48	49	50	51	52	53	54	55	56	57	58	59	60	61	62	63	64	65	66	67	68	69	70	71	72	73	74	75	76	77	78	79	80	81	82	83	84	85	86	87	88	89	90
#nfsh
1
#names_fsh
FLEET1												
#catch												
160.414070850266	463.754066428554	753.008262505971	974.491036818181	751.09300632679	1323.73553320219	1268.02361576962	2463.22616055728	1291.59096420067	1462.00879014393	1527.51762408624	1508.45428202533	1057.25805819317	1471.41176600783	1429.56794953151	1218.03501883762	2162.96709908094	1572.38979921821	1475.98550895672	1369.63809144561	1730.08216508635	1126.84045124801	1640.67561494962	1174.50532609178	1082.01944040708	953.927628929713	935.250362492057	1283.84361061724	985.200433992798	1518.18879167412
#catch_cv											
0.01	0.01	0.01	0.01	0.01	0.01	0.01	0.01	0.01	0.01	0.01	0.01	0.01	0.01	0.01	0.01	0.01	0.01	0.01	0.01	0.01	0.01	0.01	0.01	0.01	0.01	0.01	0.01	0.01	0.01
#n_ages_fsh								
30		
#n_lengths_fsh								
0															
#yrs_ages_fsh								
1	2	3	4	5	6	7	8	9	10	11	12	13	14	15	16	17	18	19	20	21	22	23	24	25	26	27	28	29	30	
#sample_ages_fsh							
200	200	200	200	200	200	200	200	200	200	200	200	200	200	200	200	200	200	200	200	200	200	200	200	200	200	200	200	200	200
#page_fsh	2	3	4	5	6	7	8	9	10	11						
0.055	0.125	0.12	0.125	0.135	0.085	0.055	0.08	0.025	0.04	0.025	0.13
0.085	0.15	0.14	0.115	0.085	0.055	0.055	0.035	0.065	0.055	0.02	0.14
0.1	0.16	0.11	0.105	0.105	0.06	0.07	0.06	0.055	0.025	0.015	0.135
0.07	0.155	0.12	0.11	0.07	0.085	0.08	0.04	0.03	0.035	0.045	0.16
0.055	0.075	0.155	0.15	0.125	0.09	0.06	0.075	0.06	0.035	0.015	0.105
0.08	0.14	0.1	0.135	0.15	0.065	0.045	0.04	0.03	0.05	0.015	0.15
0.055	0.165	0.17	0.135	0.07	0.065	0.085	0.04	0.03	0.04	0.02	0.125
0.065	0.13	0.215	0.08	0.095	0.095	0.075	0.08	0.025	0.015	0.02	0.105
0.06	0.14	0.135	0.175	0.095	0.115	0.06	0.025	0.05	0.01	0.04	0.095
0.105	0.11	0.175	0.115	0.15	0.065	0.075	0.055	0.045	0.005	0.01	0.09
0.07	0.175	0.08	0.11	0.07	0.145	0.055	0.06	0.04	0.045	0.03	0.12
0.11	0.12	0.215	0.075	0.105	0.06	0.08	0.06	0.025	0.035	0.025	0.09
0.095	0.155	0.145	0.22	0.07	0.055	0.04	0.03	0.02	0.045	0.03	0.095
0.08	0.12	0.18	0.13	0.185	0.06	0.045	0.03	0.05	0.035	0.02	0.065
0.12	0.11	0.145	0.155	0.085	0.13	0.04	0.03	0.035	0.04	0.02	0.09
0.185	0.175	0.105	0.095	0.135	0.045	0.09	0.045	0.025	0.03	0.01	0.06
0.115	0.245	0.135	0.1	0.09	0.07	0.055	0.075	0.03	0.045	0.015	0.025
0.185	0.135	0.26	0.15	0.07	0.035	0.05	0.04	0.035	0.015	0	0.025
0.085	0.195	0.13	0.215	0.115	0.06	0.045	0.055	0.02	0.02	0.01	0.05
0.075	0.125	0.285	0.125	0.15	0.11	0.03	0.015	0.005	0.01	0.02	0.05
0.135	0.095	0.175	0.205	0.115	0.14	0.04	0.02	0.015	0.025	0.01	0.025
0.09	0.15	0.13	0.17	0.15	0.085	0.065	0.05	0.035	0.005	0.025	0.045
0.125	0.18	0.205	0.105	0.115	0.1	0.055	0.055	0.03	0.005	0.005	0.02
0.135	0.205	0.2	0.14	0.065	0.08	0.055	0.025	0.04	0.02	0	0.035
0.15	0.205	0.195	0.185	0.08	0.065	0.045	0.02	0.025	0.01	0.015	0.005
0.105	0.275	0.16	0.165	0.085	0.085	0.05	0.02	0.02	0.015	0.015	0.005
0.175	0.18	0.195	0.165	0.125	0.075	0.04	0.005	0.02	0	0.005	0.015
0.21	0.25	0.175	0.205	0.06	0.035	0.025	0.015	0.015	0	0.005	0.005
0.205	0.275	0.165	0.135	0.09	0.035	0.04	0.025	0.01	0	0.005	0.015
0.205	0.25	0.235	0.155	0.045	0.05	0.01	0.025	0.01	0.005	0	0.01
#wt_age_fsh	1 2	3	4	5	6	7	8	9	10	11						
0.000530656	0.001196328	0.002058265	0.003034987	0.004055212	0.005064698	0.006026226	0.006916921	0.007724891	0.008446113	0.009081853	0.009636695
0.000530656	0.001196328	0.002058265	0.003034987	0.004055212	0.005064698	0.006026226	0.006916921	0.007724891	0.008446113	0.009081853	0.009636695
0.000530656	0.001196328	0.002058265	0.003034987	0.004055212	0.005064698	0.006026226	0.006916921	0.007724891	0.008446113	0.009081853	0.009636695
0.000530656	0.001196328	0.002058265	0.003034987	0.004055212	0.005064698	0.006026226	0.006916921	0.007724891	0.008446113	0.009081853	0.009636695
0.000530656	0.001196328	0.002058265	0.003034987	0.004055212	0.005064698	0.006026226	0.006916921	0.007724891	0.008446113	0.009081853	0.009636695
0.000530656	0.001196328	0.002058265	0.003034987	0.004055212	0.005064698	0.006026226	0.006916921	0.007724891	0.008446113	0.009081853	0.009636695
0.000530656	0.001196328	0.002058265	0.003034987	0.004055212	0.005064698	0.006026226	0.006916921	0.007724891	0.008446113	0.009081853	0.009636695
0.000530656	0.001196328	0.002058265	0.003034987	0.004055212	0.005064698	0.006026226	0.006916921	0.007724891	0.008446113	0.009081853	0.009636695
0.000530656	0.001196328	0.002058265	0.003034987	0.004055212	0.005064698	0.006026226	0.006916921	0.007724891	0.008446113	0.009081853	0.009636695
0.000530656	0.001196328	0.002058265	0.003034987	0.004055212	0.005064698	0.006026226	0.006916921	0.007724891	0.008446113	0.009081853	0.009636695
0.000530656	0.001196328	0.002058265	0.003034987	0.004055212	0.005064698	0.006026226	0.006916921	0.007724891	0.008446113	0.009081853	0.009636695
0.000530656	0.001196328	0.002058265	0.003034987	0.004055212	0.005064698	0.006026226	0.006916921	0.007724891	0.008446113	0.009081853	0.009636695
0.000530656	0.001196328	0.002058265	0.003034987	0.004055212	0.005064698	0.006026226	0.006916921	0.007724891	0.008446113	0.009081853	0.009636695
0.000530656	0.001196328	0.002058265	0.003034987	0.004055212	0.005064698	0.006026226	0.006916921	0.007724891	0.008446113	0.009081853	0.009636695
0.000530656	0.001196328	0.002058265	0.003034987	0.004055212	0.005064698	0.006026226	0.006916921	0.007724891	0.008446113	0.009081853	0.009636695
0.000530656	0.001196328	0.002058265	0.003034987	0.004055212	0.005064698	0.006026226	0.006916921	0.007724891	0.008446113	0.009081853	0.009636695
0.000530656	0.001196328	0.002058265	0.003034987	0.004055212	0.005064698	0.006026226	0.006916921	0.007724891	0.008446113	0.009081853	0.009636695
0.000530656	0.001196328	0.002058265	0.003034987	0.004055212	0.005064698	0.006026226	0.006916921	0.007724891	0.008446113	0.009081853	0.009636695
0.000530656	0.001196328	0.002058265	0.003034987	0.004055212	0.005064698	0.006026226	0.006916921	0.007724891	0.008446113	0.009081853	0.009636695
0.000530656	0.001196328	0.002058265	0.003034987	0.004055212	0.005064698	0.006026226	0.006916921	0.007724891	0.008446113	0.009081853	0.009636695
0.000530656	0.001196328	0.002058265	0.003034987	0.004055212	0.005064698	0.006026226	0.006916921	0.007724891	0.008446113	0.009081853	0.009636695
0.000530656	0.001196328	0.002058265	0.003034987	0.004055212	0.005064698	0.006026226	0.006916921	0.007724891	0.008446113	0.009081853	0.009636695
0.000530656	0.001196328	0.002058265	0.003034987	0.004055212	0.005064698	0.006026226	0.006916921	0.007724891	0.008446113	0.009081853	0.009636695
0.000530656	0.001196328	0.002058265	0.003034987	0.004055212	0.005064698	0.006026226	0.006916921	0.007724891	0.008446113	0.009081853	0.009636695
0.000530656	0.001196328	0.002058265	0.003034987	0.004055212	0.005064698	0.006026226	0.006916921	0.007724891	0.008446113	0.009081853	0.009636695
0.000530656	0.001196328	0.002058265	0.003034987	0.004055212	0.005064698	0.006026226	0.006916921	0.007724891	0.008446113	0.009081853	0.009636695
0.000530656	0.001196328	0.002058265	0.003034987	0.004055212	0.005064698	0.006026226	0.006916921	0.007724891	0.008446113	0.009081853	0.009636695
0.000530656	0.001196328	0.002058265	0.003034987	0.004055212	0.005064698	0.006026226	0.006916921	0.007724891	0.008446113	0.009081853	0.009636695
0.000530656	0.001196328	0.002058265	0.003034987	0.004055212	0.005064698	0.006026226	0.006916921	0.007724891	0.008446113	0.009081853	0.009636695
0.000530656	0.001196328	0.002058265	0.003034987	0.004055212	0.005064698	0.006026226	0.006916921	0.007724891	0.008446113	0.009081853	0.009636695
#nind
1
#ind_names									
SURVEY1									
#nobs_ind
30
#yrs_ind											
1	2	3	4	5	6	7	8	9	10	11	12	13	14	15	16	17	18	19	20	21	22	23	24	25	26	27	28	29	30	
#month_ind										
1															
#biom_ind											
1.63607311337109	1.44158838187794	1.73594148502157	1.42632476492789	1.49384117125362	1.4179840276805	1.43717193461477	1.4893232440739	1.05971607264552	1.18802619069631	1.02574986451963	1.00500655821302	1.02897493903456	1.01570191617675	0.907818314075425	0.987851817037453	0.919326604323423	0.887540853116032	0.975835970933442	0.768338561772346	0.686725533914441	0.644059909264644	0.768174678193294	0.65204770414208	0.574886884346493	0.605982228294274	0.577014847289443	0.604491364011057	0.506892279258693	0.593428779095125
#biom_cv																
0.327214622674218	0.288317676375587	0.347188297004315	0.285264952985578	0.298768234250724	0.283596805536101	0.287434386922955	0.297864648814779	0.211943214529104	0.237605238139263	0.205149972903927	0.201001311642603	0.205794987806912	0.203140383235351	0.181563662815085	0.197570363407491	0.183865320864685	0.177508170623207	0.195167194186688	0.153667712354469	0.137345106782888	0.128811981852929	0.153634935638659	0.130409540828416	0.114977376869299	0.121196445658855	0.115402969457889	0.120898272802211	0.101378455851739	0.118685755819025
#n_ages_ind															
30			
#n_lengths_ind															
0															
#yrs_ages_ind															
1	2	3	4	5	6	7	8	9	10	11	12	13	14	15	16	17	18	19	20	21	22	23	24	25	26	27	28	29	30	
#sample_ages_ind					
200	200	200	200	200	200	200	200	200	200	200	200	200	200	200	200	200	200	200	200	200	200	200	200	200	200	200	200	200	200
#page_ind						
0.105	0.075	0.17	0.18	0.105	0.065	0.075	0.045	0.045	0.02	0.025	0.09
0.055	0.16	0.105	0.155	0.085	0.07	0.065	0.04	0.055	0.03	0.055	0.125
0.065	0.185	0.14	0.12	0.055	0.085	0.07	0.03	0.04	0.035	0.04	0.135
0.095	0.145	0.15	0.12	0.115	0.09	0.035	0.03	0.025	0.035	0.03	0.13
0.07	0.135	0.18	0.14	0.085	0.06	0.065	0.045	0.055	0.03	0.03	0.105
0.08	0.155	0.135	0.1	0.095	0.09	0.07	0.06	0.055	0.015	0.04	0.105
0.035	0.22	0.12	0.125	0.095	0.1	0.04	0.025	0.05	0.05	0.025	0.115
0.085	0.12	0.19	0.13	0.075	0.115	0.055	0.05	0.035	0.02	0.01	0.115
0.055	0.1	0.105	0.22	0.12	0.09	0.04	0.065	0.045	0.045	0.025	0.09
0.115	0.155	0.155	0.08	0.115	0.07	0.09	0.055	0.045	0	0.03	0.09
0.09	0.175	0.15	0.15	0.085	0.12	0.065	0.035	0.02	0.025	0.01	0.075
0.09	0.13	0.22	0.11	0.105	0.075	0.08	0.025	0.03	0.02	0.015	0.1
0.045	0.195	0.17	0.19	0.055	0.1	0.045	0.035	0.015	0.03	0.025	0.095
0.1	0.17	0.225	0.08	0.175	0.035	0.04	0.035	0.045	0.03	0.02	0.045
0.095	0.165	0.16	0.115	0.09	0.175	0.045	0.035	0.045	0.02	0.02	0.035
0.1	0.265	0.135	0.105	0.16	0.03	0.07	0.02	0.02	0.015	0.03	0.05
0.105	0.22	0.225	0.095	0.07	0.08	0.03	0.045	0.01	0.02	0.01	0.09
0.13	0.245	0.23	0.135	0.055	0.055	0.065	0.01	0.03	0.005	0.01	0.03
0.095	0.32	0.135	0.19	0.095	0.045	0.02	0.035	0.015	0.01	0.015	0.025
0.075	0.205	0.275	0.115	0.14	0.06	0.035	0.02	0.02	0.025	0.015	0.015
0.095	0.19	0.21	0.235	0.09	0.07	0.05	0.01	0.005	0.01	0	0.035
0.085	0.215	0.15	0.16	0.145	0.075	0.07	0.03	0.015	0.015	0.01	0.03
0.115	0.21	0.245	0.095	0.1	0.115	0.035	0.04	0.005	0.025	0.005	0.01
0.09	0.235	0.27	0.145	0.07	0.05	0.07	0.015	0.025	0.005	0.01	0.015
0.155	0.205	0.205	0.155	0.105	0.01	0.05	0.045	0.02	0.01	0.005	0.035
0.14	0.31	0.21	0.12	0.05	0.025	0.06	0.025	0.03	0.015	0.01	0.005
0.185	0.185	0.255	0.15	0.135	0.035	0.015	0.005	0.005	0.015	0.005	0.01
0.195	0.285	0.205	0.12	0.055	0.03	0.045	0.01	0.005	0.025	0.01	0.015
0.135	0.315	0.245	0.135	0.12	0.015	0.005	0.015	0.005	0	0	0.01
0.135	0.33	0.205	0.14	0.07	0.05	0.035	0.02	0.005	0	0	0.01
#wt_age_ind						
1 1 1 1 1 1 1 1 1 1 1 1 
1 1 1 1 1 1 1 1 1 1 1 1 
1 1 1 1 1 1 1 1 1 1 1 1 
1 1 1 1 1 1 1 1 1 1 1 1 
1 1 1 1 1 1 1 1 1 1 1 1 
1 1 1 1 1 1 1 1 1 1 1 1 
1 1 1 1 1 1 1 1 1 1 1 1 
1 1 1 1 1 1 1 1 1 1 1 1 
1 1 1 1 1 1 1 1 1 1 1 1 
1 1 1 1 1 1 1 1 1 1 1 1 
1 1 1 1 1 1 1 1 1 1 1 1 
1 1 1 1 1 1 1 1 1 1 1 1 
1 1 1 1 1 1 1 1 1 1 1 1 
1 1 1 1 1 1 1 1 1 1 1 1 
1 1 1 1 1 1 1 1 1 1 1 1 
1 1 1 1 1 1 1 1 1 1 1 1 
1 1 1 1 1 1 1 1 1 1 1 1 
1 1 1 1 1 1 1 1 1 1 1 1 
1 1 1 1 1 1 1 1 1 1 1 1 
1 1 1 1 1 1 1 1 1 1 1 1 
1 1 1 1 1 1 1 1 1 1 1 1 
1 1 1 1 1 1 1 1 1 1 1 1 
1 1 1 1 1 1 1 1 1 1 1 1 
1 1 1 1 1 1 1 1 1 1 1 1 
1 1 1 1 1 1 1 1 1 1 1 1 
1 1 1 1 1 1 1 1 1 1 1 1 
1 1 1 1 1 1 1 1 1 1 1 1 
1 1 1 1 1 1 1 1 1 1 1 1 
1 1 1 1 1 1 1 1 1 1 1 1 
1 1 1 1 1 1 1 1 1 1 1 1 
# wt_pop
0.000530656	0.001196328	0.002058265	0.003034987	0.004055212	0.005064698	0.006026226	0.006916921	0.007724891	0.008446113	0.009081853	0.009636695
#maturity
0.02297737 0.32082130 0.90465054 0.99477987 0.99973881 0.99998699 0.99999935 0.99999997 1 1 1 1
#spmonth						
1		
#age_err						
1	0	0	0	0	0	0	0	0	0	0	0
0	1	0	0	0	0	0	0	0	0	0	0
0	0	1	0	0	0	0	0	0	0	0	0
0	0	0	1	0	0	0	0	0	0	0	0
0	0	0	0	1	0	0	0	0	0	0	0
0	0	0	0	0	1	0	0	0	0	0	0
0	0	0	0	0	0	1	0	0	0	0	0
0	0	0	0	0	0	0	1	0	0	0	0
0	0	0	0	0	0	0	0	1	0	0	0
0	0	0	0	0	0	0	0	0	1	0	0
0	0	0	0	0	0	0	0	0	0	1	0
0	0	0	0	0	0	0	0	0	0	0	1																														
