#######GENERAL HEADER INPUT#######
1
30
1
30
1
30
30
12
1	2	3	4	5	6	7	8	9	10	11	12
12
1	2	3	4	5	6	7	8	9	10	11	12
1
1001
1
1
#######SURVEY DATA#######
30
1	2	3	4	5	6	7	8	9	10	11	12	13	14	15	16	17	18	19	20	21	22	23	24	25	26	27	28	29	30
1.49333545022711	1.46702074019309	1.65796789595752	1.36415768543742	1.69362424323745	1.38834922094653	1.47346059058565	1.58141711611058	1.27173448276906	1.46779978638102	1.08857654150047	1.08459998864898	1.02879588146698	1.0205319449498	1.0959041165533	1.00572253632579	0.902054195144163	0.955127790181015	0.873063367594462	0.859037821914061	0.789310064089201	0.869768684766595	0.628553981859436	0.76893240363805	0.597001137241591	0.547616621062443	0.4848759107183	0.525940503650817	0.503380741641336	0.353990404846149
0.2	0.2	0.2	0.2	0.2	0.2	0.2	0.2	0.2	0.2	0.2	0.2	0.2	0.2	0.2	0.2	0.2	0.2	0.2	0.2	0.2	0.2	0.2	0.2	0.2	0.2	0.2	0.2	0.2	0.2
30
1	2	3	4	5	6	7	8	9	10	11	12	13	14	15	16	17	18	19	20	21	22	23	24	25	26	27	28	29	30
200	200	200	200	200	200	200	200	200	200	200	200	200	200	200	200	200	200	200	200	200	200	200	200	200	200	200	200	200	200
200	200	200	200	200	200	200	200	200	200	200	200	200	200	200	200	200	200	200	200	200	200	200	200	200	200	200	200	200	200
0.065	0.12	0.14	0.1	0.115	0.06	0.09	0.05	0.085	0.04	0.025	0.11
0.095	0.15	0.15	0.125	0.125	0.065	0.035	0.02	0.06	0.025	0.02	0.13
0.085	0.17	0.145	0.125	0.125	0.08	0.05	0.05	0.02	0.03	0.025	0.095
0.07	0.135	0.195	0.08	0.105	0.09	0.05	0.03	0.03	0.045	0.03	0.14
0.065	0.165	0.165	0.15	0.095	0.075	0.03	0.04	0.06	0.055	0.015	0.085
0.105	0.13	0.185	0.165	0.09	0.06	0.04	0.03	0.025	0.04	0.01	0.12
0.065	0.145	0.235	0.145	0.09	0.05	0.06	0.045	0.025	0.025	0.01	0.105
0.065	0.165	0.21	0.155	0.085	0.065	0.06	0.045	0.02	0.03	0.015	0.085
0.04	0.155	0.195	0.155	0.125	0.055	0.07	0.045	0.04	0.005	0.015	0.1
0.09	0.16	0.215	0.12	0.085	0.085	0.05	0.015	0.035	0.03	0.015	0.1
0.115	0.14	0.165	0.135	0.1	0.11	0.065	0.04	0.025	0.015	0.03	0.06
0.06	0.165	0.155	0.16	0.13	0.095	0.06	0.065	0.025	0.015	0.01	0.06
0.13	0.12	0.19	0.165	0.1	0.095	0.065	0.025	0.025	0.01	0.015	0.06
0.09	0.185	0.14	0.16	0.08	0.07	0.065	0.085	0.025	0.025	0.005	0.07
0.09	0.215	0.19	0.11	0.095	0.075	0.06	0.04	0.025	0.025	0.02	0.055
0.18	0.12	0.225	0.15	0.05	0.065	0.065	0.02	0.025	0.035	0.01	0.055
0.065	0.27	0.175	0.125	0.13	0.05	0.055	0.02	0.035	0.025	0.02	0.03
0.105	0.19	0.265	0.135	0.07	0.045	0.045	0.025	0.04	0.045	0	0.035
0.09	0.235	0.22	0.185	0.075	0.05	0.06	0.02	0.01	0.015	0.01	0.03
0.11	0.155	0.245	0.155	0.15	0.04	0.05	0.015	0.01	0.025	0.015	0.03
0.1	0.22	0.205	0.145	0.11	0.07	0.03	0.035	0.03	0.005	0.02	0.03
0.125	0.145	0.235	0.195	0.14	0.045	0.065	0.01	0.025	0.005	0	0.01
0.125	0.25	0.14	0.205	0.085	0.1	0.015	0.025	0.015	0.02	0.01	0.01
0.08	0.285	0.195	0.105	0.14	0.065	0.055	0.01	0.025	0.02	0.005	0.015
0.065	0.26	0.235	0.18	0.085	0.05	0.02	0.055	0.02	0.01	0.01	0.01
0.165	0.215	0.19	0.18	0.09	0.025	0.055	0.02	0.035	0.01	0.01	0.005
0.12	0.315	0.22	0.14	0.08	0.055	0.03	0.005	0.01	0.005	0.005	0.015
0.115	0.19	0.3	0.115	0.09	0.08	0.035	0.03	0.02	0.01	0.01	0.005
0.135	0.205	0.24	0.19	0.03	0.09	0.04	0.02	0	0.015	0.005	0.03
0.14	0.295	0.205	0.09	0.11	0.03	0.045	0.035	0.02	0.02	0	0.01
#######LANDINGS DATA#######
1
30
175.790504141323	534.731470979904	597.566194272951	723.086990517862	1141.12004951838	1424.37020043225	1751.72836883685	1673.99236684248	1548.87269708184	1310.08733323638	2298.15985761713	1673.05311632798	1625.55843145826	1668.1123005434	1279.38821395499	1876.37027833226	1351.88182906924	1436.5725961905	1379.95798239917	1800.77855781431	1091.77445915768	1073.06068892827	1460.11471190898	1983.49276850391	1159.66605610422	1089.56011282806	1091.44617232841	1144.39039378212	987.398256774226	957.129377453386
0.01	0.01	0.01	0.01	0.01	0.01	0.01	0.01	0.01	0.01	0.01	0.01	0.01	0.01	0.01	0.01	0.01	0.01	0.01	0.01	0.01	0.01	0.01	0.01	0.01	0.01	0.01	0.01	0.01	0.01
30
1	2	3	4	5	6	7	8	9	10	11	12	13	14	15	16	17	18	19	20	21	22	23	24	25	26	27	28	29	30
200	200	200	200	200	200	200	200	200	200	200	200	200	200	200	200	200	200	200	200	200	200	200	200	200	200	200	200	200	200
200	200	200	200	200	200	200	200	200	200	200	200	200	200	200	200	200	200	200	200	200	200	200	200	200	200	200	200	200	200
0.06	0.1	0.105	0.135	0.11	0.085	0.07	0.07	0.04	0.035	0.04	0.15
0.08	0.1	0.17	0.13	0.055	0.07	0.08	0.04	0.04	0.06	0.025	0.15
0.075	0.155	0.135	0.09	0.1	0.105	0.08	0.03	0.035	0.03	0.015	0.15
0.055	0.115	0.13	0.145	0.12	0.075	0.07	0.035	0.05	0.005	0.06	0.14
0.07	0.09	0.16	0.09	0.105	0.105	0.075	0.06	0.045	0.03	0.01	0.16
0.1	0.125	0.11	0.105	0.12	0.045	0.08	0.045	0.06	0.065	0.02	0.125
0.09	0.11	0.125	0.13	0.12	0.095	0.045	0.05	0.04	0.035	0.025	0.135
0.09	0.09	0.215	0.135	0.105	0.105	0.035	0.045	0.04	0.045	0.02	0.075
0.09	0.11	0.12	0.135	0.155	0.085	0.05	0.05	0.03	0.04	0.015	0.12
0.07	0.18	0.135	0.15	0.11	0.11	0.055	0.03	0.035	0.015	0.015	0.095
0.13	0.12	0.1	0.12	0.15	0.13	0.085	0.045	0.025	0.015	0.005	0.075
0.095	0.155	0.13	0.185	0.15	0.1	0.025	0.035	0.045	0.005	0.025	0.05
0.09	0.11	0.165	0.155	0.105	0.08	0.065	0.05	0.04	0.03	0.005	0.105
0.1	0.16	0.12	0.155	0.09	0.08	0.075	0.065	0.05	0.04	0.015	0.05
0.115	0.175	0.19	0.085	0.145	0.095	0.04	0.045	0.015	0.025	0.025	0.045
0.175	0.105	0.155	0.135	0.055	0.085	0.075	0.02	0.065	0.04	0.03	0.06
0.11	0.23	0.18	0.125	0.105	0.065	0.035	0.04	0.03	0.025	0.015	0.04
0.165	0.15	0.24	0.08	0.135	0.065	0.025	0.03	0.025	0.015	0.005	0.065
0.105	0.17	0.21	0.16	0.1	0.065	0.08	0.035	0.02	0.01	0.015	0.03
0.125	0.155	0.175	0.13	0.115	0.055	0.095	0.035	0.035	0.03	0.005	0.045
0.075	0.205	0.12	0.21	0.1	0.11	0.075	0.06	0.025	0.005	0.005	0.01
0.22	0.135	0.185	0.13	0.115	0.08	0.04	0.03	0.02	0.01	0.005	0.03
0.16	0.21	0.155	0.125	0.1	0.105	0.04	0.02	0.015	0.02	0.015	0.035
0.11	0.23	0.195	0.085	0.125	0.06	0.05	0.05	0.035	0.03	0.005	0.025
0.145	0.2	0.25	0.155	0.075	0.085	0.035	0.015	0.005	0.025	0	0.01
0.175	0.175	0.16	0.195	0.145	0.045	0.02	0.025	0.02	0.025	0	0.015
0.105	0.23	0.21	0.17	0.125	0.085	0.005	0.02	0.005	0.02	0.01	0.015
0.11	0.15	0.26	0.17	0.09	0.085	0.08	0.01	0.01	0.005	0.01	0.02
0.15	0.215	0.21	0.185	0.085	0.065	0.035	0.025	0	0.015	0.005	0.01
0.245	0.2	0.175	0.14	0.115	0.035	0.045	0.025	0	0	0.01	0.01
#######PARAMETER SECTION#######
800	400	1200	-4	800	-0.25	1
0.18	0.01	1	-4	0.18	-0.25	1
-1.36	-5	-0.001	-4	-1.36	-0.25	1
0.1	0.05	0.3	-4	0.1	-0.25	1
0.2	0.01	0.5	-4	0.2	-0.25	1
0.75	0.20001	1	-3	0.75	-0.25	1
13.815511	-1	200	1	13.815511	-0.25	1
0	-1	1	-4	0	-0.25	1
0.2	1e-04	1.2	-3	0.2	-0.25	1
0	-10	10	-6	0	-1	1
0	-10	10	-6	0	-1	1
2	0	12	2	2	-0.5	1
1	0	12	2	1	-0.5	1
2	0	12	-2	2	-0.5	1
1	0	12	-2	1	-0.5	1
1.5	0	12	2	1.5	-0.5	1
2	0	12	2	2	-0.5	1
-14.8893487728435	-30	5	1	-14.8893487728435	-1	1
1	0.1	2	-1	1	-1	1
-1.52602787240037	-10	1.39	1	-1.52602787240037	-1	1
#######DEV CONSTRAINTS and DEVS#######
-15	15	2
-15	15	2
-15	15	2
0	0	0	0	0	0	0	0	0	0	0	0	0	0	0	0	0	0	0	0	0	0	0	0	0	0	0	0	0	0
0	0	0	0	0	0	0	0	0	0	0	0	0	0	0	0	0	0	0	0	0	0	0	0	0	0	0	0	0	0
0	0	0	0	0	0	0	0	0	0	0
#######LIKELIHOOD WEIGHTS#######
1
1
1
1
0
1
0
0
0
#######MISCELLANEOUS STUFF SECTION#######
2.5e-08
3
0.5	0.5	0.5	0.5	0.5	0.5	0.5	0.5	0.5	0.5	0.5	0.5
0.0229773699100256	0.320821300824607	0.904650535100891	0.994779874306442	0.999738809680904	0.999986992871533	0.999999352405202	0.999999967758134	0.999999998394772	0.99999999992008	0.999999999996021	0.999999999999802
0.2	0.2	0.2	0.2	0.2	0.2	0.2	0.2	0.2	0.2	0.2	0.2
0
1
10
0.2
1
1	0	0	0	0	0	0	0	0	0	0	0
0	1	0	0	0	0	0	0	0	0	0	0
0	0	1	0	0	0	0	0	0	0	0	0
0	0	0	1	0	0	0	0	0	0	0	0
0	0	0	0	1	0	0	0	0	0	0	0
0	0	0	0	0	1	0	0	0	0	0	0
0	0	0	0	0	0	1	0	0	0	0	0
0	0	0	0	0	0	0	1	0	0	0	0
0	0	0	0	0	0	0	0	1	0	0	0
0	0	0	0	0	0	0	0	0	1	0	0
0	0	0	0	0	0	0	0	0	0	1	0
0	0	0	0	0	0	0	0	0	0	0	1
40
31
2
1
#######END OF DATA FILE#######
999
