# Number of parameters = 77  Objective function value = 26241.9  Maximum gradient component = 0.00344998
# sel_params[1]:
2.11944563881
# sel_params[2]:
1.09120003711
# log_Fmult_year1:
 -4.61396414978
# log_Fmult_devs:
 1.06292424607 0.506906141372 0.302429882984 -0.231140043988 0.587175826411 0.0164160822800 0.750416936631 -0.519965333358 0.196580344085 0.115066055528 0.0842622056288 -0.331310877276 0.383413281474 0.0533757129830 -0.112381178991 0.676071114343 -0.217538932517 -0.0132838817537 -0.0197501817844 0.315849761112 -0.316884790342 0.489147250913 -0.186868606717 -0.00483141157167 -0.0873065635334 -0.0213812528179 0.347013289774 -0.269057950356 0.421225994365
# log_recruit_devs:
 -0.117792850194 -0.0379449559874 -0.261200458802 -0.358977704066 0.0273835731785 0.151998656651 0.0282216659139 -0.130792017225 0.186081634753 0.0496922658508 -0.226361977360 -0.0394476661319 0.00348483283204 0.0634194473895 0.0995821725147 -0.00371409418587 -0.0268962564519 0.196564925205 0.142095889036 0.0401601722698 0.110526887123 -0.0510643549081 -0.0110685775190 0.0737143638116 0.0420795530899 0.274619686737 -0.00588963569914 -0.382600223383 0.237123409710 -0.0729983641535
# log_N_year1_devs:
 -0.000288953682423 0.0400369680092 -0.0760627632244 0.0147733769430 -0.0439790585917 -0.257984327144 -0.0993081081336 -0.191522743901 -0.351650870512 0.103068037024 -0.142655754335
# log_q_year1:
 -7.99555705370
# log_q_devs:
 0.00000000000 0.00000000000 0.00000000000 0.00000000000 0.00000000000 0.00000000000 0.00000000000 0.00000000000 0.00000000000 0.00000000000 0.00000000000 0.00000000000 0.00000000000 0.00000000000 0.00000000000 0.00000000000 0.00000000000 0.00000000000 0.00000000000 0.00000000000 0.00000000000 0.00000000000 0.00000000000 0.00000000000 0.00000000000 0.00000000000 0.00000000000 0.00000000000 0.00000000000
# index_sel_params[1]:
1.49692119220
# index_sel_params[2]:
0.516493912706
# log_SR_scaler:
6.94692100859
# SR_steepness:
0.750000000000
