#styr												
1
#endyr												
30
#rec_age										
1															
#n_ages										
12
# numbers of length intervals
81
#Length	bin
10	11	12	13	14	15	16	17	18	19	20	21	22	23	24	25	26	27	28	29	30	31	32	33	34	35	36	37	38	39	40	41	42	43	44	45	46	47	48	49	50	51	52	53	54	55	56	57	58	59	60	61	62	63	64	65	66	67	68	69	70	71	72	73	74	75	76	77	78	79	80	81	82	83	84	85	86	87	88	89	90
#nfsh
1
#names_fsh
FLEET1												
#catch												
161.381598814986	458.5204715644	743.08403534828	952.348190315895	721.940678909018	1245.66374809554	1176.50736515674	2280.38384534102	1210.34589332189	1424.75165232371	1553.22062896853	1573.45630860343	1106.93395497507	1565.22895649963	1523.61451362356	1272.45461760879	2222.45558048016	1581.76373029668	1403.02416127014	1290.64866866748	1608.92655745305	1065.96391867988	1598.33917121001	1194.70426474439	1130.31387268857	1018.18801878432	1015.17242664385	1357.90069187245	963.576116907746	1360.95517162981
#catch_cv											
0.01	0.01	0.01	0.01	0.01	0.01	0.01	0.01	0.01	0.01	0.01	0.01	0.01	0.01	0.01	0.01	0.01	0.01	0.01	0.01	0.01	0.01	0.01	0.01	0.01	0.01	0.01	0.01	0.01	0.01
#n_ages_fsh								
30		
#n_lengths_fsh								
0															
#yrs_ages_fsh								
1	2	3	4	5	6	7	8	9	10	11	12	13	14	15	16	17	18	19	20	21	22	23	24	25	26	27	28	29	30	
#sample_ages_fsh							
200	200	200	200	200	200	200	200	200	200	200	200	200	200	200	200	200	200	200	200	200	200	200	200	200	200	200	200	200	200
#page_fsh	2	3	4	5	6	7	8	9	10	11						
0.065	0.085	0.15	0.13	0.1	0.125	0.025	0.085	0.055	0.035	0.025	0.12
0.08	0.13	0.085	0.135	0.085	0.095	0.075	0.04	0.075	0.06	0.03	0.11
0.055	0.095	0.12	0.085	0.105	0.08	0.075	0.055	0.04	0.06	0.035	0.195
0.045	0.095	0.13	0.105	0.095	0.125	0.05	0.07	0.04	0.02	0.055	0.17
0.07	0.1	0.105	0.19	0.11	0.09	0.09	0.075	0.005	0.05	0.01	0.105
0.075	0.12	0.145	0.09	0.105	0.11	0.075	0.065	0.055	0.035	0.035	0.09
0.07	0.145	0.12	0.135	0.11	0.065	0.07	0.04	0.04	0.01	0.055	0.14
0.09	0.115	0.155	0.155	0.105	0.06	0.06	0.07	0.05	0.025	0.02	0.095
0.125	0.15	0.16	0.095	0.11	0.065	0.06	0.05	0.04	0.025	0.03	0.09
0.095	0.14	0.225	0.155	0.065	0.06	0.06	0.02	0.05	0.025	0.01	0.095
0.12	0.13	0.165	0.205	0.105	0.055	0.05	0.055	0.015	0.02	0.015	0.065
0.13	0.12	0.19	0.155	0.115	0.055	0.05	0.06	0.03	0	0.015	0.08
0.075	0.155	0.125	0.175	0.12	0.09	0.03	0.065	0.04	0.03	0.015	0.08
0.045	0.14	0.205	0.105	0.16	0.095	0.07	0.02	0.055	0.035	0.025	0.045
0.12	0.08	0.15	0.17	0.11	0.13	0.085	0.065	0.025	0.015	0.005	0.045
0.085	0.2	0.09	0.16	0.115	0.065	0.07	0.05	0.055	0.035	0.01	0.065
0.08	0.175	0.175	0.075	0.175	0.105	0.055	0.05	0.03	0.005	0.035	0.04
0.145	0.115	0.235	0.18	0.06	0.055	0.05	0.025	0.045	0.015	0.025	0.05
0.12	0.2	0.13	0.205	0.135	0.04	0.025	0.04	0.015	0.025	0.02	0.045
0.12	0.2	0.2	0.08	0.13	0.085	0.035	0.03	0.03	0.03	0.015	0.045
0.155	0.175	0.145	0.165	0.06	0.095	0.075	0.01	0.03	0.045	0.015	0.03
0.13	0.19	0.25	0.14	0.12	0.05	0.035	0.03	0.01	0.005	0.01	0.03
0.195	0.135	0.15	0.175	0.09	0.075	0.035	0.03	0.03	0.015	0.015	0.055
0.16	0.22	0.18	0.155	0.12	0.045	0.035	0.03	0.01	0.01	0.005	0.03
0.14	0.31	0.195	0.12	0.105	0.035	0.015	0.025	0.01	0.015	0.01	0.02
0.17	0.21	0.235	0.14	0.06	0.055	0.045	0.03	0.02	0.005	0.01	0.02
0.095	0.28	0.195	0.205	0.1	0.04	0.025	0.015	0.015	0.01	0.005	0.015
0.13	0.15	0.245	0.17	0.14	0.065	0.045	0.015	0.01	0.01	0.01	0.01
0.18	0.25	0.145	0.215	0.07	0.07	0.04	0.01	0.005	0.005	0.005	0.005
0.17	0.175	0.215	0.135	0.15	0.06	0.04	0.02	0.015	0.015	0	0.005
#wt_age_fsh	1 2	3	4	5	6	7	8	9	10	11						
0.000530656	0.001196328	0.002058265	0.003034987	0.004055212	0.005064698	0.006026226	0.006916921	0.007724891	0.008446113	0.009081853	0.009636695
0.000530656	0.001196328	0.002058265	0.003034987	0.004055212	0.005064698	0.006026226	0.006916921	0.007724891	0.008446113	0.009081853	0.009636695
0.000530656	0.001196328	0.002058265	0.003034987	0.004055212	0.005064698	0.006026226	0.006916921	0.007724891	0.008446113	0.009081853	0.009636695
0.000530656	0.001196328	0.002058265	0.003034987	0.004055212	0.005064698	0.006026226	0.006916921	0.007724891	0.008446113	0.009081853	0.009636695
0.000530656	0.001196328	0.002058265	0.003034987	0.004055212	0.005064698	0.006026226	0.006916921	0.007724891	0.008446113	0.009081853	0.009636695
0.000530656	0.001196328	0.002058265	0.003034987	0.004055212	0.005064698	0.006026226	0.006916921	0.007724891	0.008446113	0.009081853	0.009636695
0.000530656	0.001196328	0.002058265	0.003034987	0.004055212	0.005064698	0.006026226	0.006916921	0.007724891	0.008446113	0.009081853	0.009636695
0.000530656	0.001196328	0.002058265	0.003034987	0.004055212	0.005064698	0.006026226	0.006916921	0.007724891	0.008446113	0.009081853	0.009636695
0.000530656	0.001196328	0.002058265	0.003034987	0.004055212	0.005064698	0.006026226	0.006916921	0.007724891	0.008446113	0.009081853	0.009636695
0.000530656	0.001196328	0.002058265	0.003034987	0.004055212	0.005064698	0.006026226	0.006916921	0.007724891	0.008446113	0.009081853	0.009636695
0.000530656	0.001196328	0.002058265	0.003034987	0.004055212	0.005064698	0.006026226	0.006916921	0.007724891	0.008446113	0.009081853	0.009636695
0.000530656	0.001196328	0.002058265	0.003034987	0.004055212	0.005064698	0.006026226	0.006916921	0.007724891	0.008446113	0.009081853	0.009636695
0.000530656	0.001196328	0.002058265	0.003034987	0.004055212	0.005064698	0.006026226	0.006916921	0.007724891	0.008446113	0.009081853	0.009636695
0.000530656	0.001196328	0.002058265	0.003034987	0.004055212	0.005064698	0.006026226	0.006916921	0.007724891	0.008446113	0.009081853	0.009636695
0.000530656	0.001196328	0.002058265	0.003034987	0.004055212	0.005064698	0.006026226	0.006916921	0.007724891	0.008446113	0.009081853	0.009636695
0.000530656	0.001196328	0.002058265	0.003034987	0.004055212	0.005064698	0.006026226	0.006916921	0.007724891	0.008446113	0.009081853	0.009636695
0.000530656	0.001196328	0.002058265	0.003034987	0.004055212	0.005064698	0.006026226	0.006916921	0.007724891	0.008446113	0.009081853	0.009636695
0.000530656	0.001196328	0.002058265	0.003034987	0.004055212	0.005064698	0.006026226	0.006916921	0.007724891	0.008446113	0.009081853	0.009636695
0.000530656	0.001196328	0.002058265	0.003034987	0.004055212	0.005064698	0.006026226	0.006916921	0.007724891	0.008446113	0.009081853	0.009636695
0.000530656	0.001196328	0.002058265	0.003034987	0.004055212	0.005064698	0.006026226	0.006916921	0.007724891	0.008446113	0.009081853	0.009636695
0.000530656	0.001196328	0.002058265	0.003034987	0.004055212	0.005064698	0.006026226	0.006916921	0.007724891	0.008446113	0.009081853	0.009636695
0.000530656	0.001196328	0.002058265	0.003034987	0.004055212	0.005064698	0.006026226	0.006916921	0.007724891	0.008446113	0.009081853	0.009636695
0.000530656	0.001196328	0.002058265	0.003034987	0.004055212	0.005064698	0.006026226	0.006916921	0.007724891	0.008446113	0.009081853	0.009636695
0.000530656	0.001196328	0.002058265	0.003034987	0.004055212	0.005064698	0.006026226	0.006916921	0.007724891	0.008446113	0.009081853	0.009636695
0.000530656	0.001196328	0.002058265	0.003034987	0.004055212	0.005064698	0.006026226	0.006916921	0.007724891	0.008446113	0.009081853	0.009636695
0.000530656	0.001196328	0.002058265	0.003034987	0.004055212	0.005064698	0.006026226	0.006916921	0.007724891	0.008446113	0.009081853	0.009636695
0.000530656	0.001196328	0.002058265	0.003034987	0.004055212	0.005064698	0.006026226	0.006916921	0.007724891	0.008446113	0.009081853	0.009636695
0.000530656	0.001196328	0.002058265	0.003034987	0.004055212	0.005064698	0.006026226	0.006916921	0.007724891	0.008446113	0.009081853	0.009636695
0.000530656	0.001196328	0.002058265	0.003034987	0.004055212	0.005064698	0.006026226	0.006916921	0.007724891	0.008446113	0.009081853	0.009636695
0.000530656	0.001196328	0.002058265	0.003034987	0.004055212	0.005064698	0.006026226	0.006916921	0.007724891	0.008446113	0.009081853	0.009636695
#nind
1
#ind_names									
SURVEY1									
#nobs_ind
30
#yrs_ind											
1	2	3	4	5	6	7	8	9	10	11	12	13	14	15	16	17	18	19	20	21	22	23	24	25	26	27	28	29	30	
#month_ind										
1															
#biom_ind											
1.55406545817713	1.76984511860711	1.26919571005663	1.51858871428171	1.2559346332768	1.25942159678444	1.50965130103426	1.26740790247138	1.24319783175711	1.362915808193	1.40765882123984	1.25867938870386	1.2061950304206	1.23916028913373	1.0098311739702	1.00631224484735	0.952046622656376	0.877447059604746	0.909866080692166	0.87364269894852	0.689848940476079	0.660014431856924	0.708148466979684	0.681032406052254	0.603737766143516	0.826819751722363	0.664954360096699	0.519536577991849	0.530204762591965	0.617090447148212
#biom_cv																
0.310813091635425	0.353969023721421	0.253839142011327	0.303717742856342	0.251186926655359	0.251884319356888	0.301930260206852	0.253481580494275	0.248639566351422	0.2725831616386	0.281531764247968	0.251735877740771	0.241239006084119	0.247832057826745	0.20196623479404	0.201262448969471	0.190409324531275	0.175489411920949	0.181973216138433	0.174728539789704	0.137969788095216	0.132002886371385	0.141629693395937	0.136206481210451	0.120747553228703	0.165363950344473	0.13299087201934	0.10390731559837	0.106040952518393	0.123418089429642
#n_ages_ind															
30			
#n_lengths_ind															
0															
#yrs_ages_ind															
1	2	3	4	5	6	7	8	9	10	11	12	13	14	15	16	17	18	19	20	21	22	23	24	25	26	27	28	29	30	
#sample_ages_ind					
200	200	200	200	200	200	200	200	200	200	200	200	200	200	200	200	200	200	200	200	200	200	200	200	200	200	200	200	200	200
#page_ind						
0.07	0.1	0.165	0.14	0.12	0.06	0.05	0.035	0.055	0.025	0.01	0.17
0.065	0.085	0.15	0.12	0.115	0.09	0.03	0.06	0.06	0.045	0.05	0.13
0.065	0.11	0.16	0.14	0.11	0.07	0.065	0.045	0.055	0.035	0.015	0.13
0.06	0.09	0.16	0.11	0.145	0.065	0.065	0.04	0.065	0.035	0.035	0.13
0.075	0.155	0.115	0.13	0.1	0.065	0.05	0.055	0.065	0.045	0.01	0.135
0.03	0.235	0.135	0.095	0.075	0.105	0.06	0.045	0.03	0.04	0.055	0.095
0.065	0.185	0.155	0.125	0.1	0.05	0.065	0.04	0.035	0.045	0.035	0.1
0.1	0.16	0.135	0.16	0.085	0.045	0.055	0.06	0.04	0.02	0.035	0.105
0.075	0.21	0.125	0.055	0.11	0.08	0.06	0.055	0.055	0.025	0.03	0.12
0.09	0.215	0.18	0.12	0.08	0.06	0.04	0.015	0.035	0.035	0.04	0.09
0.06	0.175	0.195	0.185	0.085	0.065	0.065	0.035	0.025	0.02	0.03	0.06
0.05	0.16	0.21	0.165	0.1	0.105	0.045	0.045	0.025	0.02	0.02	0.055
0.1	0.15	0.135	0.155	0.11	0.095	0.075	0.025	0.05	0.025	0.015	0.065
0.03	0.17	0.19	0.11	0.16	0.125	0.06	0.03	0.02	0.025	0.005	0.075
0.075	0.095	0.195	0.185	0.105	0.105	0.06	0.06	0.05	0	0.02	0.05
0.14	0.21	0.1	0.13	0.115	0.08	0.035	0.045	0.05	0.02	0.01	0.065
0.095	0.195	0.19	0.105	0.095	0.075	0.075	0.07	0.035	0.02	0.015	0.03
0.145	0.125	0.22	0.185	0.05	0.07	0.06	0.045	0.035	0.02	0.015	0.03
0.065	0.26	0.145	0.19	0.13	0.045	0.02	0.035	0.025	0.015	0.025	0.045
0.105	0.205	0.21	0.11	0.125	0.06	0.075	0.01	0.045	0.02	0	0.035
0.14	0.14	0.22	0.21	0.065	0.08	0.035	0.015	0.045	0.015	0.015	0.02
0.08	0.235	0.275	0.1	0.155	0.045	0.03	0.02	0.01	0.025	0.005	0.02
0.125	0.235	0.22	0.17	0.07	0.06	0.045	0.025	0.005	0.015	0.01	0.02
0.15	0.235	0.215	0.15	0.09	0.06	0.04	0.01	0.025	0.015	0.005	0.005
0.1	0.315	0.185	0.13	0.1	0.075	0.02	0.02	0.03	0	0.005	0.02
0.125	0.21	0.305	0.13	0.075	0.035	0.065	0.025	0.02	0	0	0.01
0.08	0.375	0.135	0.165	0.085	0.065	0.03	0.025	0.015	0.005	0.005	0.015
0.155	0.185	0.27	0.11	0.12	0.04	0.035	0.035	0.025	0.015	0	0.01
0.12	0.26	0.21	0.175	0.065	0.095	0.03	0.015	0.015	0.01	0	0.005
0.11	0.215	0.275	0.07	0.145	0.06	0.06	0.02	0.025	0.01	0.005	0.005
#wt_age_ind						
1 1 1 1 1 1 1 1 1 1 1 1 
1 1 1 1 1 1 1 1 1 1 1 1 
1 1 1 1 1 1 1 1 1 1 1 1 
1 1 1 1 1 1 1 1 1 1 1 1 
1 1 1 1 1 1 1 1 1 1 1 1 
1 1 1 1 1 1 1 1 1 1 1 1 
1 1 1 1 1 1 1 1 1 1 1 1 
1 1 1 1 1 1 1 1 1 1 1 1 
1 1 1 1 1 1 1 1 1 1 1 1 
1 1 1 1 1 1 1 1 1 1 1 1 
1 1 1 1 1 1 1 1 1 1 1 1 
1 1 1 1 1 1 1 1 1 1 1 1 
1 1 1 1 1 1 1 1 1 1 1 1 
1 1 1 1 1 1 1 1 1 1 1 1 
1 1 1 1 1 1 1 1 1 1 1 1 
1 1 1 1 1 1 1 1 1 1 1 1 
1 1 1 1 1 1 1 1 1 1 1 1 
1 1 1 1 1 1 1 1 1 1 1 1 
1 1 1 1 1 1 1 1 1 1 1 1 
1 1 1 1 1 1 1 1 1 1 1 1 
1 1 1 1 1 1 1 1 1 1 1 1 
1 1 1 1 1 1 1 1 1 1 1 1 
1 1 1 1 1 1 1 1 1 1 1 1 
1 1 1 1 1 1 1 1 1 1 1 1 
1 1 1 1 1 1 1 1 1 1 1 1 
1 1 1 1 1 1 1 1 1 1 1 1 
1 1 1 1 1 1 1 1 1 1 1 1 
1 1 1 1 1 1 1 1 1 1 1 1 
1 1 1 1 1 1 1 1 1 1 1 1 
1 1 1 1 1 1 1 1 1 1 1 1 
# wt_pop
0.000530656	0.001196328	0.002058265	0.003034987	0.004055212	0.005064698	0.006026226	0.006916921	0.007724891	0.008446113	0.009081853	0.009636695
#maturity
0.02297737 0.32082130 0.90465054 0.99477987 0.99973881 0.99998699 0.99999935 0.99999997 1 1 1 1
#spmonth						
1		
#age_err						
1	0	0	0	0	0	0	0	0	0	0	0
0	1	0	0	0	0	0	0	0	0	0	0
0	0	1	0	0	0	0	0	0	0	0	0
0	0	0	1	0	0	0	0	0	0	0	0
0	0	0	0	1	0	0	0	0	0	0	0
0	0	0	0	0	1	0	0	0	0	0	0
0	0	0	0	0	0	1	0	0	0	0	0
0	0	0	0	0	0	0	1	0	0	0	0
0	0	0	0	0	0	0	0	1	0	0	0
0	0	0	0	0	0	0	0	0	1	0	0
0	0	0	0	0	0	0	0	0	0	1	0
0	0	0	0	0	0	0	0	0	0	0	1																														
