# Number of parameters = 77  Objective function value = 26308.5  Maximum gradient component = 0.000115029
# sel_params[1]:
1.94864240690
# sel_params[2]:
0.974695550654
# log_Fmult_year1:
 -4.67061149739
# log_Fmult_devs:
 1.05637751567 0.509418346874 0.300392023857 -0.229945968785 0.592299338665 0.0121746140024 0.744178053412 -0.541219248240 0.196168118270 0.132172221387 0.0646515980518 -0.323181934589 0.372948922166 0.0446344153353 -0.109232836338 0.646512688503 -0.198909598464 0.00518793008140 -0.0108075535619 0.344523251226 -0.311420599422 0.499708894943 -0.199529806052 -0.0108883302550 -0.0976223723931 -0.00809515834576 0.352361428730 -0.274433266305 0.444287968752
# log_recruit_devs:
 0.0157143074837 -0.0889235203328 0.163252197878 0.0842029486641 0.168875370119 -0.0981522209900 0.147889353166 0.226925060848 -0.181342658941 -0.317851324253 -0.123432609104 -0.354166971613 0.0794840137426 -0.186820477784 0.0522904258890 -0.0585546002080 0.124244750711 -0.0531391831160 0.182543084689 -0.193293475558 0.112686721695 0.234952351490 0.0643455764862 -0.0889735005548 0.331162576461 0.0146235676303 -0.314130388350 -0.0472753227791 -0.0728670513406 0.175730997973
# log_N_year1_devs:
 0.0193688173235 -0.0408143989833 -0.0548109409559 0.0634226979005 -0.173589476732 -0.169725163428 0.0748296179742 -0.117966973507 -0.0481004640670 -0.203381632993 -0.0660709841587
# log_q_year1:
 -7.96757544768
# log_q_devs:
 0.00000000000 0.00000000000 0.00000000000 0.00000000000 0.00000000000 0.00000000000 0.00000000000 0.00000000000 0.00000000000 0.00000000000 0.00000000000 0.00000000000 0.00000000000 0.00000000000 0.00000000000 0.00000000000 0.00000000000 0.00000000000 0.00000000000 0.00000000000 0.00000000000 0.00000000000 0.00000000000 0.00000000000 0.00000000000 0.00000000000 0.00000000000 0.00000000000 0.00000000000
# index_sel_params[1]:
1.51297084405
# index_sel_params[2]:
0.492782529379
# log_SR_scaler:
6.92800377499
# SR_steepness:
0.750000000000
