#styr												
1
#endyr												
30
#rec_age										
1															
#n_ages										
12
# numbers of length intervals
81
#Length	bin
10	11	12	13	14	15	16	17	18	19	20	21	22	23	24	25	26	27	28	29	30	31	32	33	34	35	36	37	38	39	40	41	42	43	44	45	46	47	48	49	50	51	52	53	54	55	56	57	58	59	60	61	62	63	64	65	66	67	68	69	70	71	72	73	74	75	76	77	78	79	80	81	82	83	84	85	86	87	88	89	90
#nfsh
1
#names_fsh
FLEET1												
#catch												
160.750512157498	458.837971987533	748.942000273654	993.056245420749	773.409950837291	1327.60280408315	1302.46155473522	2506.42938969434	1351.66733483091	1557.83134250904	1611.17785318292	1580.83049678278	1066.34125249759	1459.75064932769	1447.374060755	1227.04053923772	2177.6526215842	1593.51946787779	1455.07466424215	1333.77252743716	1705.5038500623	1134.04061832556	1693.89681734828	1244.84399483639	1157.10563197214	1013.3913343112	988.080362038991	1326.4610955323	959.484852489293	1345.31693257519
#catch_cv											
0.01	0.01	0.01	0.01	0.01	0.01	0.01	0.01	0.01	0.01	0.01	0.01	0.01	0.01	0.01	0.01	0.01	0.01	0.01	0.01	0.01	0.01	0.01	0.01	0.01	0.01	0.01	0.01	0.01	0.01
#n_ages_fsh								
30		
#n_lengths_fsh								
0															
#yrs_ages_fsh								
1	2	3	4	5	6	7	8	9	10	11	12	13	14	15	16	17	18	19	20	21	22	23	24	25	26	27	28	29	30	
#sample_ages_fsh							
200	200	200	200	200	200	200	200	200	200	200	200	200	200	200	200	200	200	200	200	200	200	200	200	200	200	200	200	200	200
#page_fsh	2	3	4	5	6	7	8	9	10	11						
0.075	0.1	0.12	0.125	0.13	0.08	0.09	0.055	0.05	0.055	0.02	0.1
0.115	0.1	0.095	0.155	0.14	0.06	0.055	0.055	0.035	0.025	0.045	0.12
0.06	0.12	0.12	0.1	0.095	0.1	0.12	0.07	0.01	0.04	0.035	0.13
0.045	0.12	0.195	0.095	0.07	0.08	0.085	0.05	0.045	0.045	0.03	0.14
0.06	0.085	0.11	0.22	0.105	0.06	0.065	0.055	0.025	0.045	0.025	0.145
0.105	0.11	0.165	0.09	0.09	0.07	0.08	0.06	0.05	0.03	0.055	0.095
0.1	0.125	0.11	0.165	0.075	0.08	0.085	0.055	0.045	0.055	0.015	0.09
0.11	0.11	0.15	0.155	0.115	0.08	0.06	0.04	0.03	0.045	0.015	0.09
0.03	0.16	0.18	0.145	0.11	0.125	0.06	0.05	0.015	0.035	0.015	0.075
0.045	0.105	0.125	0.205	0.1	0.095	0.11	0.055	0.045	0	0.02	0.095
0.11	0.065	0.12	0.15	0.105	0.13	0.07	0.045	0.015	0.035	0.015	0.14
0.14	0.125	0.145	0.125	0.085	0.085	0.085	0.03	0.045	0.02	0.025	0.09
0.085	0.185	0.16	0.08	0.075	0.115	0.075	0.08	0.03	0.02	0.025	0.07
0.085	0.105	0.19	0.14	0.09	0.075	0.05	0.065	0.055	0.025	0.025	0.095
0.125	0.15	0.12	0.14	0.11	0.045	0.05	0.06	0.05	0.055	0.03	0.065
0.105	0.19	0.15	0.1	0.11	0.105	0.04	0.03	0.065	0.02	0.015	0.07
0.085	0.155	0.23	0.165	0.075	0.065	0.06	0.025	0.02	0.02	0.015	0.085
0.095	0.19	0.165	0.09	0.13	0.05	0.075	0.065	0.05	0.025	0.015	0.05
0.165	0.13	0.185	0.17	0.1	0.075	0.02	0.035	0.035	0.005	0.015	0.065
0.11	0.17	0.18	0.1	0.11	0.12	0.085	0.03	0.025	0.025	0.005	0.04
0.12	0.18	0.165	0.175	0.14	0.065	0.07	0.035	0	0.005	0.01	0.035
0.215	0.15	0.15	0.165	0.07	0.11	0.035	0.015	0.045	0.01	0.005	0.03
0.09	0.24	0.23	0.095	0.095	0.085	0.045	0.04	0.03	0.025	0.01	0.015
0.19	0.135	0.22	0.18	0.095	0.09	0.04	0.02	0.015	0	0	0.015
0.13	0.245	0.195	0.12	0.105	0.025	0.055	0.025	0.02	0.025	0.03	0.025
0.165	0.2	0.225	0.12	0.11	0.065	0.04	0.02	0.005	0.025	0.015	0.01
0.19	0.22	0.215	0.15	0.055	0.07	0.03	0.03	0.015	0	0.015	0.01
0.14	0.25	0.22	0.095	0.12	0.045	0.055	0.035	0.015	0.005	0.01	0.01
0.13	0.18	0.19	0.18	0.11	0.095	0.045	0.03	0.02	0.005	0.005	0.01
0.095	0.175	0.17	0.205	0.19	0.08	0.03	0.015	0.02	0	0.01	0.01
#wt_age_fsh	1 2	3	4	5	6	7	8	9	10	11						
0.000530656	0.001196328	0.002058265	0.003034987	0.004055212	0.005064698	0.006026226	0.006916921	0.007724891	0.008446113	0.009081853	0.009636695
0.000530656	0.001196328	0.002058265	0.003034987	0.004055212	0.005064698	0.006026226	0.006916921	0.007724891	0.008446113	0.009081853	0.009636695
0.000530656	0.001196328	0.002058265	0.003034987	0.004055212	0.005064698	0.006026226	0.006916921	0.007724891	0.008446113	0.009081853	0.009636695
0.000530656	0.001196328	0.002058265	0.003034987	0.004055212	0.005064698	0.006026226	0.006916921	0.007724891	0.008446113	0.009081853	0.009636695
0.000530656	0.001196328	0.002058265	0.003034987	0.004055212	0.005064698	0.006026226	0.006916921	0.007724891	0.008446113	0.009081853	0.009636695
0.000530656	0.001196328	0.002058265	0.003034987	0.004055212	0.005064698	0.006026226	0.006916921	0.007724891	0.008446113	0.009081853	0.009636695
0.000530656	0.001196328	0.002058265	0.003034987	0.004055212	0.005064698	0.006026226	0.006916921	0.007724891	0.008446113	0.009081853	0.009636695
0.000530656	0.001196328	0.002058265	0.003034987	0.004055212	0.005064698	0.006026226	0.006916921	0.007724891	0.008446113	0.009081853	0.009636695
0.000530656	0.001196328	0.002058265	0.003034987	0.004055212	0.005064698	0.006026226	0.006916921	0.007724891	0.008446113	0.009081853	0.009636695
0.000530656	0.001196328	0.002058265	0.003034987	0.004055212	0.005064698	0.006026226	0.006916921	0.007724891	0.008446113	0.009081853	0.009636695
0.000530656	0.001196328	0.002058265	0.003034987	0.004055212	0.005064698	0.006026226	0.006916921	0.007724891	0.008446113	0.009081853	0.009636695
0.000530656	0.001196328	0.002058265	0.003034987	0.004055212	0.005064698	0.006026226	0.006916921	0.007724891	0.008446113	0.009081853	0.009636695
0.000530656	0.001196328	0.002058265	0.003034987	0.004055212	0.005064698	0.006026226	0.006916921	0.007724891	0.008446113	0.009081853	0.009636695
0.000530656	0.001196328	0.002058265	0.003034987	0.004055212	0.005064698	0.006026226	0.006916921	0.007724891	0.008446113	0.009081853	0.009636695
0.000530656	0.001196328	0.002058265	0.003034987	0.004055212	0.005064698	0.006026226	0.006916921	0.007724891	0.008446113	0.009081853	0.009636695
0.000530656	0.001196328	0.002058265	0.003034987	0.004055212	0.005064698	0.006026226	0.006916921	0.007724891	0.008446113	0.009081853	0.009636695
0.000530656	0.001196328	0.002058265	0.003034987	0.004055212	0.005064698	0.006026226	0.006916921	0.007724891	0.008446113	0.009081853	0.009636695
0.000530656	0.001196328	0.002058265	0.003034987	0.004055212	0.005064698	0.006026226	0.006916921	0.007724891	0.008446113	0.009081853	0.009636695
0.000530656	0.001196328	0.002058265	0.003034987	0.004055212	0.005064698	0.006026226	0.006916921	0.007724891	0.008446113	0.009081853	0.009636695
0.000530656	0.001196328	0.002058265	0.003034987	0.004055212	0.005064698	0.006026226	0.006916921	0.007724891	0.008446113	0.009081853	0.009636695
0.000530656	0.001196328	0.002058265	0.003034987	0.004055212	0.005064698	0.006026226	0.006916921	0.007724891	0.008446113	0.009081853	0.009636695
0.000530656	0.001196328	0.002058265	0.003034987	0.004055212	0.005064698	0.006026226	0.006916921	0.007724891	0.008446113	0.009081853	0.009636695
0.000530656	0.001196328	0.002058265	0.003034987	0.004055212	0.005064698	0.006026226	0.006916921	0.007724891	0.008446113	0.009081853	0.009636695
0.000530656	0.001196328	0.002058265	0.003034987	0.004055212	0.005064698	0.006026226	0.006916921	0.007724891	0.008446113	0.009081853	0.009636695
0.000530656	0.001196328	0.002058265	0.003034987	0.004055212	0.005064698	0.006026226	0.006916921	0.007724891	0.008446113	0.009081853	0.009636695
0.000530656	0.001196328	0.002058265	0.003034987	0.004055212	0.005064698	0.006026226	0.006916921	0.007724891	0.008446113	0.009081853	0.009636695
0.000530656	0.001196328	0.002058265	0.003034987	0.004055212	0.005064698	0.006026226	0.006916921	0.007724891	0.008446113	0.009081853	0.009636695
0.000530656	0.001196328	0.002058265	0.003034987	0.004055212	0.005064698	0.006026226	0.006916921	0.007724891	0.008446113	0.009081853	0.009636695
0.000530656	0.001196328	0.002058265	0.003034987	0.004055212	0.005064698	0.006026226	0.006916921	0.007724891	0.008446113	0.009081853	0.009636695
0.000530656	0.001196328	0.002058265	0.003034987	0.004055212	0.005064698	0.006026226	0.006916921	0.007724891	0.008446113	0.009081853	0.009636695
#nind
1
#ind_names									
SURVEY1									
#nobs_ind
30
#yrs_ind											
1	2	3	4	5	6	7	8	9	10	11	12	13	14	15	16	17	18	19	20	21	22	23	24	25	26	27	28	29	30	
#month_ind										
1															
#biom_ind											
1.58266278225226	1.6256461538251	1.72964464195177	1.39025742880483	1.69128198859852	1.56020190417198	1.32004724446344	1.6250848619916	1.3992541038394	1.25540318622688	1.22682251231755	1.14569373115776	0.924722753004667	1.0119018358101	0.895750812277008	1.02519106602362	1.01989664607462	0.846025932918006	0.875816556336765	0.699435629528716	0.7245529539418	0.586267870898062	0.628799975603908	0.622524637053159	0.642830800651036	0.509656980132828	0.561430254376005	0.617359456327529	0.559172329339761	0.648959358256201
#biom_cv																
0.316532556450451	0.325129230765021	0.345928928390355	0.278051485760965	0.338256397719703	0.312040380834397	0.264009448892688	0.32501697239832	0.279850820767879	0.251080637245376	0.245364502463509	0.229138746231552	0.184944550600933	0.202380367162021	0.179150162455402	0.205038213204724	0.203979329214925	0.169205186583601	0.175163311267353	0.139887125905743	0.14491059078836	0.117253574179612	0.125759995120782	0.124504927410632	0.128566160130207	0.101931396026566	0.112286050875201	0.123471891265506	0.111834465867952	0.12979187165124
#n_ages_ind															
30			
#n_lengths_ind															
0															
#yrs_ages_ind															
1	2	3	4	5	6	7	8	9	10	11	12	13	14	15	16	17	18	19	20	21	22	23	24	25	26	27	28	29	30	
#sample_ages_ind					
200	200	200	200	200	200	200	200	200	200	200	200	200	200	200	200	200	200	200	200	200	200	200	200	200	200	200	200	200	200
#page_ind						
0.085	0.145	0.12	0.14	0.095	0.105	0.055	0.05	0.04	0.04	0.03	0.095
0.08	0.13	0.145	0.14	0.08	0.095	0.065	0.055	0.015	0.035	0.03	0.13
0.055	0.15	0.145	0.115	0.075	0.095	0.08	0.095	0.025	0.045	0.015	0.105
0.095	0.15	0.145	0.115	0.125	0.065	0.065	0.08	0.025	0.03	0.025	0.08
0.05	0.23	0.145	0.16	0.085	0.065	0.035	0.06	0.025	0.015	0.035	0.095
0.07	0.075	0.175	0.12	0.155	0.095	0.05	0.055	0.015	0.015	0.04	0.135
0.08	0.16	0.1	0.175	0.12	0.07	0.05	0.04	0.02	0.04	0.015	0.13
0.045	0.15	0.2	0.08	0.11	0.085	0.095	0.045	0.045	0.03	0.005	0.11
0.06	0.19	0.17	0.135	0.095	0.085	0.055	0.05	0.015	0.035	0.035	0.075
0.025	0.19	0.165	0.145	0.105	0.03	0.07	0.05	0.035	0.03	0.03	0.125
0.105	0.115	0.14	0.19	0.12	0.06	0.05	0.035	0.03	0.055	0.025	0.075
0.11	0.17	0.105	0.115	0.105	0.125	0.075	0.035	0.07	0.01	0.02	0.06
0.045	0.225	0.185	0.105	0.115	0.085	0.05	0.025	0.035	0.025	0.03	0.075
0.095	0.1	0.17	0.165	0.065	0.095	0.055	0.065	0.03	0.02	0.03	0.11
0.11	0.245	0.135	0.17	0.09	0.06	0.05	0.045	0.03	0.02	0	0.045
0.09	0.23	0.265	0.09	0.06	0.095	0.04	0.035	0.025	0.02	0.015	0.035
0.11	0.135	0.24	0.19	0.05	0.07	0.065	0.045	0.02	0.005	0.03	0.04
0.1	0.21	0.185	0.18	0.1	0.035	0.05	0.055	0.005	0.015	0.015	0.05
0.14	0.21	0.185	0.185	0.095	0.07	0.04	0	0.01	0.01	0.015	0.04
0.13	0.2	0.19	0.095	0.12	0.09	0.055	0.02	0.035	0.025	0.015	0.025
0.095	0.17	0.295	0.155	0.135	0.06	0.04	0.02	0.01	0.01	0.005	0.005
0.1	0.295	0.17	0.13	0.07	0.075	0.045	0.04	0.02	0.01	0.01	0.035
0.14	0.235	0.215	0.115	0.075	0.06	0.04	0.035	0.03	0.02	0.01	0.025
0.14	0.24	0.175	0.18	0.06	0.065	0.035	0.025	0.03	0.01	0.02	0.02
0.09	0.295	0.16	0.17	0.105	0.025	0.065	0.035	0.015	0.005	0.015	0.02
0.16	0.215	0.24	0.13	0.085	0.035	0.045	0.025	0.01	0.02	0	0.035
0.15	0.295	0.195	0.14	0.07	0.065	0.03	0.035	0.01	0.01	0	0
0.085	0.26	0.285	0.095	0.095	0.07	0.05	0.015	0.02	0.005	0	0.02
0.14	0.24	0.215	0.17	0.085	0.08	0.025	0.02	0.01	0.01	0	0.005
0.135	0.25	0.185	0.195	0.095	0.045	0.035	0.025	0.01	0.01	0	0.015
#wt_age_ind						
1 1 1 1 1 1 1 1 1 1 1 1 
1 1 1 1 1 1 1 1 1 1 1 1 
1 1 1 1 1 1 1 1 1 1 1 1 
1 1 1 1 1 1 1 1 1 1 1 1 
1 1 1 1 1 1 1 1 1 1 1 1 
1 1 1 1 1 1 1 1 1 1 1 1 
1 1 1 1 1 1 1 1 1 1 1 1 
1 1 1 1 1 1 1 1 1 1 1 1 
1 1 1 1 1 1 1 1 1 1 1 1 
1 1 1 1 1 1 1 1 1 1 1 1 
1 1 1 1 1 1 1 1 1 1 1 1 
1 1 1 1 1 1 1 1 1 1 1 1 
1 1 1 1 1 1 1 1 1 1 1 1 
1 1 1 1 1 1 1 1 1 1 1 1 
1 1 1 1 1 1 1 1 1 1 1 1 
1 1 1 1 1 1 1 1 1 1 1 1 
1 1 1 1 1 1 1 1 1 1 1 1 
1 1 1 1 1 1 1 1 1 1 1 1 
1 1 1 1 1 1 1 1 1 1 1 1 
1 1 1 1 1 1 1 1 1 1 1 1 
1 1 1 1 1 1 1 1 1 1 1 1 
1 1 1 1 1 1 1 1 1 1 1 1 
1 1 1 1 1 1 1 1 1 1 1 1 
1 1 1 1 1 1 1 1 1 1 1 1 
1 1 1 1 1 1 1 1 1 1 1 1 
1 1 1 1 1 1 1 1 1 1 1 1 
1 1 1 1 1 1 1 1 1 1 1 1 
1 1 1 1 1 1 1 1 1 1 1 1 
1 1 1 1 1 1 1 1 1 1 1 1 
1 1 1 1 1 1 1 1 1 1 1 1 
# wt_pop
0.000530656	0.001196328	0.002058265	0.003034987	0.004055212	0.005064698	0.006026226	0.006916921	0.007724891	0.008446113	0.009081853	0.009636695
#maturity
0.02297737 0.32082130 0.90465054 0.99477987 0.99973881 0.99998699 0.99999935 0.99999997 1 1 1 1
#spmonth						
1		
#age_err						
1	0	0	0	0	0	0	0	0	0	0	0
0	1	0	0	0	0	0	0	0	0	0	0
0	0	1	0	0	0	0	0	0	0	0	0
0	0	0	1	0	0	0	0	0	0	0	0
0	0	0	0	1	0	0	0	0	0	0	0
0	0	0	0	0	1	0	0	0	0	0	0
0	0	0	0	0	0	1	0	0	0	0	0
0	0	0	0	0	0	0	1	0	0	0	0
0	0	0	0	0	0	0	0	1	0	0	0
0	0	0	0	0	0	0	0	0	1	0	0
0	0	0	0	0	0	0	0	0	0	1	0
0	0	0	0	0	0	0	0	0	0	0	1																														
