#######GENERAL HEADER INPUT#######
1
30
1
30
1
30
30
12
1	2	3	4	5	6	7	8	9	10	11	12
12
1	2	3	4	5	6	7	8	9	10	11	12
1
1001
1
1
#######SURVEY DATA#######
30
1	2	3	4	5	6	7	8	9	10	11	12	13	14	15	16	17	18	19	20	21	22	23	24	25	26	27	28	29	30
1.6842651934324	1.78113609123538	1.3953318459616	1.35296484231449	1.38231138117844	1.39625514876839	1.32549430984453	1.13228682996693	1.16438517944173	1.03047046669557	1.05415397308097	0.944278200438221	0.937518942635579	0.780343144060278	0.852048324765624	0.850273356564154	0.863832339392817	0.793668714132537	0.919332277204824	0.761655453883449	0.786185889082478	0.629394411414681	0.858706146615778	0.872315637780672	0.776651837067865	0.790117369982573	0.811139951468291	0.736354272313792	0.571598387108234	0.540990240266271
0.2	0.2	0.2	0.2	0.2	0.2	0.2	0.2	0.2	0.2	0.2	0.2	0.2	0.2	0.2	0.2	0.2	0.2	0.2	0.2	0.2	0.2	0.2	0.2	0.2	0.2	0.2	0.2	0.2	0.2
30
1	2	3	4	5	6	7	8	9	10	11	12	13	14	15	16	17	18	19	20	21	22	23	24	25	26	27	28	29	30
200	200	200	200	200	200	200	200	200	200	200	200	200	200	200	200	200	200	200	200	200	200	200	200	200	200	200	200	200	200
200	200	200	200	200	200	200	200	200	200	200	200	200	200	200	200	200	200	200	200	200	200	200	200	200	200	200	200	200	200
0.085	0.125	0.13	0.13	0.07	0.075	0.105	0.075	0.02	0.03	0.025	0.13
0.055	0.205	0.19	0.095	0.055	0.07	0.075	0.05	0.05	0.035	0.04	0.08
0.07	0.065	0.15	0.155	0.09	0.115	0.03	0.085	0.06	0.035	0.03	0.115
0.03	0.105	0.185	0.135	0.075	0.055	0.095	0.045	0.065	0.035	0.02	0.155
0.08	0.075	0.11	0.145	0.12	0.08	0.11	0.06	0.03	0.045	0.025	0.12
0.07	0.19	0.105	0.105	0.09	0.07	0.085	0.025	0.055	0.035	0.035	0.135
0.09	0.185	0.15	0.085	0.115	0.075	0.06	0.05	0.035	0.045	0.02	0.09
0.05	0.16	0.16	0.155	0.06	0.05	0.075	0.06	0.06	0.025	0.03	0.115
0.155	0.12	0.2	0.115	0.105	0.035	0.05	0.04	0.05	0.045	0.005	0.08
0.095	0.22	0.1	0.17	0.07	0.11	0.025	0.085	0.01	0.015	0.015	0.085
0.035	0.15	0.185	0.1	0.12	0.095	0.07	0.04	0.015	0.025	0.03	0.135
0.13	0.11	0.185	0.145	0.115	0.12	0.045	0.035	0.015	0.005	0.025	0.07
0.06	0.175	0.17	0.135	0.115	0.095	0.065	0.045	0.025	0.01	0.025	0.08
0.05	0.14	0.225	0.125	0.125	0.11	0.04	0.06	0.03	0.01	0.01	0.075
0.085	0.095	0.19	0.18	0.065	0.11	0.05	0.04	0.035	0.035	0.04	0.075
0.085	0.31	0.135	0.09	0.1	0.055	0.055	0.045	0.01	0.025	0.025	0.065
0.175	0.17	0.235	0.09	0.035	0.085	0.05	0.045	0.015	0.03	0.015	0.055
0.085	0.39	0.115	0.145	0.065	0.03	0.035	0.035	0.02	0.03	0.01	0.04
0.13	0.17	0.245	0.125	0.115	0.03	0.04	0.03	0.01	0.03	0.025	0.05
0.105	0.245	0.19	0.185	0.1	0.06	0.025	0.02	0.02	0.005	0.015	0.03
0.11	0.14	0.265	0.15	0.16	0.075	0.055	0.01	0.01	0.01	0.005	0.01
0.09	0.26	0.14	0.18	0.08	0.115	0.045	0.055	0.005	0.005	0.015	0.01
0.125	0.22	0.275	0.125	0.075	0.05	0.075	0.02	0.015	0.005	0	0.015
0.165	0.25	0.15	0.175	0.065	0.07	0.035	0.045	0.01	0.015	0.01	0.01
0.105	0.285	0.245	0.115	0.095	0.045	0.04	0.01	0.01	0.02	0.015	0.015
0.135	0.25	0.29	0.14	0.09	0.035	0.025	0.005	0.015	0.01	0	0.005
0.095	0.3	0.235	0.15	0.095	0.06	0.02	0.01	0.005	0.01	0.015	0.005
0.08	0.195	0.29	0.16	0.12	0.085	0.03	0.02	0	0	0.01	0.01
0.11	0.235	0.17	0.15	0.115	0.085	0.07	0.025	0.03	0.005	0	0.005
0.09	0.27	0.235	0.115	0.16	0.06	0.025	0.025	0.005	0.005	0.005	0.005
#######LANDINGS DATA#######
1
30
160.88958094308	460.744845215912	752.018913378665	960.126388972951	722.084059979089	1215.70629395903	1163.31949982848	2208.96266997446	1166.47597038245	1338.09389102932	1412.88614456459	1378.58272705829	930.960163680292	1257.01062306187	1227.03731043787	1028.19112558088	1819.90169660507	1352.82260384835	1312.83058412648	1261.53844959848	1654.29481131887	1114.52033821462	1702.2517962378	1278.84292938403	1224.5025189389	1133.47014900724	1132.58040792301	1526.14793697735	1084.00567022841	1501.83409116565
0.01	0.01	0.01	0.01	0.01	0.01	0.01	0.01	0.01	0.01	0.01	0.01	0.01	0.01	0.01	0.01	0.01	0.01	0.01	0.01	0.01	0.01	0.01	0.01	0.01	0.01	0.01	0.01	0.01	0.01
30
1	2	3	4	5	6	7	8	9	10	11	12	13	14	15	16	17	18	19	20	21	22	23	24	25	26	27	28	29	30
200	200	200	200	200	200	200	200	200	200	200	200	200	200	200	200	200	200	200	200	200	200	200	200	200	200	200	200	200	200
200	200	200	200	200	200	200	200	200	200	200	200	200	200	200	200	200	200	200	200	200	200	200	200	200	200	200	200	200	200
0.075	0.105	0.15	0.125	0.08	0.1	0.07	0.085	0.02	0.045	0.025	0.12
0.08	0.14	0.145	0.125	0.105	0.07	0.075	0.06	0.045	0.025	0.03	0.1
0.055	0.1	0.095	0.12	0.13	0.095	0.085	0.07	0.035	0.03	0.015	0.17
0.04	0.07	0.17	0.155	0.105	0.095	0.105	0.055	0.045	0.025	0.01	0.125
0.07	0.095	0.11	0.115	0.08	0.115	0.07	0.04	0.045	0.035	0.035	0.19
0.1	0.125	0.05	0.185	0.09	0.115	0.065	0.025	0.035	0.06	0.01	0.14
0.09	0.155	0.135	0.08	0.115	0.07	0.065	0.045	0.06	0.035	0.04	0.11
0.05	0.13	0.15	0.125	0.07	0.055	0.07	0.05	0.035	0.05	0.045	0.17
0.09	0.055	0.225	0.145	0.12	0.04	0.04	0.055	0.03	0.025	0.035	0.14
0.09	0.1	0.11	0.185	0.13	0.105	0.05	0.03	0.035	0.025	0.03	0.11
0.07	0.175	0.14	0.14	0.09	0.09	0.09	0.03	0.01	0.03	0.04	0.095
0.125	0.09	0.085	0.185	0.05	0.1	0.1	0.07	0.015	0.045	0.025	0.11
0.12	0.135	0.12	0.155	0.115	0.05	0.095	0.075	0.035	0.015	0.005	0.08
0.065	0.135	0.175	0.1	0.1	0.105	0.05	0.065	0.04	0.05	0.025	0.09
0.165	0.125	0.15	0.175	0.08	0.06	0.065	0.04	0.04	0.005	0.015	0.08
0.085	0.215	0.12	0.1	0.13	0.07	0.055	0.055	0.02	0.045	0.015	0.09
0.175	0.165	0.175	0.08	0.075	0.115	0.04	0.05	0.025	0.02	0.035	0.045
0.115	0.28	0.18	0.13	0.055	0.05	0.035	0.04	0.035	0.02	0.005	0.055
0.13	0.13	0.335	0.155	0.085	0.045	0.025	0.03	0.015	0.015	0.005	0.03
0.11	0.185	0.155	0.22	0.1	0.105	0.025	0.01	0.05	0.01	0.01	0.02
0.16	0.17	0.19	0.15	0.175	0.055	0.045	0.02	0.005	0.015	0	0.015
0.14	0.235	0.125	0.17	0.09	0.11	0.035	0.04	0.01	0.02	0.01	0.015
0.15	0.195	0.19	0.135	0.1	0.06	0.065	0.04	0.03	0	0	0.035
0.18	0.26	0.12	0.175	0.07	0.085	0.04	0.035	0.005	0.005	0.015	0.01
0.17	0.255	0.195	0.11	0.115	0.05	0.045	0.025	0.015	0.005	0.005	0.01
0.215	0.21	0.24	0.135	0.055	0.06	0.01	0.03	0.015	0.02	0.01	0
0.105	0.26	0.215	0.14	0.1	0.05	0.05	0.025	0.03	0.01	0.005	0.01
0.115	0.16	0.34	0.135	0.1	0.055	0.02	0.03	0.025	0.005	0.005	0.01
0.175	0.155	0.14	0.235	0.11	0.085	0.055	0.015	0.01	0.005	0.005	0.01
0.15	0.25	0.205	0.11	0.105	0.06	0.055	0.035	0.015	0.01	0	0.005
#######PARAMETER SECTION#######
800	400	1200	-4	800	-0.25	1
0.18	0.01	1	-4	0.18	-0.25	1
-1.36	-5	-0.001	-4	-1.36	-0.25	1
0.1	0.05	0.3	-4	0.1	-0.25	1
0.2	0.01	0.5	-4	0.2	-0.25	1
0.75	0.20001	1	-3	0.75	-0.25	1
13.815511	-1	200	1	13.815511	-0.25	1
0	-1	1	-4	0	-0.25	1
0.2	1e-04	1.2	-3	0.2	-0.25	1
0	-10	10	-6	0	-1	1
0	-10	10	-6	0	-1	1
2	0	12	2	2	-0.5	1
1	0	12	2	1	-0.5	1
2	0	12	-2	2	-0.5	1
1	0	12	-2	1	-0.5	1
1.5	0	12	2	1.5	-0.5	1
2	0	12	2	2	-0.5	1
-14.8179221366573	-30	5	1	-14.8179221366573	-1	1
1	0.1	2	-1	1	-1	1
-1.54399197800355	-10	1.39	1	-1.54399197800355	-1	1
#######DEV CONSTRAINTS and DEVS#######
-15	15	2
-15	15	2
-15	15	2
0	0	0	0	0	0	0	0	0	0	0	0	0	0	0	0	0	0	0	0	0	0	0	0	0	0	0	0	0	0
0	0	0	0	0	0	0	0	0	0	0	0	0	0	0	0	0	0	0	0	0	0	0	0	0	0	0	0	0	0
0	0	0	0	0	0	0	0	0	0	0
#######LIKELIHOOD WEIGHTS#######
1
1
1
1
0
1
0
0
0
#######MISCELLANEOUS STUFF SECTION#######
2.5e-08
3
0.5	0.5	0.5	0.5	0.5	0.5	0.5	0.5	0.5	0.5	0.5	0.5
0.0229773699100256	0.320821300824607	0.904650535100891	0.994779874306442	0.999738809680904	0.999986992871533	0.999999352405202	0.999999967758134	0.999999998394772	0.99999999992008	0.999999999996021	0.999999999999802
0.2	0.2	0.2	0.2	0.2	0.2	0.2	0.2	0.2	0.2	0.2	0.2
0
1
10
0.2
1
1	0	0	0	0	0	0	0	0	0	0	0
0	1	0	0	0	0	0	0	0	0	0	0
0	0	1	0	0	0	0	0	0	0	0	0
0	0	0	1	0	0	0	0	0	0	0	0
0	0	0	0	1	0	0	0	0	0	0	0
0	0	0	0	0	1	0	0	0	0	0	0
0	0	0	0	0	0	1	0	0	0	0	0
0	0	0	0	0	0	0	1	0	0	0	0
0	0	0	0	0	0	0	0	1	0	0	0
0	0	0	0	0	0	0	0	0	1	0	0
0	0	0	0	0	0	0	0	0	0	1	0
0	0	0	0	0	0	0	0	0	0	0	1
40
31
2
1
#######END OF DATA FILE#######
999
