#######GENERAL HEADER INPUT#######
1
30
1
30
1
30
30
12
1	2	3	4	5	6	7	8	9	10	11	12
12
1	2	3	4	5	6	7	8	9	10	11	12
1
1001
1
1
#######SURVEY DATA#######
30
1	2	3	4	5	6	7	8	9	10	11	12	13	14	15	16	17	18	19	20	21	22	23	24	25	26	27	28	29	30
1.18838616371369	1.38019255435384	1.65788420140267	1.45396308793597	1.6060748461957	1.44618669351298	1.44909867503914	1.34281031288898	1.20118111574174	0.992536239093055	1.03432145678776	1.23763831014962	1.33403509253354	0.990728555109954	1.1186742523101	0.980115644417028	1.13087292993419	0.823739504656333	0.936798199098099	0.821174698592204	0.722727653309715	0.756695100425511	0.742898885803046	0.610372469245494	0.561990479850366	0.613661096076348	0.45936268193887	0.528172739188263	0.440451101790906	0.514071523698209
0.2	0.2	0.2	0.2	0.2	0.2	0.2	0.2	0.2	0.2	0.2	0.2	0.2	0.2	0.2	0.2	0.2	0.2	0.2	0.2	0.2	0.2	0.2	0.2	0.2	0.2	0.2	0.2	0.2	0.2
30
1	2	3	4	5	6	7	8	9	10	11	12	13	14	15	16	17	18	19	20	21	22	23	24	25	26	27	28	29	30
200	200	200	200	200	200	200	200	200	200	200	200	200	200	200	200	200	200	200	200	200	200	200	200	200	200	200	200	200	200
200	200	200	200	200	200	200	200	200	200	200	200	200	200	200	200	200	200	200	200	200	200	200	200	200	200	200	200	200	200
0.04	0.16	0.115	0.085	0.15	0.105	0.06	0.055	0.055	0.055	0.025	0.095
0.065	0.15	0.135	0.135	0.09	0.08	0.105	0.035	0.03	0.04	0.04	0.095
0.07	0.16	0.145	0.075	0.095	0.075	0.08	0.03	0.035	0.055	0.05	0.13
0.05	0.085	0.195	0.115	0.07	0.055	0.08	0.05	0.065	0.035	0.015	0.185
0.115	0.13	0.1	0.14	0.095	0.07	0.065	0.055	0.05	0.045	0.02	0.115
0.07	0.185	0.12	0.115	0.115	0.065	0.055	0.055	0.05	0.02	0.03	0.12
0.13	0.12	0.165	0.12	0.075	0.06	0.07	0.05	0.075	0.015	0.04	0.08
0.035	0.315	0.12	0.12	0.08	0.075	0.06	0.03	0.025	0.02	0.025	0.095
0.08	0.15	0.26	0.125	0.095	0.05	0.04	0.05	0.03	0.03	0.03	0.06
0.12	0.17	0.14	0.18	0.115	0.06	0.035	0.035	0.045	0.02	0.02	0.06
0.1	0.145	0.145	0.165	0.15	0.065	0.045	0.03	0.015	0.045	0.02	0.075
0.105	0.245	0.125	0.105	0.07	0.105	0.065	0.04	0.035	0.02	0.02	0.065
0.07	0.21	0.21	0.115	0.115	0.06	0.075	0.035	0.015	0.04	0	0.055
0.07	0.175	0.245	0.165	0.115	0.06	0.035	0.06	0.03	0.005	0.005	0.035
0.085	0.175	0.145	0.22	0.095	0.075	0.045	0.03	0.04	0.03	0.015	0.045
0.11	0.18	0.2	0.125	0.105	0.12	0.05	0.03	0.02	0.015	0.015	0.03
0.12	0.165	0.2	0.155	0.075	0.095	0.04	0.04	0.04	0.015	0.035	0.02
0.09	0.275	0.19	0.135	0.075	0.03	0.045	0.06	0.03	0.025	0.005	0.04
0.09	0.175	0.2	0.175	0.15	0.07	0.035	0.01	0.04	0.005	0.005	0.045
0.15	0.16	0.215	0.115	0.07	0.075	0.08	0.04	0.025	0.03	0.01	0.03
0.105	0.26	0.185	0.14	0.135	0.03	0.05	0.04	0.015	0.015	0.01	0.015
0.105	0.195	0.245	0.125	0.14	0.065	0.025	0.035	0.015	0.01	0.01	0.03
0.11	0.23	0.205	0.165	0.085	0.055	0.06	0.025	0.03	0.01	0.005	0.02
0.12	0.195	0.205	0.12	0.14	0.06	0.05	0.035	0.035	0.005	0.015	0.02
0.085	0.225	0.205	0.185	0.145	0.07	0.015	0.025	0.02	0.015	0.005	0.005
0.125	0.145	0.25	0.175	0.135	0.045	0.035	0.025	0.02	0.01	0.02	0.015
0.12	0.325	0.14	0.17	0.095	0.035	0.045	0.035	0	0.005	0.01	0.02
0.095	0.265	0.245	0.11	0.145	0.08	0.015	0.03	0.005	0.005	0	0.005
0.145	0.23	0.26	0.16	0.05	0.06	0.025	0.01	0.025	0.02	0.005	0.01
0.2	0.255	0.155	0.155	0.105	0.05	0.03	0.025	0.005	0.01	0.005	0.005
#######LANDINGS DATA#######
1
30
160.481475675313	458.932505167075	736.571833091512	960.576273872336	742.015207058975	1264.11686359007	1212.83350540905	2363.36534820596	1277.83183610526	1487.98229755016	1586.29256375497	1592.83413262907	1120.91270322176	1589.2883606235	1579.99004897072	1368.25031078073	2417.59192993243	1768.59283018251	1614.70320862988	1472.05673992201	1847.05216706569	1209.94469923961	1825.8439239342	1307.16774458369	1179.18005447927	993.679545707385	927.717693917955	1191.83282501845	843.310760611993	1218.92625886582
0.01	0.01	0.01	0.01	0.01	0.01	0.01	0.01	0.01	0.01	0.01	0.01	0.01	0.01	0.01	0.01	0.01	0.01	0.01	0.01	0.01	0.01	0.01	0.01	0.01	0.01	0.01	0.01	0.01	0.01
30
1	2	3	4	5	6	7	8	9	10	11	12	13	14	15	16	17	18	19	20	21	22	23	24	25	26	27	28	29	30
200	200	200	200	200	200	200	200	200	200	200	200	200	200	200	200	200	200	200	200	200	200	200	200	200	200	200	200	200	200
200	200	200	200	200	200	200	200	200	200	200	200	200	200	200	200	200	200	200	200	200	200	200	200	200	200	200	200	200	200
0.065	0.11	0.12	0.13	0.115	0.065	0.1	0.09	0.035	0.04	0.03	0.1
0.08	0.13	0.11	0.12	0.1	0.055	0.075	0.07	0.045	0.015	0.03	0.17
0.025	0.095	0.155	0.09	0.125	0.075	0.085	0.08	0.055	0.045	0.03	0.14
0.05	0.11	0.165	0.145	0.115	0.065	0.09	0.03	0.05	0.035	0.025	0.12
0.07	0.085	0.065	0.18	0.125	0.075	0.07	0.095	0.055	0.04	0.03	0.11
0.055	0.11	0.135	0.11	0.125	0.075	0.085	0.06	0.06	0.02	0.025	0.14
0.13	0.13	0.105	0.08	0.08	0.09	0.075	0.07	0.035	0.05	0.015	0.14
0.085	0.195	0.17	0.075	0.075	0.065	0.07	0.045	0.055	0.01	0.03	0.125
0.075	0.11	0.225	0.145	0.11	0.1	0.04	0.03	0.055	0.02	0.015	0.075
0.08	0.095	0.16	0.22	0.105	0.08	0.065	0.04	0.02	0.015	0.015	0.105
0.14	0.12	0.12	0.11	0.165	0.07	0.08	0.03	0.02	0.015	0.03	0.1
0.095	0.145	0.2	0.09	0.1	0.105	0.06	0.06	0.03	0.01	0.025	0.08
0.07	0.17	0.175	0.145	0.08	0.11	0.09	0.04	0.015	0.02	0.03	0.055
0.125	0.13	0.18	0.155	0.115	0.065	0.025	0.06	0.04	0.015	0.005	0.085
0.075	0.16	0.16	0.175	0.135	0.04	0.055	0.025	0.045	0.05	0.02	0.06
0.085	0.175	0.145	0.145	0.135	0.075	0.07	0.045	0.015	0.045	0.015	0.05
0.165	0.16	0.165	0.135	0.075	0.1	0.035	0.03	0.06	0.01	0.015	0.05
0.085	0.19	0.205	0.16	0.12	0.075	0.05	0.035	0.035	0.02	0	0.025
0.13	0.185	0.205	0.12	0.105	0.06	0.06	0.035	0.05	0.02	0.005	0.025
0.105	0.1	0.18	0.17	0.15	0.085	0.06	0.02	0.05	0.055	0	0.025
0.125	0.195	0.175	0.115	0.13	0.1	0.05	0.03	0.015	0.025	0.015	0.025
0.1	0.185	0.2	0.11	0.145	0.075	0.05	0.035	0.02	0.025	0.02	0.035
0.12	0.19	0.215	0.195	0.065	0.045	0.04	0.035	0.03	0.01	0.01	0.045
0.145	0.155	0.22	0.18	0.13	0.04	0.045	0.045	0.01	0.01	0.015	0.005
0.125	0.2	0.18	0.14	0.14	0.085	0.04	0.04	0.015	0.01	0.005	0.02
0.195	0.11	0.3	0.135	0.08	0.075	0.045	0.01	0.01	0.015	0.005	0.02
0.185	0.285	0.115	0.175	0.105	0.045	0.02	0.025	0.035	0	0	0.01
0.125	0.215	0.245	0.165	0.095	0.06	0.025	0.02	0.01	0.01	0.005	0.025
0.16	0.14	0.215	0.195	0.075	0.115	0.045	0.03	0.01	0.005	0.005	0.005
0.29	0.22	0.165	0.115	0.1	0.045	0.015	0.015	0.01	0.01	0.005	0.01
#######PARAMETER SECTION#######
800	400	1200	-4	800	-0.25	1
0.18	0.01	1	-4	0.18	-0.25	1
-1.36	-5	-0.001	-4	-1.36	-0.25	1
0.1	0.05	0.3	-4	0.1	-0.25	1
0.2	0.01	0.5	-4	0.2	-0.25	1
0.75	0.20001	1	-3	0.75	-0.25	1
13.815511	-1	200	1	13.815511	-0.25	1
0	-1	1	-4	0	-0.25	1
0.2	1e-04	1.2	-3	0.2	-0.25	1
0	-10	10	-6	0	-1	1
0	-10	10	-6	0	-1	1
2	0	12	2	2	-0.5	1
1	0	12	2	1	-0.5	1
2	0	12	-2	2	-0.5	1
1	0	12	-2	1	-0.5	1
1.5	0	12	2	1.5	-0.5	1
2	0	12	2	2	-0.5	1
-14.8963561669299	-30	5	1	-14.8963561669299	-1	1
1	0.1	2	-1	1	-1	1
-1.54399197800355	-10	1.39	1	-1.54399197800355	-1	1
#######DEV CONSTRAINTS and DEVS#######
-15	15	2
-15	15	2
-15	15	2
0	0	0	0	0	0	0	0	0	0	0	0	0	0	0	0	0	0	0	0	0	0	0	0	0	0	0	0	0	0
0	0	0	0	0	0	0	0	0	0	0	0	0	0	0	0	0	0	0	0	0	0	0	0	0	0	0	0	0	0
0	0	0	0	0	0	0	0	0	0	0
#######LIKELIHOOD WEIGHTS#######
1
1
1
1
0
1
0
0
0
#######MISCELLANEOUS STUFF SECTION#######
2.5e-08
3
0.5	0.5	0.5	0.5	0.5	0.5	0.5	0.5	0.5	0.5	0.5	0.5
0.0229773699100256	0.320821300824607	0.904650535100891	0.994779874306442	0.999738809680904	0.999986992871533	0.999999352405202	0.999999967758134	0.999999998394772	0.99999999992008	0.999999999996021	0.999999999999802
0.2	0.2	0.2	0.2	0.2	0.2	0.2	0.2	0.2	0.2	0.2	0.2
0
1
10
0.2
1
1	0	0	0	0	0	0	0	0	0	0	0
0	1	0	0	0	0	0	0	0	0	0	0
0	0	1	0	0	0	0	0	0	0	0	0
0	0	0	1	0	0	0	0	0	0	0	0
0	0	0	0	1	0	0	0	0	0	0	0
0	0	0	0	0	1	0	0	0	0	0	0
0	0	0	0	0	0	1	0	0	0	0	0
0	0	0	0	0	0	0	1	0	0	0	0
0	0	0	0	0	0	0	0	1	0	0	0
0	0	0	0	0	0	0	0	0	1	0	0
0	0	0	0	0	0	0	0	0	0	1	0
0	0	0	0	0	0	0	0	0	0	0	1
40
31
2
1
#######END OF DATA FILE#######
999
