#######GENERAL HEADER INPUT#######
1
30
1
30
1
30
30
12
1	2	3	4	5	6	7	8	9	10	11	12
12
1	2	3	4	5	6	7	8	9	10	11	12
1
1001
1
1
#######SURVEY DATA#######
30
1	2	3	4	5	6	7	8	9	10	11	12	13	14	15	16	17	18	19	20	21	22	23	24	25	26	27	28	29	30
1.54257439517779	1.60722092640992	1.51608275523413	1.30697343208092	1.48878190028423	1.40765830331534	1.21117254396347	1.42343884730452	1.51881077919415	1.04266485639789	1.00074831766409	0.848847318479691	0.972009906283327	1.15096861552495	1.21277418969991	1.16099951010633	1.02211190089577	1.01057371214325	0.880168793324011	0.837408039293381	0.806115710315555	0.701293796234764	0.728161069662345	0.628035201031649	0.60180559062	0.707238809009951	0.567959629658931	0.720388522732961	0.573092514655858	0.547270900925524
0.2	0.2	0.2	0.2	0.2	0.2	0.2	0.2	0.2	0.2	0.2	0.2	0.2	0.2	0.2	0.2	0.2	0.2	0.2	0.2	0.2	0.2	0.2	0.2	0.2	0.2	0.2	0.2	0.2	0.2
30
1	2	3	4	5	6	7	8	9	10	11	12	13	14	15	16	17	18	19	20	21	22	23	24	25	26	27	28	29	30
200	200	200	200	200	200	200	200	200	200	200	200	200	200	200	200	200	200	200	200	200	200	200	200	200	200	200	200	200	200
200	200	200	200	200	200	200	200	200	200	200	200	200	200	200	200	200	200	200	200	200	200	200	200	200	200	200	200	200	200
0.045	0.16	0.115	0.115	0.09	0.08	0.1	0.045	0.025	0.055	0.025	0.145
0.065	0.17	0.12	0.135	0.1	0.105	0.055	0.055	0.035	0.04	0.025	0.095
0.075	0.295	0.105	0.085	0.11	0.075	0.04	0.045	0.025	0.035	0.01	0.1
0.055	0.18	0.23	0.125	0.09	0.085	0.055	0.035	0.035	0.015	0.015	0.08
0.085	0.115	0.175	0.17	0.07	0.05	0.04	0.065	0.065	0.04	0.03	0.095
0.07	0.155	0.16	0.125	0.1	0.08	0.075	0.015	0.045	0.025	0.04	0.11
0.085	0.195	0.125	0.08	0.1	0.1	0.07	0.065	0.025	0.02	0.04	0.095
0.07	0.2	0.175	0.07	0.075	0.09	0.08	0.065	0.035	0.03	0.025	0.085
0.05	0.135	0.22	0.135	0.085	0.045	0.075	0.075	0.015	0.015	0.04	0.11
0.06	0.11	0.16	0.16	0.1	0.11	0.065	0.05	0.06	0.015	0.015	0.095
0.06	0.205	0.14	0.115	0.13	0.075	0.075	0.02	0.05	0.03	0.02	0.08
0.12	0.175	0.165	0.085	0.1	0.09	0.085	0.035	0.025	0.025	0.015	0.08
0.09	0.17	0.195	0.09	0.12	0.09	0.07	0.03	0.02	0.025	0.015	0.085
0.145	0.225	0.135	0.155	0.105	0.05	0.05	0.055	0.02	0.005	0.015	0.04
0.095	0.21	0.2	0.115	0.12	0.06	0.06	0.03	0.025	0.025	0	0.06
0.06	0.175	0.235	0.18	0.085	0.04	0.045	0.055	0.025	0.03	0.01	0.06
0.105	0.215	0.145	0.155	0.12	0.055	0.06	0.025	0.02	0.015	0.015	0.07
0.08	0.2	0.225	0.135	0.15	0.05	0.075	0.02	0.035	0.01	0	0.02
0.105	0.23	0.17	0.135	0.075	0.095	0.065	0.025	0.035	0	0.015	0.05
0.045	0.24	0.255	0.165	0.08	0.07	0.065	0.04	0.01	0	0.01	0.02
0.12	0.155	0.16	0.18	0.18	0.05	0.045	0.04	0.015	0.02	0.01	0.025
0.125	0.24	0.14	0.155	0.115	0.07	0.06	0.02	0.025	0.02	0.01	0.02
0.09	0.285	0.17	0.11	0.095	0.08	0.06	0.03	0.03	0.02	0.015	0.015
0.09	0.195	0.29	0.135	0.08	0.095	0.045	0.01	0.01	0.025	0	0.025
0.15	0.27	0.195	0.225	0.025	0.035	0.045	0.02	0	0.01	0.005	0.02
0.095	0.185	0.295	0.14	0.11	0.06	0.04	0.02	0.025	0.015	0.005	0.01
0.155	0.21	0.21	0.195	0.095	0.07	0.025	0.01	0.01	0.02	0	0
0.125	0.32	0.155	0.16	0.115	0.045	0.025	0.02	0.01	0.005	0.01	0.01
0.12	0.245	0.26	0.15	0.09	0.07	0.035	0.015	0	0.01	0	0.005
0.1	0.21	0.27	0.195	0.1	0.03	0.03	0.02	0.015	0.01	0.005	0.015
#######LANDINGS DATA#######
1
30
161.296644567725	463.607778794463	754.950009757307	1006.4107417856	778.298426577443	1331.36204303841	1276.30197763237	2450.04185724143	1302.60768358389	1493.90872864728	1556.75904085901	1524.22643837465	1050.91971269525	1480.96630364168	1517.43765972603	1322.18569560098	2407.44522367236	1771.18171140707	1615.59986244294	1509.54155999309	1917.09836996434	1245.45202012005	1863.46532592758	1352.33771521934	1276.32948287796	1122.66106879583	1097.22269303711	1457.36914397299	1054.53229685616	1481.85152206886
0.01	0.01	0.01	0.01	0.01	0.01	0.01	0.01	0.01	0.01	0.01	0.01	0.01	0.01	0.01	0.01	0.01	0.01	0.01	0.01	0.01	0.01	0.01	0.01	0.01	0.01	0.01	0.01	0.01	0.01
30
1	2	3	4	5	6	7	8	9	10	11	12	13	14	15	16	17	18	19	20	21	22	23	24	25	26	27	28	29	30
200	200	200	200	200	200	200	200	200	200	200	200	200	200	200	200	200	200	200	200	200	200	200	200	200	200	200	200	200	200
200	200	200	200	200	200	200	200	200	200	200	200	200	200	200	200	200	200	200	200	200	200	200	200	200	200	200	200	200	200
0.04	0.125	0.1	0.09	0.095	0.075	0.09	0.055	0.055	0.05	0.05	0.175
0.12	0.12	0.105	0.13	0.085	0.105	0.08	0.045	0.045	0.035	0.03	0.1
0.04	0.17	0.145	0.145	0.1	0.09	0.055	0.03	0.04	0.03	0.05	0.105
0.04	0.14	0.175	0.145	0.07	0.045	0.03	0.05	0.06	0.055	0.045	0.145
0.08	0.095	0.12	0.185	0.095	0.09	0.055	0.05	0.045	0.06	0.025	0.1
0.105	0.095	0.115	0.1	0.185	0.09	0.065	0.035	0.03	0.02	0.05	0.11
0.085	0.15	0.08	0.095	0.105	0.12	0.055	0.07	0.04	0.06	0.02	0.12
0.09	0.135	0.185	0.11	0.085	0.085	0.105	0.04	0.025	0.04	0.02	0.08
0.06	0.155	0.17	0.115	0.08	0.035	0.07	0.11	0.025	0.03	0.045	0.105
0.055	0.11	0.14	0.2	0.11	0.095	0.075	0.025	0.045	0.02	0.015	0.11
0.05	0.115	0.115	0.16	0.145	0.105	0.07	0.045	0.04	0.055	0.005	0.095
0.09	0.12	0.145	0.095	0.145	0.115	0.1	0.02	0.025	0.03	0.04	0.075
0.125	0.145	0.185	0.125	0.065	0.08	0.08	0.06	0.02	0.01	0.01	0.095
0.18	0.165	0.115	0.165	0.105	0.04	0.065	0.045	0.03	0.02	0.015	0.055
0.08	0.19	0.215	0.155	0.115	0.04	0.03	0.04	0.025	0.04	0.02	0.05
0.08	0.145	0.21	0.17	0.1	0.105	0.025	0.03	0.03	0.025	0.015	0.065
0.085	0.145	0.165	0.195	0.11	0.04	0.085	0.055	0.025	0.015	0.015	0.065
0.105	0.13	0.145	0.09	0.145	0.135	0.095	0.055	0.03	0.015	0.03	0.025
0.165	0.16	0.135	0.185	0.1	0.08	0.08	0.02	0.02	0.005	0	0.05
0.14	0.175	0.215	0.175	0.12	0.035	0.06	0.035	0.015	0.005	0.02	0.005
0.175	0.175	0.22	0.18	0.095	0.055	0.03	0.03	0.01	0.005	0.005	0.02
0.18	0.105	0.18	0.16	0.135	0.07	0.065	0.03	0.025	0.025	0.005	0.02
0.14	0.245	0.195	0.105	0.12	0.065	0.03	0.035	0.02	0.025	0.005	0.015
0.135	0.15	0.285	0.145	0.105	0.055	0.045	0.025	0.005	0.015	0.015	0.02
0.195	0.195	0.155	0.205	0.095	0.035	0.02	0.015	0.025	0.01	0.01	0.04
0.105	0.235	0.235	0.125	0.125	0.045	0.035	0.035	0.025	0.005	0.015	0.015
0.16	0.17	0.18	0.145	0.125	0.095	0.05	0.04	0.015	0.01	0.005	0.005
0.175	0.23	0.18	0.13	0.13	0.035	0.05	0.04	0.01	0.01	0.005	0.005
0.135	0.265	0.26	0.125	0.07	0.045	0.045	0.015	0.015	0.005	0.01	0.01
0.125	0.245	0.21	0.185	0.07	0.08	0.05	0.015	0.01	0.005	0.005	0
#######PARAMETER SECTION#######
800	400	1200	-4	800	-0.25	1
0.18	0.01	1	-4	0.18	-0.25	1
-1.36	-5	-0.001	-4	-1.36	-0.25	1
0.1	0.05	0.3	-4	0.1	-0.25	1
0.2	0.01	0.5	-4	0.2	-0.25	1
0.75	0.20001	1	-3	0.75	-0.25	1
13.815511	-1	200	1	13.815511	-0.25	1
0	-1	1	-4	0	-0.25	1
0.2	1e-04	1.2	-3	0.2	-0.25	1
0	-10	10	-6	0	-1	1
0	-10	10	-6	0	-1	1
2	0	12	2	2	-0.5	1
1	0	12	2	1	-0.5	1
2	0	12	-2	2	-0.5	1
1	0	12	-2	1	-0.5	1
1.5	0	12	2	1.5	-0.5	1
2	0	12	2	2	-0.5	1
-14.9305728982963	-30	5	1	-14.9305728982963	-1	1
1	0.1	2	-1	1	-1	1
-1.54399197800355	-10	1.39	1	-1.54399197800355	-1	1
#######DEV CONSTRAINTS and DEVS#######
-15	15	2
-15	15	2
-15	15	2
0	0	0	0	0	0	0	0	0	0	0	0	0	0	0	0	0	0	0	0	0	0	0	0	0	0	0	0	0	0
0	0	0	0	0	0	0	0	0	0	0	0	0	0	0	0	0	0	0	0	0	0	0	0	0	0	0	0	0	0
0	0	0	0	0	0	0	0	0	0	0
#######LIKELIHOOD WEIGHTS#######
1
1
1
1
0
1
0
0
0
#######MISCELLANEOUS STUFF SECTION#######
2.5e-08
3
0.5	0.5	0.5	0.5	0.5	0.5	0.5	0.5	0.5	0.5	0.5	0.5
0.0229773699100256	0.320821300824607	0.904650535100891	0.994779874306442	0.999738809680904	0.999986992871533	0.999999352405202	0.999999967758134	0.999999998394772	0.99999999992008	0.999999999996021	0.999999999999802
0.2	0.2	0.2	0.2	0.2	0.2	0.2	0.2	0.2	0.2	0.2	0.2
0
1
10
0.2
1
1	0	0	0	0	0	0	0	0	0	0	0
0	1	0	0	0	0	0	0	0	0	0	0
0	0	1	0	0	0	0	0	0	0	0	0
0	0	0	1	0	0	0	0	0	0	0	0
0	0	0	0	1	0	0	0	0	0	0	0
0	0	0	0	0	1	0	0	0	0	0	0
0	0	0	0	0	0	1	0	0	0	0	0
0	0	0	0	0	0	0	1	0	0	0	0
0	0	0	0	0	0	0	0	1	0	0	0
0	0	0	0	0	0	0	0	0	1	0	0
0	0	0	0	0	0	0	0	0	0	1	0
0	0	0	0	0	0	0	0	0	0	0	1
40
31
2
1
#######END OF DATA FILE#######
999
