# Number of parameters = 77  Objective function value = 26198.3  Maximum gradient component = 0.00221412
# sel_params[1]:
1.99007829663
# sel_params[2]:
1.03122163431
# log_Fmult_year1:
 -4.60671109019
# log_Fmult_devs:
 1.04679732867 0.507581559914 0.300815926460 -0.239914975508 0.587001634190 0.00897959713483 0.755191166872 -0.540791218962 0.196383570348 0.122729084006 0.0568448717001 -0.325092974825 0.369947853687 0.0510246991640 -0.106181996842 0.672899301819 -0.215136775476 -0.0191185513900 -0.0234362772496 0.327623952239 -0.320345622580 0.491381757234 -0.175596617130 0.00570658421738 -0.0623598703917 -0.0116145732323 0.361687720135 -0.251291763001 0.452799444836
# log_recruit_devs:
 0.0240497964010 0.151678132492 -0.182795944871 -0.0820862154744 0.00111314787471 0.0389866370918 0.0511424616832 -0.406342627478 0.0783096570527 -0.0545559971626 -0.593775204043 0.152709309325 0.227086216957 0.193817116876 -0.0991480885286 0.123736851811 0.0454928746912 -0.0962302315180 0.164528934197 0.0303743250570 -0.238483860120 0.264197513426 -0.0931002440843 0.0200569159407 0.418862774437 0.0288889132034 -0.285182792033 0.195024802771 -0.298544650955 0.220189474981
# log_N_year1_devs:
 -0.0325655630482 0.0108743376408 -0.0276034800670 -0.0454604461780 -0.0636096071987 -0.107040004473 -0.0486075067084 -0.195096354541 -0.501787404204 -0.00546029425536 -0.191390553477
# log_q_year1:
 -7.92020857236
# log_q_devs:
 0.00000000000 0.00000000000 0.00000000000 0.00000000000 0.00000000000 0.00000000000 0.00000000000 0.00000000000 0.00000000000 0.00000000000 0.00000000000 0.00000000000 0.00000000000 0.00000000000 0.00000000000 0.00000000000 0.00000000000 0.00000000000 0.00000000000 0.00000000000 0.00000000000 0.00000000000 0.00000000000 0.00000000000 0.00000000000 0.00000000000 0.00000000000 0.00000000000 0.00000000000
# index_sel_params[1]:
1.50416120750
# index_sel_params[2]:
0.477714750115
# log_SR_scaler:
6.85299133274
# SR_steepness:
0.750000000000
