#######GENERAL HEADER INPUT#######
1
30
1
30
1
30
30
12
1	2	3	4	5	6	7	8	9	10	11	12
12
1	2	3	4	5	6	7	8	9	10	11	12
1
1001
1
1
#######SURVEY DATA#######
30
1	2	3	4	5	6	7	8	9	10	11	12	13	14	15	16	17	18	19	20	21	22	23	24	25	26	27	28	29	30
1.54821610371406	1.52227508282326	1.40060998353886	1.22300484657042	1.55028087925757	1.26397603601001	1.35682797069534	1.13508643846269	1.43092907881656	1.28414479963412	1.18518184665921	1.17496913078404	0.953503036239699	1.11164443639499	1.02349116649528	0.991539028937135	0.955940696316042	0.951572592925919	0.893408946356098	0.869745741190637	0.706850973133443	0.701454713773707	0.6514456953815	0.623188326334851	0.542283045566136	0.58974012476709	0.611291948369897	0.584627144633408	0.593596488356472	0.588620196379997
0.2	0.2	0.2	0.2	0.2	0.2	0.2	0.2	0.2	0.2	0.2	0.2	0.2	0.2	0.2	0.2	0.2	0.2	0.2	0.2	0.2	0.2	0.2	0.2	0.2	0.2	0.2	0.2	0.2	0.2
30
1	2	3	4	5	6	7	8	9	10	11	12	13	14	15	16	17	18	19	20	21	22	23	24	25	26	27	28	29	30
200	200	200	200	200	200	200	200	200	200	200	200	200	200	200	200	200	200	200	200	200	200	200	200	200	200	200	200	200	200
200	200	200	200	200	200	200	200	200	200	200	200	200	200	200	200	200	200	200	200	200	200	200	200	200	200	200	200	200	200
0.07	0.115	0.17	0.13	0.085	0.08	0.04	0.07	0.025	0.055	0.02	0.14
0.07	0.115	0.18	0.135	0.115	0.085	0.06	0.04	0.05	0.03	0.025	0.095
0.065	0.165	0.14	0.14	0.14	0.08	0.045	0.06	0.045	0.025	0.025	0.07
0.06	0.145	0.155	0.12	0.095	0.09	0.05	0.08	0.035	0.03	0.045	0.095
0.02	0.145	0.2	0.115	0.08	0.08	0.045	0.04	0.06	0.03	0.03	0.155
0.09	0.095	0.17	0.145	0.13	0.03	0.085	0.07	0.035	0.035	0.035	0.08
0.07	0.205	0.13	0.1	0.155	0.085	0.065	0.025	0.05	0.025	0.02	0.07
0.075	0.17	0.185	0.115	0.075	0.1	0.065	0.06	0.05	0.015	0.01	0.08
0.075	0.235	0.205	0.15	0.05	0.075	0.045	0.045	0.03	0.01	0.01	0.07
0.06	0.115	0.22	0.14	0.105	0.045	0.065	0.08	0.05	0.03	0.015	0.075
0.085	0.205	0.14	0.155	0.11	0.105	0.03	0.055	0.035	0.02	0.02	0.04
0.065	0.19	0.215	0.115	0.09	0.095	0.05	0.035	0.06	0.015	0.015	0.055
0.105	0.17	0.19	0.11	0.09	0.11	0.055	0.055	0.035	0.01	0.015	0.055
0.095	0.22	0.195	0.11	0.105	0.07	0.055	0.045	0.015	0.03	0.02	0.04
0.09	0.24	0.155	0.135	0.09	0.065	0.04	0.055	0.035	0.03	0.01	0.055
0.095	0.19	0.21	0.125	0.115	0.07	0.07	0.035	0.025	0.02	0.02	0.025
0.105	0.24	0.195	0.18	0.085	0.05	0.015	0.05	0.015	0.02	0.015	0.03
0.1	0.2	0.18	0.175	0.095	0.1	0.04	0.025	0.015	0.01	0.005	0.055
0.075	0.19	0.225	0.17	0.15	0.06	0.045	0.03	0	0.015	0.02	0.02
0.07	0.215	0.19	0.115	0.11	0.115	0.09	0.025	0.015	0.02	0.02	0.015
0.09	0.175	0.275	0.16	0.07	0.07	0.095	0.02	0.03	0.015	0	0
0.145	0.175	0.18	0.18	0.07	0.085	0.04	0.025	0.03	0.025	0.025	0.02
0.135	0.215	0.16	0.15	0.085	0.08	0.035	0.025	0.015	0.045	0.025	0.03
0.065	0.275	0.23	0.125	0.115	0.065	0.04	0.045	0.03	0.01	0	0
0.18	0.19	0.2	0.13	0.08	0.06	0.045	0.06	0.02	0.005	0.015	0.015
0.15	0.35	0.16	0.165	0.06	0.055	0.015	0.02	0.01	0	0.005	0.01
0.08	0.265	0.3	0.095	0.105	0.065	0.045	0.02	0.015	0.005	0	0.005
0.11	0.205	0.225	0.255	0.065	0.08	0.01	0.01	0.005	0.01	0	0.025
0.175	0.235	0.215	0.165	0.1	0.04	0.035	0	0.02	0.005	0.005	0.005
0.115	0.28	0.265	0.12	0.085	0.055	0.035	0.02	0.02	0	0	0.005
#######LANDINGS DATA#######
1
30
222.933887563762	419.186919827104	492.083853167683	757.813010601266	794.02018892257	1303.84321376732	1551.70120735746	1352.79333379001	1922.14651415894	1776.34463690394	1459.2375164859	2082.6850822898	1363.09321580047	1429.20992532543	2047.79810914782	1157.16431777147	1324.46654987788	1718.36707690411	2121.1136765639	1416.48910885094	1697.80443824379	880.833376322439	1608.36607972093	1840.05548471759	1820.47935874261	1308.47712589973	1160.4968489495	924.941600049683	1471.54904063871	1413.70900330258
0.01	0.01	0.01	0.01	0.01	0.01	0.01	0.01	0.01	0.01	0.01	0.01	0.01	0.01	0.01	0.01	0.01	0.01	0.01	0.01	0.01	0.01	0.01	0.01	0.01	0.01	0.01	0.01	0.01	0.01
30
1	2	3	4	5	6	7	8	9	10	11	12	13	14	15	16	17	18	19	20	21	22	23	24	25	26	27	28	29	30
200	200	200	200	200	200	200	200	200	200	200	200	200	200	200	200	200	200	200	200	200	200	200	200	200	200	200	200	200	200
200	200	200	200	200	200	200	200	200	200	200	200	200	200	200	200	200	200	200	200	200	200	200	200	200	200	200	200	200	200
0.06	0.095	0.08	0.1	0.12	0.11	0.085	0.07	0.07	0.075	0.025	0.11
0.08	0.17	0.105	0.15	0.085	0.025	0.06	0.07	0.06	0.045	0.035	0.115
0.1	0.12	0.1	0.12	0.155	0.075	0.08	0.045	0.04	0.05	0.015	0.1
0.04	0.165	0.135	0.115	0.065	0.09	0.07	0.055	0.075	0.055	0.03	0.105
0.06	0.1	0.155	0.14	0.09	0.065	0.09	0.035	0.045	0.045	0.025	0.15
0.11	0.105	0.12	0.16	0.135	0.12	0.04	0.025	0.03	0.03	0.02	0.105
0.09	0.095	0.12	0.105	0.12	0.12	0.07	0.045	0.04	0.05	0.025	0.12
0.125	0.11	0.155	0.07	0.105	0.11	0.055	0.055	0.04	0.02	0.025	0.13
0.075	0.165	0.135	0.165	0.045	0.095	0.065	0.055	0.045	0.04	0.01	0.105
0.065	0.105	0.25	0.13	0.11	0.065	0.05	0.06	0.01	0.03	0.025	0.1
0.12	0.115	0.145	0.16	0.11	0.105	0.045	0.045	0.05	0.025	0.01	0.07
0.11	0.145	0.16	0.1	0.105	0.055	0.095	0.03	0.04	0.035	0.01	0.115
0.125	0.18	0.2	0.11	0.075	0.095	0.055	0.07	0.005	0.02	0.005	0.06
0.095	0.12	0.155	0.155	0.12	0.065	0.045	0.05	0.045	0.02	0.015	0.115
0.14	0.185	0.145	0.14	0.09	0.06	0.06	0.04	0.035	0.03	0.005	0.07
0.1	0.205	0.205	0.16	0.08	0.05	0.05	0.015	0.03	0.02	0.015	0.07
0.105	0.16	0.165	0.16	0.115	0.085	0.05	0.02	0.02	0.045	0.02	0.055
0.09	0.15	0.21	0.165	0.12	0.07	0.045	0.045	0.03	0.01	0.025	0.04
0.135	0.135	0.14	0.185	0.14	0.1	0.04	0.035	0.025	0.015	0.005	0.045
0.085	0.21	0.19	0.14	0.09	0.095	0.07	0.045	0.02	0.025	0.01	0.02
0.095	0.195	0.21	0.095	0.135	0.085	0.035	0.055	0.035	0.03	0.005	0.025
0.1	0.185	0.185	0.18	0.07	0.065	0.06	0.055	0.025	0.005	0.015	0.055
0.185	0.185	0.105	0.17	0.125	0.07	0.035	0.055	0.025	0.015	0.005	0.025
0.12	0.225	0.195	0.15	0.075	0.065	0.06	0.04	0.02	0.02	0.005	0.025
0.225	0.12	0.245	0.13	0.085	0.04	0.085	0.02	0.025	0.01	0.005	0.01
0.155	0.305	0.08	0.21	0.1	0.05	0.03	0.015	0.005	0.01	0.025	0.015
0.165	0.19	0.285	0.095	0.115	0.075	0.015	0.005	0.02	0.02	0	0.015
0.21	0.18	0.21	0.225	0.055	0.05	0.03	0.02	0.005	0.01	0	0.005
0.17	0.175	0.2	0.155	0.15	0.06	0.03	0.025	0.015	0.005	0.005	0.01
0.145	0.25	0.175	0.16	0.075	0.1	0.03	0.01	0.02	0.01	0.01	0.015
#######PARAMETER SECTION#######
800	400	1200	-4	800	-0.25	1
0.18	0.01	1	-4	0.18	-0.25	1
-1.36	-5	-0.001	-4	-1.36	-0.25	1
0.1	0.05	0.3	-4	0.1	-0.25	1
0.2	0.01	0.5	-4	0.2	-0.25	1
0.75	0.20001	1	-3	0.75	-0.25	1
13.815511	-1	200	1	13.815511	-0.25	1
0	-1	1	-4	0	-0.25	1
0.2	1e-04	1.2	-3	0.2	-0.25	1
0	-10	10	-6	0	-1	1
0	-10	10	-6	0	-1	1
2	0	12	2	2	-0.5	1
1	0	12	2	1	-0.5	1
2	0	12	-2	2	-0.5	1
1	0	12	-2	1	-0.5	1
1.5	0	12	2	1.5	-0.5	1
2	0	12	2	2	-0.5	1
-14.9441716985435	-30	5	1	-14.9441716985435	-1	1
1	0.1	2	-1	1	-1	1
-1.55605574736755	-10	1.39	1	-1.55605574736755	-1	1
#######DEV CONSTRAINTS and DEVS#######
-15	15	2
-15	15	2
-15	15	2
0	0	0	0	0	0	0	0	0	0	0	0	0	0	0	0	0	0	0	0	0	0	0	0	0	0	0	0	0	0
0	0	0	0	0	0	0	0	0	0	0	0	0	0	0	0	0	0	0	0	0	0	0	0	0	0	0	0	0	0
0	0	0	0	0	0	0	0	0	0	0
#######LIKELIHOOD WEIGHTS#######
1
1
1
1
0
1
0
0
0
#######MISCELLANEOUS STUFF SECTION#######
2.5e-08
3
0.5	0.5	0.5	0.5	0.5	0.5	0.5	0.5	0.5	0.5	0.5	0.5
0.0229773699100256	0.320821300824607	0.904650535100891	0.994779874306442	0.999738809680904	0.999986992871533	0.999999352405202	0.999999967758134	0.999999998394772	0.99999999992008	0.999999999996021	0.999999999999802
0.2	0.2	0.2	0.2	0.2	0.2	0.2	0.2	0.2	0.2	0.2	0.2
0
1
10
0.2
1
1	0	0	0	0	0	0	0	0	0	0	0
0	1	0	0	0	0	0	0	0	0	0	0
0	0	1	0	0	0	0	0	0	0	0	0
0	0	0	1	0	0	0	0	0	0	0	0
0	0	0	0	1	0	0	0	0	0	0	0
0	0	0	0	0	1	0	0	0	0	0	0
0	0	0	0	0	0	1	0	0	0	0	0
0	0	0	0	0	0	0	1	0	0	0	0
0	0	0	0	0	0	0	0	1	0	0	0
0	0	0	0	0	0	0	0	0	1	0	0
0	0	0	0	0	0	0	0	0	0	1	0
0	0	0	0	0	0	0	0	0	0	0	1
40
31
2
1
#######END OF DATA FILE#######
999
