#styr												
1
#endyr												
30
#rec_age										
1															
#n_ages										
12
# numbers of length intervals
81
#Length	bin
10	11	12	13	14	15	16	17	18	19	20	21	22	23	24	25	26	27	28	29	30	31	32	33	34	35	36	37	38	39	40	41	42	43	44	45	46	47	48	49	50	51	52	53	54	55	56	57	58	59	60	61	62	63	64	65	66	67	68	69	70	71	72	73	74	75	76	77	78	79	80	81	82	83	84	85	86	87	88	89	90
#nfsh
1
#names_fsh
FLEET1												
#catch												
159.550584591531	458.206560192395	730.781236117626	948.040202913757	741.553035699058	1339.06243999615	1359.65698435039	2772.61343650682	1521.70496237358	1764.45651008622	1864.07911467544	1831.77330170497	1245.38008268303	1789.7516086827	1910.26521433416	1734.10436178933	3187.71594672725	2254.12730942041	1945.03166656886	1716.4397560931	2101.48101173343	1396.79951931522	2160.65189991063	1685.37877190086	1805.13170110916	1795.46676368062	1940.98849455786	2710.87567832764	2020.48813307927	2840.46640390546
#catch_cv											
0.01	0.01	0.01	0.01	0.01	0.01	0.01	0.01	0.01	0.01	0.01	0.01	0.01	0.01	0.01	0.01	0.01	0.01	0.01	0.01	0.01	0.01	0.01	0.01	0.01	0.01	0.01	0.01	0.01	0.01
#n_ages_fsh								
30		
#n_lengths_fsh								
0															
#yrs_ages_fsh								
1	2	3	4	5	6	7	8	9	10	11	12	13	14	15	16	17	18	19	20	21	22	23	24	25	26	27	28	29	30	
#sample_ages_fsh							
200	200	200	200	200	200	200	200	200	200	200	200	200	200	200	200	200	200	200	200	200	200	200	200	200	200	200	200	200	200
#page_fsh	2	3	4	5	6	7	8	9	10	11						
0.06	0.08	0.18	0.18	0.1	0.09	0.06	0.06	0.065	0.025	0.025	0.075
0.025	0.09	0.13	0.12	0.11	0.125	0.08	0.03	0.06	0.07	0.025	0.135
0.05	0.075	0.145	0.13	0.095	0.095	0.085	0.07	0.05	0.03	0.03	0.145
0.175	0.085	0.035	0.125	0.09	0.09	0.055	0.05	0.05	0.04	0.03	0.175
0.09	0.225	0.11	0.055	0.09	0.065	0.065	0.065	0.045	0.03	0.025	0.135
0.15	0.115	0.23	0.06	0.04	0.08	0.045	0.045	0.06	0.02	0.02	0.135
0.035	0.175	0.16	0.26	0.075	0.04	0.06	0.035	0.04	0.02	0.015	0.085
0.12	0.08	0.245	0.08	0.185	0.04	0.03	0.03	0.02	0.045	0.01	0.115
0.035	0.08	0.07	0.31	0.12	0.14	0.035	0.025	0.055	0.02	0.01	0.1
0.16	0.06	0.15	0.13	0.21	0.12	0.045	0.02	0	0.02	0.025	0.06
0.03	0.295	0.065	0.125	0.085	0.175	0.07	0.075	0	0.01	0.01	0.06
0.015	0.065	0.31	0.03	0.1	0.05	0.18	0.06	0.085	0.02	0	0.085
0.24	0.055	0.03	0.235	0.08	0.045	0.05	0.09	0.045	0.07	0.03	0.03
0.145	0.3	0.04	0.055	0.155	0.045	0.09	0.025	0.035	0.04	0.035	0.035
0.05	0.295	0.285	0.04	0.04	0.095	0.02	0.055	0.015	0.04	0.025	0.04
0.135	0.095	0.265	0.195	0.07	0.025	0.095	0.02	0.05	0	0.02	0.03
0.055	0.185	0.11	0.25	0.215	0.015	0.025	0.045	0.005	0.015	0.005	0.075
0.045	0.045	0.245	0.15	0.17	0.22	0.005	0.02	0.04	0.005	0.015	0.04
0.15	0.115	0.045	0.23	0.075	0.18	0.115	0.005	0	0.04	0.01	0.035
0.14	0.205	0.1	0.055	0.17	0.06	0.12	0.075	0.01	0.005	0.025	0.035
0.11	0.17	0.21	0.065	0.06	0.145	0.04	0.1	0.065	0.005	0	0.03
0.125	0.17	0.23	0.165	0.065	0.035	0.08	0.035	0.055	0.015	0.005	0.02
0.155	0.26	0.115	0.15	0.09	0.05	0.045	0.055	0.01	0.025	0.025	0.02
0.23	0.19	0.225	0.075	0.1	0.07	0.035	0.005	0.02	0.005	0.005	0.04
0.235	0.29	0.18	0.14	0.05	0.035	0.035	0.005	0.005	0	0	0.025
0.06	0.375	0.29	0.12	0.04	0.04	0.035	0.02	0.005	0	0.005	0.01
0.285	0.075	0.265	0.23	0.07	0.03	0.015	0.005	0.01	0.005	0	0.01
0.115	0.38	0.045	0.2	0.165	0.03	0.04	0.015	0.005	0.005	0	0
0.125	0.205	0.295	0.05	0.17	0.095	0.025	0.025	0	0	0	0.01
0.09	0.215	0.195	0.27	0.035	0.095	0.055	0.015	0.02	0.005	0.005	0
#wt_age_fsh	1 2	3	4	5	6	7	8	9	10	11						
0.000530656	0.001196328	0.002058265	0.003034987	0.004055212	0.005064698	0.006026226	0.006916921	0.007724891	0.008446113	0.009081853	0.009636695
0.000530656	0.001196328	0.002058265	0.003034987	0.004055212	0.005064698	0.006026226	0.006916921	0.007724891	0.008446113	0.009081853	0.009636695
0.000530656	0.001196328	0.002058265	0.003034987	0.004055212	0.005064698	0.006026226	0.006916921	0.007724891	0.008446113	0.009081853	0.009636695
0.000530656	0.001196328	0.002058265	0.003034987	0.004055212	0.005064698	0.006026226	0.006916921	0.007724891	0.008446113	0.009081853	0.009636695
0.000530656	0.001196328	0.002058265	0.003034987	0.004055212	0.005064698	0.006026226	0.006916921	0.007724891	0.008446113	0.009081853	0.009636695
0.000530656	0.001196328	0.002058265	0.003034987	0.004055212	0.005064698	0.006026226	0.006916921	0.007724891	0.008446113	0.009081853	0.009636695
0.000530656	0.001196328	0.002058265	0.003034987	0.004055212	0.005064698	0.006026226	0.006916921	0.007724891	0.008446113	0.009081853	0.009636695
0.000530656	0.001196328	0.002058265	0.003034987	0.004055212	0.005064698	0.006026226	0.006916921	0.007724891	0.008446113	0.009081853	0.009636695
0.000530656	0.001196328	0.002058265	0.003034987	0.004055212	0.005064698	0.006026226	0.006916921	0.007724891	0.008446113	0.009081853	0.009636695
0.000530656	0.001196328	0.002058265	0.003034987	0.004055212	0.005064698	0.006026226	0.006916921	0.007724891	0.008446113	0.009081853	0.009636695
0.000530656	0.001196328	0.002058265	0.003034987	0.004055212	0.005064698	0.006026226	0.006916921	0.007724891	0.008446113	0.009081853	0.009636695
0.000530656	0.001196328	0.002058265	0.003034987	0.004055212	0.005064698	0.006026226	0.006916921	0.007724891	0.008446113	0.009081853	0.009636695
0.000530656	0.001196328	0.002058265	0.003034987	0.004055212	0.005064698	0.006026226	0.006916921	0.007724891	0.008446113	0.009081853	0.009636695
0.000530656	0.001196328	0.002058265	0.003034987	0.004055212	0.005064698	0.006026226	0.006916921	0.007724891	0.008446113	0.009081853	0.009636695
0.000530656	0.001196328	0.002058265	0.003034987	0.004055212	0.005064698	0.006026226	0.006916921	0.007724891	0.008446113	0.009081853	0.009636695
0.000530656	0.001196328	0.002058265	0.003034987	0.004055212	0.005064698	0.006026226	0.006916921	0.007724891	0.008446113	0.009081853	0.009636695
0.000530656	0.001196328	0.002058265	0.003034987	0.004055212	0.005064698	0.006026226	0.006916921	0.007724891	0.008446113	0.009081853	0.009636695
0.000530656	0.001196328	0.002058265	0.003034987	0.004055212	0.005064698	0.006026226	0.006916921	0.007724891	0.008446113	0.009081853	0.009636695
0.000530656	0.001196328	0.002058265	0.003034987	0.004055212	0.005064698	0.006026226	0.006916921	0.007724891	0.008446113	0.009081853	0.009636695
0.000530656	0.001196328	0.002058265	0.003034987	0.004055212	0.005064698	0.006026226	0.006916921	0.007724891	0.008446113	0.009081853	0.009636695
0.000530656	0.001196328	0.002058265	0.003034987	0.004055212	0.005064698	0.006026226	0.006916921	0.007724891	0.008446113	0.009081853	0.009636695
0.000530656	0.001196328	0.002058265	0.003034987	0.004055212	0.005064698	0.006026226	0.006916921	0.007724891	0.008446113	0.009081853	0.009636695
0.000530656	0.001196328	0.002058265	0.003034987	0.004055212	0.005064698	0.006026226	0.006916921	0.007724891	0.008446113	0.009081853	0.009636695
0.000530656	0.001196328	0.002058265	0.003034987	0.004055212	0.005064698	0.006026226	0.006916921	0.007724891	0.008446113	0.009081853	0.009636695
0.000530656	0.001196328	0.002058265	0.003034987	0.004055212	0.005064698	0.006026226	0.006916921	0.007724891	0.008446113	0.009081853	0.009636695
0.000530656	0.001196328	0.002058265	0.003034987	0.004055212	0.005064698	0.006026226	0.006916921	0.007724891	0.008446113	0.009081853	0.009636695
0.000530656	0.001196328	0.002058265	0.003034987	0.004055212	0.005064698	0.006026226	0.006916921	0.007724891	0.008446113	0.009081853	0.009636695
0.000530656	0.001196328	0.002058265	0.003034987	0.004055212	0.005064698	0.006026226	0.006916921	0.007724891	0.008446113	0.009081853	0.009636695
0.000530656	0.001196328	0.002058265	0.003034987	0.004055212	0.005064698	0.006026226	0.006916921	0.007724891	0.008446113	0.009081853	0.009636695
0.000530656	0.001196328	0.002058265	0.003034987	0.004055212	0.005064698	0.006026226	0.006916921	0.007724891	0.008446113	0.009081853	0.009636695
#nind
1
#ind_names									
SURVEY1									
#nobs_ind
30
#yrs_ind											
1	2	3	4	5	6	7	8	9	10	11	12	13	14	15	16	17	18	19	20	21	22	23	24	25	26	27	28	29	30	
#month_ind										
1															
#biom_ind											
1.17281367211344	1.04013292060966	1.11677391321038	1.04162529385015	1.31626223046297	1.26004851136121	1.54482051876856	1.40638198200397	1.23610465747041	1.12077566388619	1.01650265273841	0.92191941182827	0.861429320688779	1.18092401912676	1.2053820332715	1.20774728785257	1.07825919645009	0.844879769340298	0.672758134754984	0.665701034544353	0.599380425702618	0.735538302841661	0.652075893371322	0.687906927782598	0.987767549332122	0.927862081549749	1.04052863261331	0.88029806081179	0.888654384709422	0.849443015163981
#biom_cv																
0.234562734422688	0.208026584121932	0.223354782642077	0.20832505877003	0.263252446092595	0.252009702272242	0.308964103753713	0.281276396400793	0.247220931494082	0.224155132777238	0.203300530547682	0.184383882365654	0.172285864137756	0.236184803825351	0.2410764066543	0.241549457570514	0.215651839290019	0.16897595386806	0.134551626950997	0.133140206908871	0.119876085140524	0.147107660568332	0.130415178674264	0.13758138555652	0.197553509866424	0.18557241630995	0.208105726522662	0.176059612162358	0.177730876941884	0.169888603032796
#n_ages_ind															
30			
#n_lengths_ind															
0															
#yrs_ages_ind															
1	2	3	4	5	6	7	8	9	10	11	12	13	14	15	16	17	18	19	20	21	22	23	24	25	26	27	28	29	30	
#sample_ages_ind					
200	200	200	200	200	200	200	200	200	200	200	200	200	200	200	200	200	200	200	200	200	200	200	200	200	200	200	200	200	200
#page_ind						
0.04	0.085	0.175	0.105	0.135	0.055	0.055	0.045	0.07	0.035	0.05	0.15
0.02	0.145	0.17	0.095	0.12	0.075	0.055	0.085	0.07	0.04	0.025	0.1
0.065	0.07	0.19	0.14	0.115	0.085	0.045	0.065	0.045	0.035	0.005	0.14
0.175	0.115	0.095	0.12	0.085	0.085	0.06	0.055	0.035	0.045	0.025	0.105
0.085	0.27	0.12	0.05	0.085	0.065	0.065	0.035	0.055	0.03	0.02	0.12
0.16	0.185	0.265	0.06	0.025	0.045	0.045	0.05	0.03	0.02	0.025	0.09
0.06	0.26	0.17	0.175	0.065	0.05	0.025	0.025	0.045	0.025	0.02	0.08
0.105	0.075	0.305	0.105	0.145	0.05	0.025	0.025	0.02	0.02	0.03	0.095
0.03	0.19	0.075	0.225	0.105	0.155	0.065	0.02	0.035	0.015	0.01	0.075
0.125	0.06	0.165	0.065	0.195	0.095	0.095	0.04	0.015	0.045	0.025	0.075
0.065	0.33	0.045	0.145	0.065	0.145	0.055	0.07	0.015	0.005	0.015	0.045
0.025	0.09	0.35	0.055	0.075	0.035	0.105	0.055	0.065	0.02	0	0.125
0.275	0.065	0.07	0.215	0.045	0.09	0.03	0.075	0.03	0.03	0.005	0.07
0.165	0.415	0.055	0.05	0.115	0.005	0.025	0.01	0.06	0.025	0.035	0.04
0.055	0.275	0.315	0.03	0.03	0.08	0.02	0.045	0.01	0.07	0.015	0.055
0.105	0.065	0.28	0.335	0.02	0.015	0.055	0.025	0.035	0.01	0.025	0.03
0.025	0.25	0.07	0.215	0.205	0.02	0.005	0.08	0.01	0.035	0.02	0.065
0.055	0.075	0.275	0.075	0.2	0.18	0.045	0.01	0.03	0	0.02	0.035
0.115	0.135	0.08	0.21	0.1	0.175	0.12	0.005	0.02	0.005	0.005	0.03
0.105	0.29	0.095	0.075	0.145	0.03	0.12	0.08	0	0.01	0.01	0.04
0.085	0.295	0.2	0.075	0.05	0.12	0.03	0.075	0.055	0.005	0	0.01
0.15	0.175	0.195	0.16	0.085	0.01	0.065	0.02	0.035	0.065	0	0.04
0.08	0.325	0.125	0.205	0.12	0.035	0.01	0.045	0	0.03	0.015	0.01
0.185	0.25	0.225	0.07	0.105	0.05	0.035	0.01	0.03	0.01	0.02	0.01
0.17	0.39	0.175	0.105	0.04	0.05	0.025	0.01	0.005	0.005	0	0.025
0.06	0.32	0.315	0.125	0.075	0.02	0.02	0.04	0.005	0	0.005	0.015
0.23	0.08	0.32	0.185	0.1	0.04	0.02	0.01	0.005	0	0	0.01
0.085	0.41	0.065	0.21	0.15	0.03	0.03	0.02	0	0	0	0
0.08	0.19	0.4	0.055	0.14	0.055	0.035	0.02	0.01	0	0.005	0.01
0.07	0.16	0.18	0.385	0.03	0.06	0.075	0.015	0.015	0.005	0.005	0
#wt_age_ind						
1 1 1 1 1 1 1 1 1 1 1 1 
1 1 1 1 1 1 1 1 1 1 1 1 
1 1 1 1 1 1 1 1 1 1 1 1 
1 1 1 1 1 1 1 1 1 1 1 1 
1 1 1 1 1 1 1 1 1 1 1 1 
1 1 1 1 1 1 1 1 1 1 1 1 
1 1 1 1 1 1 1 1 1 1 1 1 
1 1 1 1 1 1 1 1 1 1 1 1 
1 1 1 1 1 1 1 1 1 1 1 1 
1 1 1 1 1 1 1 1 1 1 1 1 
1 1 1 1 1 1 1 1 1 1 1 1 
1 1 1 1 1 1 1 1 1 1 1 1 
1 1 1 1 1 1 1 1 1 1 1 1 
1 1 1 1 1 1 1 1 1 1 1 1 
1 1 1 1 1 1 1 1 1 1 1 1 
1 1 1 1 1 1 1 1 1 1 1 1 
1 1 1 1 1 1 1 1 1 1 1 1 
1 1 1 1 1 1 1 1 1 1 1 1 
1 1 1 1 1 1 1 1 1 1 1 1 
1 1 1 1 1 1 1 1 1 1 1 1 
1 1 1 1 1 1 1 1 1 1 1 1 
1 1 1 1 1 1 1 1 1 1 1 1 
1 1 1 1 1 1 1 1 1 1 1 1 
1 1 1 1 1 1 1 1 1 1 1 1 
1 1 1 1 1 1 1 1 1 1 1 1 
1 1 1 1 1 1 1 1 1 1 1 1 
1 1 1 1 1 1 1 1 1 1 1 1 
1 1 1 1 1 1 1 1 1 1 1 1 
1 1 1 1 1 1 1 1 1 1 1 1 
1 1 1 1 1 1 1 1 1 1 1 1 
# wt_pop
0.000530656	0.001196328	0.002058265	0.003034987	0.004055212	0.005064698	0.006026226	0.006916921	0.007724891	0.008446113	0.009081853	0.009636695
#maturity
0.02297737 0.32082130 0.90465054 0.99477987 0.99973881 0.99998699 0.99999935 0.99999997 1 1 1 1
#spmonth						
1		
#age_err						
1	0	0	0	0	0	0	0	0	0	0	0
0	1	0	0	0	0	0	0	0	0	0	0
0	0	1	0	0	0	0	0	0	0	0	0
0	0	0	1	0	0	0	0	0	0	0	0
0	0	0	0	1	0	0	0	0	0	0	0
0	0	0	0	0	1	0	0	0	0	0	0
0	0	0	0	0	0	1	0	0	0	0	0
0	0	0	0	0	0	0	1	0	0	0	0
0	0	0	0	0	0	0	0	1	0	0	0
0	0	0	0	0	0	0	0	0	1	0	0
0	0	0	0	0	0	0	0	0	0	1	0
0	0	0	0	0	0	0	0	0	0	0	1																														
