#######GENERAL HEADER INPUT#######
1
30
1
30
1
30
30
12
1	2	3	4	5	6	7	8	9	10	11	12
12
1	2	3	4	5	6	7	8	9	10	11	12
1
1001
1
1
#######SURVEY DATA#######
30
1	2	3	4	5	6	7	8	9	10	11	12	13	14	15	16	17	18	19	20	21	22	23	24	25	26	27	28	29	30
1.46982962912098	1.52438645180133	1.56732622630156	1.28973854612737	1.27167629480542	1.35516266968632	1.19463556417202	1.27128970133037	1.28259371315295	0.996348415406092	1.38354045139335	1.0159793981032	1.05246910035137	1.15772870496239	1.27265274282726	0.895946495023098	1.10691919556658	1.08473315524722	0.908779752400601	0.9969902222436	0.733546233924913	0.678548840285724	0.751648079653551	0.630812144122135	0.680156546961991	0.487231035190537	0.613993704225174	0.535237908411427	0.473842920899826	0.545319100234223
0.2	0.2	0.2	0.2	0.2	0.2	0.2	0.2	0.2	0.2	0.2	0.2	0.2	0.2	0.2	0.2	0.2	0.2	0.2	0.2	0.2	0.2	0.2	0.2	0.2	0.2	0.2	0.2	0.2	0.2
30
1	2	3	4	5	6	7	8	9	10	11	12	13	14	15	16	17	18	19	20	21	22	23	24	25	26	27	28	29	30
200	200	200	200	200	200	200	200	200	200	200	200	200	200	200	200	200	200	200	200	200	200	200	200	200	200	200	200	200	200
200	200	200	200	200	200	200	200	200	200	200	200	200	200	200	200	200	200	200	200	200	200	200	200	200	200	200	200	200	200
0.01	0.145	0.13	0.125	0.09	0.095	0.07	0.07	0.05	0.045	0.05	0.12
0.075	0.145	0.13	0.11	0.095	0.09	0.03	0.05	0.06	0.045	0.035	0.135
0.07	0.105	0.105	0.15	0.11	0.1	0.09	0.025	0.035	0.05	0.045	0.115
0.055	0.185	0.11	0.115	0.105	0.075	0.095	0.07	0.05	0.02	0.015	0.105
0.055	0.105	0.195	0.1	0.105	0.06	0.06	0.06	0.04	0.055	0.025	0.14
0.055	0.175	0.16	0.125	0.1	0.06	0.055	0.035	0.055	0.03	0.03	0.12
0.07	0.2	0.15	0.115	0.105	0.05	0.06	0.04	0.055	0.03	0.01	0.115
0.085	0.18	0.17	0.11	0.105	0.055	0.05	0.02	0.06	0.03	0.02	0.115
0.09	0.16	0.17	0.185	0.09	0.075	0.045	0.025	0.03	0.03	0.03	0.07
0.08	0.22	0.195	0.135	0.07	0.04	0.05	0.03	0.015	0.015	0.02	0.13
0.07	0.17	0.22	0.13	0.105	0.075	0.06	0.04	0.035	0.015	0.01	0.07
0.03	0.16	0.21	0.175	0.085	0.095	0.055	0.06	0.03	0.025	0.02	0.055
0.055	0.18	0.185	0.18	0.08	0.075	0.06	0.02	0.025	0.025	0.02	0.095
0.055	0.215	0.125	0.15	0.13	0.1	0.07	0.02	0.04	0.025	0.015	0.055
0.08	0.19	0.21	0.095	0.105	0.085	0.065	0.035	0.035	0.015	0.015	0.07
0.075	0.205	0.175	0.215	0.075	0.075	0.03	0.035	0.025	0.04	0.005	0.045
0.12	0.155	0.23	0.125	0.145	0.08	0.03	0.02	0.025	0.025	0.005	0.04
0.085	0.24	0.165	0.19	0.11	0.05	0.04	0.03	0.02	0.015	0.005	0.05
0.085	0.19	0.245	0.095	0.115	0.055	0.08	0.04	0.005	0.025	0.02	0.045
0.05	0.24	0.175	0.165	0.11	0.05	0.035	0.07	0.005	0.02	0.03	0.05
0.12	0.215	0.24	0.135	0.12	0.05	0.065	0.02	0.01	0	0.01	0.015
0.13	0.19	0.165	0.16	0.13	0.09	0.03	0.01	0.045	0.02	0.005	0.025
0.105	0.255	0.125	0.16	0.115	0.065	0.07	0.02	0.03	0.015	0.01	0.03
0.15	0.23	0.195	0.125	0.07	0.115	0.04	0.03	0.01	0.01	0.005	0.02
0.135	0.37	0.17	0.105	0.06	0.055	0.045	0.005	0.005	0.02	0.01	0.02
0.095	0.27	0.265	0.125	0.075	0.02	0.04	0.035	0.03	0.02	0.005	0.02
0.085	0.24	0.18	0.25	0.1	0.075	0.045	0.005	0.005	0.005	0.005	0.005
0.105	0.215	0.19	0.185	0.15	0.06	0.035	0.015	0.01	0.01	0.02	0.005
0.145	0.255	0.155	0.125	0.13	0.095	0.04	0.02	0.01	0.005	0.015	0.005
0.095	0.365	0.175	0.065	0.1	0.06	0.075	0.01	0.03	0.005	0.005	0.015
#######LANDINGS DATA#######
1
30
160.578464415215	462.886793900973	742.525277239427	968.438217885094	743.296813723316	1293.3615431106	1243.48512612364	2399.97563422215	1313.33398768223	1517.30294459471	1621.31482010691	1657.15519199955	1133.79864579466	1591.0266715661	1620.17555641396	1383.89197069599	2471.10202557044	1804.5018917582	1640.05434363643	1526.0317475981	1947.20212333273	1267.41257124592	1834.27822244565	1316.46546038022	1242.34075049798	1111.47229025358	1069.31651804702	1364.25381222759	934.093606627089	1310.09341087822
0.01	0.01	0.01	0.01	0.01	0.01	0.01	0.01	0.01	0.01	0.01	0.01	0.01	0.01	0.01	0.01	0.01	0.01	0.01	0.01	0.01	0.01	0.01	0.01	0.01	0.01	0.01	0.01	0.01	0.01
30
1	2	3	4	5	6	7	8	9	10	11	12	13	14	15	16	17	18	19	20	21	22	23	24	25	26	27	28	29	30
200	200	200	200	200	200	200	200	200	200	200	200	200	200	200	200	200	200	200	200	200	200	200	200	200	200	200	200	200	200
200	200	200	200	200	200	200	200	200	200	200	200	200	200	200	200	200	200	200	200	200	200	200	200	200	200	200	200	200	200
0.065	0.085	0.09	0.15	0.1	0.085	0.065	0.09	0.055	0.04	0.05	0.125
0.09	0.11	0.095	0.155	0.085	0.105	0.08	0.045	0.025	0.04	0.045	0.125
0.09	0.11	0.07	0.135	0.06	0.085	0.075	0.055	0.065	0.05	0.035	0.17
0.095	0.135	0.14	0.11	0.105	0.09	0.115	0.03	0.035	0.04	0.02	0.085
0.09	0.08	0.155	0.12	0.1	0.065	0.075	0.05	0.05	0.04	0.055	0.12
0.06	0.145	0.12	0.14	0.095	0.09	0.055	0.065	0.045	0.03	0.04	0.115
0.105	0.1	0.165	0.145	0.115	0.075	0.075	0.035	0.04	0.025	0.02	0.1
0.09	0.12	0.145	0.155	0.095	0.11	0.065	0.035	0.035	0.02	0.03	0.1
0.05	0.21	0.12	0.105	0.11	0.085	0.07	0.045	0.05	0.03	0.05	0.075
0.105	0.11	0.11	0.16	0.135	0.11	0.055	0.035	0.015	0.025	0.035	0.105
0.12	0.145	0.18	0.165	0.13	0.065	0.035	0.025	0.025	0.025	0.02	0.065
0.08	0.105	0.18	0.125	0.13	0.1	0.06	0.065	0.025	0.02	0.01	0.1
0.145	0.15	0.15	0.145	0.095	0.07	0.09	0.05	0.025	0.01	0.005	0.065
0.115	0.25	0.12	0.08	0.135	0.065	0.07	0.065	0.015	0.025	0.01	0.05
0.095	0.14	0.2	0.145	0.1	0.115	0.055	0.045	0.03	0.005	0.005	0.065
0.055	0.17	0.155	0.22	0.09	0.095	0.085	0.02	0.04	0.01	0.005	0.055
0.11	0.11	0.2	0.11	0.16	0.105	0.035	0.045	0.03	0.03	0.005	0.06
0.125	0.265	0.14	0.155	0.085	0.07	0.025	0.03	0.04	0.015	0.01	0.04
0.13	0.13	0.15	0.16	0.185	0.035	0.08	0.045	0.02	0.015	0.01	0.04
0.08	0.195	0.21	0.195	0.08	0.085	0.05	0.03	0.005	0.02	0.015	0.035
0.11	0.155	0.19	0.14	0.13	0.1	0.065	0.035	0.025	0.01	0.005	0.035
0.13	0.23	0.175	0.19	0.09	0.055	0.02	0.045	0.04	0.005	0.01	0.01
0.14	0.15	0.155	0.135	0.16	0.08	0.09	0.02	0.02	0.015	0.01	0.025
0.21	0.185	0.145	0.16	0.08	0.08	0.05	0.03	0.015	0.02	0.005	0.02
0.115	0.28	0.195	0.13	0.085	0.04	0.055	0.03	0.02	0.01	0.015	0.025
0.135	0.175	0.275	0.15	0.075	0.09	0.03	0.03	0.015	0.005	0.005	0.015
0.14	0.165	0.16	0.21	0.095	0.095	0.055	0.04	0.015	0	0.01	0.015
0.115	0.21	0.17	0.155	0.19	0.05	0.04	0.03	0.005	0.01	0.01	0.015
0.215	0.18	0.19	0.155	0.125	0.07	0.015	0.02	0.01	0.005	0.005	0.01
0.16	0.25	0.195	0.12	0.09	0.105	0.03	0.03	0.015	0	0	0.005
#######PARAMETER SECTION#######
800	400	1200	-4	800	-0.25	1
0.18	0.01	1	-4	0.18	-0.25	1
-1.36	-5	-0.001	-4	-1.36	-0.25	1
0.1	0.05	0.3	-4	0.1	-0.25	1
0.2	0.01	0.5	-4	0.2	-0.25	1
0.75	0.20001	1	-3	0.75	-0.25	1
13.815511	-1	200	1	13.815511	-0.25	1
0	-1	1	-4	0	-0.25	1
0.2	1e-04	1.2	-3	0.2	-0.25	1
0	-10	10	-6	0	-1	1
0	-10	10	-6	0	-1	1
2	0	12	2	2	-0.5	1
1	0	12	2	1	-0.5	1
2	0	12	-2	2	-0.5	1
1	0	12	-2	1	-0.5	1
1.5	0	12	2	1.5	-0.5	1
2	0	12	2	2	-0.5	1
-14.9275998307303	-30	5	1	-14.9275998307303	-1	1
1	0.1	2	-1	1	-1	1
-1.54399197800355	-10	1.39	1	-1.54399197800355	-1	1
#######DEV CONSTRAINTS and DEVS#######
-15	15	2
-15	15	2
-15	15	2
0	0	0	0	0	0	0	0	0	0	0	0	0	0	0	0	0	0	0	0	0	0	0	0	0	0	0	0	0	0
0	0	0	0	0	0	0	0	0	0	0	0	0	0	0	0	0	0	0	0	0	0	0	0	0	0	0	0	0	0
0	0	0	0	0	0	0	0	0	0	0
#######LIKELIHOOD WEIGHTS#######
1
1
1
1
0
1
0
0
0
#######MISCELLANEOUS STUFF SECTION#######
2.5e-08
3
0.5	0.5	0.5	0.5	0.5	0.5	0.5	0.5	0.5	0.5	0.5	0.5
0.0229773699100256	0.320821300824607	0.904650535100891	0.994779874306442	0.999738809680904	0.999986992871533	0.999999352405202	0.999999967758134	0.999999998394772	0.99999999992008	0.999999999996021	0.999999999999802
0.2	0.2	0.2	0.2	0.2	0.2	0.2	0.2	0.2	0.2	0.2	0.2
0
1
10
0.2
1
1	0	0	0	0	0	0	0	0	0	0	0
0	1	0	0	0	0	0	0	0	0	0	0
0	0	1	0	0	0	0	0	0	0	0	0
0	0	0	1	0	0	0	0	0	0	0	0
0	0	0	0	1	0	0	0	0	0	0	0
0	0	0	0	0	1	0	0	0	0	0	0
0	0	0	0	0	0	1	0	0	0	0	0
0	0	0	0	0	0	0	1	0	0	0	0
0	0	0	0	0	0	0	0	1	0	0	0
0	0	0	0	0	0	0	0	0	1	0	0
0	0	0	0	0	0	0	0	0	0	1	0
0	0	0	0	0	0	0	0	0	0	0	1
40
31
2
1
#######END OF DATA FILE#######
999
