#######GENERAL HEADER INPUT#######
1
30
1
30
1
30
30
12
1	2	3	4	5	6	7	8	9	10	11	12
12
1	2	3	4	5	6	7	8	9	10	11	12
1
1001
1
1
#######SURVEY DATA#######
30
1	2	3	4	5	6	7	8	9	10	11	12	13	14	15	16	17	18	19	20	21	22	23	24	25	26	27	28	29	30
1.63607311337109	1.44158838187794	1.73594148502157	1.42632476492789	1.49384117125362	1.4179840276805	1.43717193461477	1.4893232440739	1.05971607264552	1.18802619069631	1.02574986451963	1.00500655821302	1.02897493903456	1.01570191617675	0.907818314075425	0.987851817037453	0.919326604323423	0.887540853116032	0.975835970933442	0.768338561772346	0.686725533914441	0.644059909264644	0.768174678193294	0.65204770414208	0.574886884346493	0.605982228294274	0.577014847289443	0.604491364011057	0.506892279258693	0.593428779095125
0.2	0.2	0.2	0.2	0.2	0.2	0.2	0.2	0.2	0.2	0.2	0.2	0.2	0.2	0.2	0.2	0.2	0.2	0.2	0.2	0.2	0.2	0.2	0.2	0.2	0.2	0.2	0.2	0.2	0.2
30
1	2	3	4	5	6	7	8	9	10	11	12	13	14	15	16	17	18	19	20	21	22	23	24	25	26	27	28	29	30
200	200	200	200	200	200	200	200	200	200	200	200	200	200	200	200	200	200	200	200	200	200	200	200	200	200	200	200	200	200
200	200	200	200	200	200	200	200	200	200	200	200	200	200	200	200	200	200	200	200	200	200	200	200	200	200	200	200	200	200
0.105	0.075	0.17	0.18	0.105	0.065	0.075	0.045	0.045	0.02	0.025	0.09
0.055	0.16	0.105	0.155	0.085	0.07	0.065	0.04	0.055	0.03	0.055	0.125
0.065	0.185	0.14	0.12	0.055	0.085	0.07	0.03	0.04	0.035	0.04	0.135
0.095	0.145	0.15	0.12	0.115	0.09	0.035	0.03	0.025	0.035	0.03	0.13
0.07	0.135	0.18	0.14	0.085	0.06	0.065	0.045	0.055	0.03	0.03	0.105
0.08	0.155	0.135	0.1	0.095	0.09	0.07	0.06	0.055	0.015	0.04	0.105
0.035	0.22	0.12	0.125	0.095	0.1	0.04	0.025	0.05	0.05	0.025	0.115
0.085	0.12	0.19	0.13	0.075	0.115	0.055	0.05	0.035	0.02	0.01	0.115
0.055	0.1	0.105	0.22	0.12	0.09	0.04	0.065	0.045	0.045	0.025	0.09
0.115	0.155	0.155	0.08	0.115	0.07	0.09	0.055	0.045	0	0.03	0.09
0.09	0.175	0.15	0.15	0.085	0.12	0.065	0.035	0.02	0.025	0.01	0.075
0.09	0.13	0.22	0.11	0.105	0.075	0.08	0.025	0.03	0.02	0.015	0.1
0.045	0.195	0.17	0.19	0.055	0.1	0.045	0.035	0.015	0.03	0.025	0.095
0.1	0.17	0.225	0.08	0.175	0.035	0.04	0.035	0.045	0.03	0.02	0.045
0.095	0.165	0.16	0.115	0.09	0.175	0.045	0.035	0.045	0.02	0.02	0.035
0.1	0.265	0.135	0.105	0.16	0.03	0.07	0.02	0.02	0.015	0.03	0.05
0.105	0.22	0.225	0.095	0.07	0.08	0.03	0.045	0.01	0.02	0.01	0.09
0.13	0.245	0.23	0.135	0.055	0.055	0.065	0.01	0.03	0.005	0.01	0.03
0.095	0.32	0.135	0.19	0.095	0.045	0.02	0.035	0.015	0.01	0.015	0.025
0.075	0.205	0.275	0.115	0.14	0.06	0.035	0.02	0.02	0.025	0.015	0.015
0.095	0.19	0.21	0.235	0.09	0.07	0.05	0.01	0.005	0.01	0	0.035
0.085	0.215	0.15	0.16	0.145	0.075	0.07	0.03	0.015	0.015	0.01	0.03
0.115	0.21	0.245	0.095	0.1	0.115	0.035	0.04	0.005	0.025	0.005	0.01
0.09	0.235	0.27	0.145	0.07	0.05	0.07	0.015	0.025	0.005	0.01	0.015
0.155	0.205	0.205	0.155	0.105	0.01	0.05	0.045	0.02	0.01	0.005	0.035
0.14	0.31	0.21	0.12	0.05	0.025	0.06	0.025	0.03	0.015	0.01	0.005
0.185	0.185	0.255	0.15	0.135	0.035	0.015	0.005	0.005	0.015	0.005	0.01
0.195	0.285	0.205	0.12	0.055	0.03	0.045	0.01	0.005	0.025	0.01	0.015
0.135	0.315	0.245	0.135	0.12	0.015	0.005	0.015	0.005	0	0	0.01
0.135	0.33	0.205	0.14	0.07	0.05	0.035	0.02	0.005	0	0	0.01
#######LANDINGS DATA#######
1
30
160.414070850266	463.754066428554	753.008262505971	974.491036818181	751.09300632679	1323.73553320219	1268.02361576962	2463.22616055728	1291.59096420067	1462.00879014393	1527.51762408624	1508.45428202533	1057.25805819317	1471.41176600783	1429.56794953151	1218.03501883762	2162.96709908094	1572.38979921821	1475.98550895672	1369.63809144561	1730.08216508635	1126.84045124801	1640.67561494962	1174.50532609178	1082.01944040708	953.927628929713	935.250362492057	1283.84361061724	985.200433992798	1518.18879167412
0.01	0.01	0.01	0.01	0.01	0.01	0.01	0.01	0.01	0.01	0.01	0.01	0.01	0.01	0.01	0.01	0.01	0.01	0.01	0.01	0.01	0.01	0.01	0.01	0.01	0.01	0.01	0.01	0.01	0.01
30
1	2	3	4	5	6	7	8	9	10	11	12	13	14	15	16	17	18	19	20	21	22	23	24	25	26	27	28	29	30
200	200	200	200	200	200	200	200	200	200	200	200	200	200	200	200	200	200	200	200	200	200	200	200	200	200	200	200	200	200
200	200	200	200	200	200	200	200	200	200	200	200	200	200	200	200	200	200	200	200	200	200	200	200	200	200	200	200	200	200
0.055	0.125	0.12	0.125	0.135	0.085	0.055	0.08	0.025	0.04	0.025	0.13
0.085	0.15	0.14	0.115	0.085	0.055	0.055	0.035	0.065	0.055	0.02	0.14
0.1	0.16	0.11	0.105	0.105	0.06	0.07	0.06	0.055	0.025	0.015	0.135
0.07	0.155	0.12	0.11	0.07	0.085	0.08	0.04	0.03	0.035	0.045	0.16
0.055	0.075	0.155	0.15	0.125	0.09	0.06	0.075	0.06	0.035	0.015	0.105
0.08	0.14	0.1	0.135	0.15	0.065	0.045	0.04	0.03	0.05	0.015	0.15
0.055	0.165	0.17	0.135	0.07	0.065	0.085	0.04	0.03	0.04	0.02	0.125
0.065	0.13	0.215	0.08	0.095	0.095	0.075	0.08	0.025	0.015	0.02	0.105
0.06	0.14	0.135	0.175	0.095	0.115	0.06	0.025	0.05	0.01	0.04	0.095
0.105	0.11	0.175	0.115	0.15	0.065	0.075	0.055	0.045	0.005	0.01	0.09
0.07	0.175	0.08	0.11	0.07	0.145	0.055	0.06	0.04	0.045	0.03	0.12
0.11	0.12	0.215	0.075	0.105	0.06	0.08	0.06	0.025	0.035	0.025	0.09
0.095	0.155	0.145	0.22	0.07	0.055	0.04	0.03	0.02	0.045	0.03	0.095
0.08	0.12	0.18	0.13	0.185	0.06	0.045	0.03	0.05	0.035	0.02	0.065
0.12	0.11	0.145	0.155	0.085	0.13	0.04	0.03	0.035	0.04	0.02	0.09
0.185	0.175	0.105	0.095	0.135	0.045	0.09	0.045	0.025	0.03	0.01	0.06
0.115	0.245	0.135	0.1	0.09	0.07	0.055	0.075	0.03	0.045	0.015	0.025
0.185	0.135	0.26	0.15	0.07	0.035	0.05	0.04	0.035	0.015	0	0.025
0.085	0.195	0.13	0.215	0.115	0.06	0.045	0.055	0.02	0.02	0.01	0.05
0.075	0.125	0.285	0.125	0.15	0.11	0.03	0.015	0.005	0.01	0.02	0.05
0.135	0.095	0.175	0.205	0.115	0.14	0.04	0.02	0.015	0.025	0.01	0.025
0.09	0.15	0.13	0.17	0.15	0.085	0.065	0.05	0.035	0.005	0.025	0.045
0.125	0.18	0.205	0.105	0.115	0.1	0.055	0.055	0.03	0.005	0.005	0.02
0.135	0.205	0.2	0.14	0.065	0.08	0.055	0.025	0.04	0.02	0	0.035
0.15	0.205	0.195	0.185	0.08	0.065	0.045	0.02	0.025	0.01	0.015	0.005
0.105	0.275	0.16	0.165	0.085	0.085	0.05	0.02	0.02	0.015	0.015	0.005
0.175	0.18	0.195	0.165	0.125	0.075	0.04	0.005	0.02	0	0.005	0.015
0.21	0.25	0.175	0.205	0.06	0.035	0.025	0.015	0.015	0	0.005	0.005
0.205	0.275	0.165	0.135	0.09	0.035	0.04	0.025	0.01	0	0.005	0.015
0.205	0.25	0.235	0.155	0.045	0.05	0.01	0.025	0.01	0.005	0	0.01
#######PARAMETER SECTION#######
800	400	1200	-4	800	-0.25	1
0.18	0.01	1	-4	0.18	-0.25	1
-1.36	-5	-0.001	-4	-1.36	-0.25	1
0.1	0.05	0.3	-4	0.1	-0.25	1
0.2	0.01	0.5	-4	0.2	-0.25	1
0.75	0.20001	1	-3	0.75	-0.25	1
13.815511	-1	200	1	13.815511	-0.25	1
0	-1	1	-4	0	-0.25	1
0.2	1e-04	1.2	-3	0.2	-0.25	1
0	-10	10	-6	0	-1	1
0	-10	10	-6	0	-1	1
2	0	12	2	2	-0.5	1
1	0	12	2	1	-0.5	1
2	0	12	-2	2	-0.5	1
1	0	12	-2	1	-0.5	1
1.5	0	12	2	1.5	-0.5	1
2	0	12	2	2	-0.5	1
-14.8761838905419	-30	5	1	-14.8761838905419	-1	1
1	0.1	2	-1	1	-1	1
-1.54399197800355	-10	1.39	1	-1.54399197800355	-1	1
#######DEV CONSTRAINTS and DEVS#######
-15	15	2
-15	15	2
-15	15	2
0	0	0	0	0	0	0	0	0	0	0	0	0	0	0	0	0	0	0	0	0	0	0	0	0	0	0	0	0	0
0	0	0	0	0	0	0	0	0	0	0	0	0	0	0	0	0	0	0	0	0	0	0	0	0	0	0	0	0	0
0	0	0	0	0	0	0	0	0	0	0
#######LIKELIHOOD WEIGHTS#######
1
1
1
1
0
1
0
0
0
#######MISCELLANEOUS STUFF SECTION#######
2.5e-08
3
0.5	0.5	0.5	0.5	0.5	0.5	0.5	0.5	0.5	0.5	0.5	0.5
0.0229773699100256	0.320821300824607	0.904650535100891	0.994779874306442	0.999738809680904	0.999986992871533	0.999999352405202	0.999999967758134	0.999999998394772	0.99999999992008	0.999999999996021	0.999999999999802
0.2	0.2	0.2	0.2	0.2	0.2	0.2	0.2	0.2	0.2	0.2	0.2
0
1
10
0.2
1
1	0	0	0	0	0	0	0	0	0	0	0
0	1	0	0	0	0	0	0	0	0	0	0
0	0	1	0	0	0	0	0	0	0	0	0
0	0	0	1	0	0	0	0	0	0	0	0
0	0	0	0	1	0	0	0	0	0	0	0
0	0	0	0	0	1	0	0	0	0	0	0
0	0	0	0	0	0	1	0	0	0	0	0
0	0	0	0	0	0	0	1	0	0	0	0
0	0	0	0	0	0	0	0	1	0	0	0
0	0	0	0	0	0	0	0	0	1	0	0
0	0	0	0	0	0	0	0	0	0	1	0
0	0	0	0	0	0	0	0	0	0	0	1
40
31
2
1
#######END OF DATA FILE#######
999
