#styr												
1
#endyr												
30
#rec_age										
1															
#n_ages										
12
# numbers of length intervals
81
#Length	bin
10	11	12	13	14	15	16	17	18	19	20	21	22	23	24	25	26	27	28	29	30	31	32	33	34	35	36	37	38	39	40	41	42	43	44	45	46	47	48	49	50	51	52	53	54	55	56	57	58	59	60	61	62	63	64	65	66	67	68	69	70	71	72	73	74	75	76	77	78	79	80	81	82	83	84	85	86	87	88	89	90
#nfsh
1
#names_fsh
FLEET1												
#catch												
161.574583404082	463.826682031254	741.43994591532	979.831444772845	764.475494076646	1316.2913043151	1289.10696851179	2502.42993184563	1358.17268137448	1586.70426569417	1691.86517681584	1700.92876674383	1152.884770636	1561.51948030696	1541.33903855048	1289.34014412479	2269.87244618587	1615.01818859529	1485.82564231393	1376.53793082771	1726.39562116458	1150.86020492941	1695.89478340758	1249.02927097024	1156.60171951214	1012.92711666823	954.480755484809	1227.91458114801	854.646331618819	1187.93752128933
#catch_cv											
0.01	0.01	0.01	0.01	0.01	0.01	0.01	0.01	0.01	0.01	0.01	0.01	0.01	0.01	0.01	0.01	0.01	0.01	0.01	0.01	0.01	0.01	0.01	0.01	0.01	0.01	0.01	0.01	0.01	0.01
#n_ages_fsh								
30		
#n_lengths_fsh								
0															
#yrs_ages_fsh								
1	2	3	4	5	6	7	8	9	10	11	12	13	14	15	16	17	18	19	20	21	22	23	24	25	26	27	28	29	30	
#sample_ages_fsh							
200	200	200	200	200	200	200	200	200	200	200	200	200	200	200	200	200	200	200	200	200	200	200	200	200	200	200	200	200	200
#page_fsh	2	3	4	5	6	7	8	9	10	11						
0.085	0.07	0.115	0.17	0.105	0.075	0.03	0.065	0.045	0.05	0.035	0.155
0.045	0.13	0.1	0.135	0.115	0.095	0.095	0.055	0.025	0.07	0.025	0.11
0.075	0.075	0.115	0.115	0.11	0.11	0.05	0.075	0.04	0.035	0.07	0.13
0.115	0.09	0.12	0.14	0.095	0.085	0.075	0.045	0.035	0.035	0.01	0.155
0.07	0.075	0.12	0.115	0.07	0.09	0.095	0.055	0.045	0.055	0.03	0.18
0.105	0.115	0.125	0.125	0.165	0.075	0.055	0.035	0.055	0.02	0.025	0.1
0.08	0.145	0.105	0.105	0.065	0.11	0.065	0.07	0.055	0.035	0.02	0.145
0.105	0.135	0.125	0.14	0.085	0.07	0.095	0.05	0.045	0.03	0.03	0.09
0.11	0.115	0.175	0.135	0.075	0.08	0.035	0.055	0.045	0.03	0.03	0.115
0.08	0.105	0.135	0.225	0.14	0.06	0.06	0.055	0.015	0.02	0.015	0.09
0.195	0.145	0.125	0.13	0.095	0.105	0.035	0.035	0.02	0.01	0.03	0.075
0.055	0.2	0.16	0.14	0.105	0.075	0.045	0.07	0.03	0.02	0.03	0.07
0.07	0.09	0.16	0.135	0.125	0.1	0.085	0.045	0.06	0.035	0.02	0.075
0.155	0.15	0.125	0.15	0.08	0.08	0.075	0.035	0.035	0.025	0.015	0.075
0.08	0.13	0.145	0.105	0.135	0.085	0.095	0.055	0.04	0.02	0.025	0.085
0.15	0.14	0.18	0.14	0.075	0.075	0.045	0.065	0.04	0.01	0.025	0.055
0.08	0.185	0.135	0.185	0.13	0.05	0.07	0.045	0.08	0.01	0	0.03
0.16	0.135	0.175	0.145	0.1	0.06	0.035	0.08	0.02	0.015	0.02	0.055
0.095	0.245	0.12	0.155	0.09	0.095	0.06	0.035	0.035	0.01	0.015	0.045
0.175	0.155	0.185	0.13	0.145	0.065	0.015	0.045	0.015	0.005	0.005	0.06
0.085	0.155	0.17	0.215	0.12	0.075	0.05	0.045	0.015	0.015	0.015	0.04
0.165	0.12	0.235	0.135	0.12	0.085	0.055	0.02	0.035	0.01	0.015	0.005
0.165	0.275	0.12	0.195	0.065	0.04	0.035	0.045	0.01	0.01	0.035	0.005
0.145	0.255	0.26	0.065	0.125	0.07	0.055	0.005	0.005	0.005	0	0.01
0.12	0.21	0.22	0.21	0.055	0.07	0.04	0.025	0.015	0.015	0.005	0.015
0.19	0.125	0.185	0.18	0.13	0.06	0.055	0.015	0.025	0.015	0.01	0.01
0.155	0.285	0.12	0.135	0.095	0.1	0.025	0.025	0.01	0.035	0.005	0.01
0.155	0.175	0.265	0.08	0.09	0.11	0.055	0.025	0.025	0.005	0	0.015
0.14	0.22	0.17	0.19	0.095	0.08	0.06	0.025	0.01	0.005	0.005	0
0.215	0.26	0.15	0.135	0.12	0.035	0.025	0.03	0.01	0.005	0.01	0.005
#wt_age_fsh	1 2	3	4	5	6	7	8	9	10	11						
0.000530656	0.001196328	0.002058265	0.003034987	0.004055212	0.005064698	0.006026226	0.006916921	0.007724891	0.008446113	0.009081853	0.009636695
0.000530656	0.001196328	0.002058265	0.003034987	0.004055212	0.005064698	0.006026226	0.006916921	0.007724891	0.008446113	0.009081853	0.009636695
0.000530656	0.001196328	0.002058265	0.003034987	0.004055212	0.005064698	0.006026226	0.006916921	0.007724891	0.008446113	0.009081853	0.009636695
0.000530656	0.001196328	0.002058265	0.003034987	0.004055212	0.005064698	0.006026226	0.006916921	0.007724891	0.008446113	0.009081853	0.009636695
0.000530656	0.001196328	0.002058265	0.003034987	0.004055212	0.005064698	0.006026226	0.006916921	0.007724891	0.008446113	0.009081853	0.009636695
0.000530656	0.001196328	0.002058265	0.003034987	0.004055212	0.005064698	0.006026226	0.006916921	0.007724891	0.008446113	0.009081853	0.009636695
0.000530656	0.001196328	0.002058265	0.003034987	0.004055212	0.005064698	0.006026226	0.006916921	0.007724891	0.008446113	0.009081853	0.009636695
0.000530656	0.001196328	0.002058265	0.003034987	0.004055212	0.005064698	0.006026226	0.006916921	0.007724891	0.008446113	0.009081853	0.009636695
0.000530656	0.001196328	0.002058265	0.003034987	0.004055212	0.005064698	0.006026226	0.006916921	0.007724891	0.008446113	0.009081853	0.009636695
0.000530656	0.001196328	0.002058265	0.003034987	0.004055212	0.005064698	0.006026226	0.006916921	0.007724891	0.008446113	0.009081853	0.009636695
0.000530656	0.001196328	0.002058265	0.003034987	0.004055212	0.005064698	0.006026226	0.006916921	0.007724891	0.008446113	0.009081853	0.009636695
0.000530656	0.001196328	0.002058265	0.003034987	0.004055212	0.005064698	0.006026226	0.006916921	0.007724891	0.008446113	0.009081853	0.009636695
0.000530656	0.001196328	0.002058265	0.003034987	0.004055212	0.005064698	0.006026226	0.006916921	0.007724891	0.008446113	0.009081853	0.009636695
0.000530656	0.001196328	0.002058265	0.003034987	0.004055212	0.005064698	0.006026226	0.006916921	0.007724891	0.008446113	0.009081853	0.009636695
0.000530656	0.001196328	0.002058265	0.003034987	0.004055212	0.005064698	0.006026226	0.006916921	0.007724891	0.008446113	0.009081853	0.009636695
0.000530656	0.001196328	0.002058265	0.003034987	0.004055212	0.005064698	0.006026226	0.006916921	0.007724891	0.008446113	0.009081853	0.009636695
0.000530656	0.001196328	0.002058265	0.003034987	0.004055212	0.005064698	0.006026226	0.006916921	0.007724891	0.008446113	0.009081853	0.009636695
0.000530656	0.001196328	0.002058265	0.003034987	0.004055212	0.005064698	0.006026226	0.006916921	0.007724891	0.008446113	0.009081853	0.009636695
0.000530656	0.001196328	0.002058265	0.003034987	0.004055212	0.005064698	0.006026226	0.006916921	0.007724891	0.008446113	0.009081853	0.009636695
0.000530656	0.001196328	0.002058265	0.003034987	0.004055212	0.005064698	0.006026226	0.006916921	0.007724891	0.008446113	0.009081853	0.009636695
0.000530656	0.001196328	0.002058265	0.003034987	0.004055212	0.005064698	0.006026226	0.006916921	0.007724891	0.008446113	0.009081853	0.009636695
0.000530656	0.001196328	0.002058265	0.003034987	0.004055212	0.005064698	0.006026226	0.006916921	0.007724891	0.008446113	0.009081853	0.009636695
0.000530656	0.001196328	0.002058265	0.003034987	0.004055212	0.005064698	0.006026226	0.006916921	0.007724891	0.008446113	0.009081853	0.009636695
0.000530656	0.001196328	0.002058265	0.003034987	0.004055212	0.005064698	0.006026226	0.006916921	0.007724891	0.008446113	0.009081853	0.009636695
0.000530656	0.001196328	0.002058265	0.003034987	0.004055212	0.005064698	0.006026226	0.006916921	0.007724891	0.008446113	0.009081853	0.009636695
0.000530656	0.001196328	0.002058265	0.003034987	0.004055212	0.005064698	0.006026226	0.006916921	0.007724891	0.008446113	0.009081853	0.009636695
0.000530656	0.001196328	0.002058265	0.003034987	0.004055212	0.005064698	0.006026226	0.006916921	0.007724891	0.008446113	0.009081853	0.009636695
0.000530656	0.001196328	0.002058265	0.003034987	0.004055212	0.005064698	0.006026226	0.006916921	0.007724891	0.008446113	0.009081853	0.009636695
0.000530656	0.001196328	0.002058265	0.003034987	0.004055212	0.005064698	0.006026226	0.006916921	0.007724891	0.008446113	0.009081853	0.009636695
0.000530656	0.001196328	0.002058265	0.003034987	0.004055212	0.005064698	0.006026226	0.006916921	0.007724891	0.008446113	0.009081853	0.009636695
#nind
1
#ind_names									
SURVEY1									
#nobs_ind
30
#yrs_ind											
1	2	3	4	5	6	7	8	9	10	11	12	13	14	15	16	17	18	19	20	21	22	23	24	25	26	27	28	29	30	
#month_ind										
1															
#biom_ind											
1.3826466283953	1.59938989864306	1.56275755820816	1.54166791916022	1.5331193266084	1.45306692280252	1.53938421569909	1.46127161356585	1.47063046914058	1.18539642010516	1.34412087833922	1.22275044129178	0.993564143917389	1.10536207956301	0.966942634182222	0.941062500379409	1.16657282434887	1.00515155752911	0.891509147095504	0.761444736101703	0.703301812443251	0.713956104385624	0.662186808456067	0.652418260906559	0.617685372479275	0.51790431641411	0.527520334607126	0.468275209159638	0.505888618783928	0.420302650730962
#biom_cv																
0.27652932567906	0.319877979728613	0.312551511641632	0.308333583832045	0.306623865321679	0.290613384560504	0.307876843139817	0.292254322713171	0.294126093828116	0.237079284021031	0.268824175667844	0.244550088258356	0.198712828783478	0.221072415912603	0.193388526836444	0.188212500075882	0.233314564869775	0.201030311505821	0.178301829419101	0.152288947220341	0.14066036248865	0.142791220877125	0.132437361691213	0.130483652181312	0.123537074495855	0.103580863282822	0.105504066921425	0.0936550418319276	0.101177723756786	0.0840605301461925
#n_ages_ind															
30			
#n_lengths_ind															
0															
#yrs_ages_ind															
1	2	3	4	5	6	7	8	9	10	11	12	13	14	15	16	17	18	19	20	21	22	23	24	25	26	27	28	29	30	
#sample_ages_ind					
200	200	200	200	200	200	200	200	200	200	200	200	200	200	200	200	200	200	200	200	200	200	200	200	200	200	200	200	200	200
#page_ind						
0.095	0.125	0.18	0.1	0.095	0.075	0.045	0.065	0.05	0.04	0.05	0.08
0.07	0.125	0.155	0.12	0.105	0.065	0.055	0.05	0.055	0.045	0.025	0.13
0.09	0.19	0.16	0.11	0.1	0.055	0.035	0.045	0.025	0.04	0.025	0.125
0.07	0.16	0.16	0.14	0.08	0.08	0.075	0.045	0.03	0.025	0.03	0.105
0.095	0.13	0.125	0.12	0.1	0.08	0.095	0.05	0.05	0.035	0.01	0.11
0.07	0.195	0.19	0.085	0.08	0.105	0.065	0.05	0.025	0.035	0.03	0.07
0.08	0.165	0.215	0.13	0.075	0.07	0.035	0.065	0.03	0.03	0.02	0.085
0.055	0.165	0.18	0.175	0.055	0.06	0.05	0.08	0.045	0.03	0.015	0.09
0.085	0.17	0.215	0.135	0.1	0.045	0.03	0.065	0.015	0.04	0.01	0.09
0.07	0.165	0.155	0.14	0.12	0.055	0.02	0.025	0.035	0.035	0.055	0.125
0.1	0.185	0.17	0.135	0.13	0.055	0.045	0.03	0.04	0.02	0.03	0.06
0.045	0.18	0.175	0.17	0.1	0.09	0.05	0.06	0.03	0.01	0.02	0.07
0.115	0.14	0.205	0.1	0.075	0.09	0.07	0.045	0.035	0.03	0.025	0.07
0.085	0.175	0.14	0.16	0.145	0.065	0.08	0.05	0.025	0.015	0.01	0.05
0.08	0.215	0.18	0.095	0.155	0.07	0.035	0.02	0.03	0.015	0.04	0.065
0.125	0.14	0.205	0.14	0.055	0.115	0.045	0.035	0.035	0.035	0.01	0.06
0.085	0.255	0.17	0.145	0.08	0.045	0.05	0.015	0.05	0.03	0.02	0.055
0.08	0.165	0.28	0.105	0.09	0.085	0.045	0.025	0.01	0.025	0.04	0.05
0.105	0.245	0.175	0.175	0.095	0.055	0.02	0.03	0.035	0.01	0.015	0.04
0.15	0.185	0.235	0.105	0.13	0.045	0.06	0.025	0.01	0.005	0.005	0.045
0.07	0.205	0.185	0.215	0.09	0.09	0.035	0.05	0.01	0.005	0.02	0.025
0.115	0.1	0.3	0.155	0.13	0.055	0.035	0.015	0.04	0.025	0	0.03
0.13	0.265	0.12	0.15	0.115	0.065	0.03	0.035	0.005	0.03	0.015	0.04
0.115	0.265	0.29	0.1	0.08	0.045	0.05	0.005	0.015	0.005	0.005	0.025
0.095	0.255	0.25	0.115	0.085	0.06	0.045	0.015	0.015	0.02	0.02	0.025
0.115	0.175	0.265	0.16	0.115	0.045	0.06	0.025	0.015	0.01	0.005	0.01
0.105	0.27	0.185	0.185	0.11	0.06	0.025	0.02	0.015	0.015	0	0.01
0.1	0.18	0.315	0.14	0.11	0.065	0.035	0.01	0.005	0.02	0.005	0.015
0.145	0.195	0.215	0.19	0.085	0.06	0.05	0.015	0.015	0.01	0.01	0.01
0.14	0.315	0.185	0.1	0.125	0.045	0.03	0.02	0.035	0	0	0.005
#wt_age_ind						
1 1 1 1 1 1 1 1 1 1 1 1 
1 1 1 1 1 1 1 1 1 1 1 1 
1 1 1 1 1 1 1 1 1 1 1 1 
1 1 1 1 1 1 1 1 1 1 1 1 
1 1 1 1 1 1 1 1 1 1 1 1 
1 1 1 1 1 1 1 1 1 1 1 1 
1 1 1 1 1 1 1 1 1 1 1 1 
1 1 1 1 1 1 1 1 1 1 1 1 
1 1 1 1 1 1 1 1 1 1 1 1 
1 1 1 1 1 1 1 1 1 1 1 1 
1 1 1 1 1 1 1 1 1 1 1 1 
1 1 1 1 1 1 1 1 1 1 1 1 
1 1 1 1 1 1 1 1 1 1 1 1 
1 1 1 1 1 1 1 1 1 1 1 1 
1 1 1 1 1 1 1 1 1 1 1 1 
1 1 1 1 1 1 1 1 1 1 1 1 
1 1 1 1 1 1 1 1 1 1 1 1 
1 1 1 1 1 1 1 1 1 1 1 1 
1 1 1 1 1 1 1 1 1 1 1 1 
1 1 1 1 1 1 1 1 1 1 1 1 
1 1 1 1 1 1 1 1 1 1 1 1 
1 1 1 1 1 1 1 1 1 1 1 1 
1 1 1 1 1 1 1 1 1 1 1 1 
1 1 1 1 1 1 1 1 1 1 1 1 
1 1 1 1 1 1 1 1 1 1 1 1 
1 1 1 1 1 1 1 1 1 1 1 1 
1 1 1 1 1 1 1 1 1 1 1 1 
1 1 1 1 1 1 1 1 1 1 1 1 
1 1 1 1 1 1 1 1 1 1 1 1 
1 1 1 1 1 1 1 1 1 1 1 1 
# wt_pop
0.000530656	0.001196328	0.002058265	0.003034987	0.004055212	0.005064698	0.006026226	0.006916921	0.007724891	0.008446113	0.009081853	0.009636695
#maturity
0.02297737 0.32082130 0.90465054 0.99477987 0.99973881 0.99998699 0.99999935 0.99999997 1 1 1 1
#spmonth						
1		
#age_err						
1	0	0	0	0	0	0	0	0	0	0	0
0	1	0	0	0	0	0	0	0	0	0	0
0	0	1	0	0	0	0	0	0	0	0	0
0	0	0	1	0	0	0	0	0	0	0	0
0	0	0	0	1	0	0	0	0	0	0	0
0	0	0	0	0	1	0	0	0	0	0	0
0	0	0	0	0	0	1	0	0	0	0	0
0	0	0	0	0	0	0	1	0	0	0	0
0	0	0	0	0	0	0	0	1	0	0	0
0	0	0	0	0	0	0	0	0	1	0	0
0	0	0	0	0	0	0	0	0	0	1	0
0	0	0	0	0	0	0	0	0	0	0	1																														
