#styr												
1
#endyr												
30
#rec_age										
1															
#n_ages										
12
# numbers of length intervals
81
#Length	bin
10	11	12	13	14	15	16	17	18	19	20	21	22	23	24	25	26	27	28	29	30	31	32	33	34	35	36	37	38	39	40	41	42	43	44	45	46	47	48	49	50	51	52	53	54	55	56	57	58	59	60	61	62	63	64	65	66	67	68	69	70	71	72	73	74	75	76	77	78	79	80	81	82	83	84	85	86	87	88	89	90
#nfsh
1
#names_fsh
FLEET1												
#catch												
161.624792359452	461.64700948984	736.057427710068	948.217460748922	719.832206141003	1255.00248526571	1219.1410206188	2376.85391380269	1277.16371227223	1473.12102530378	1540.93284434303	1511.34539182733	1032.12012363054	1416.27403915773	1374.43107629432	1168.52435564066	2061.24952566998	1481.66656209153	1385.44594945344	1292.41102819882	1646.94182135564	1123.21941308287	1724.76002964072	1302.90577883332	1205.77248591889	1045.8580360814	985.312222408877	1288.50447916802	912.109842193151	1259.36897896015
#catch_cv											
0.01	0.01	0.01	0.01	0.01	0.01	0.01	0.01	0.01	0.01	0.01	0.01	0.01	0.01	0.01	0.01	0.01	0.01	0.01	0.01	0.01	0.01	0.01	0.01	0.01	0.01	0.01	0.01	0.01	0.01
#n_ages_fsh								
30		
#n_lengths_fsh								
0															
#yrs_ages_fsh								
1	2	3	4	5	6	7	8	9	10	11	12	13	14	15	16	17	18	19	20	21	22	23	24	25	26	27	28	29	30	
#sample_ages_fsh							
200	200	200	200	200	200	200	200	200	200	200	200	200	200	200	200	200	200	200	200	200	200	200	200	200	200	200	200	200	200
#page_fsh	2	3	4	5	6	7	8	9	10	11						
0.07	0.15	0.095	0.105	0.08	0.08	0.08	0.07	0.02	0.045	0.035	0.17
0.035	0.14	0.11	0.095	0.07	0.125	0.095	0.045	0.07	0.045	0.035	0.135
0.03	0.055	0.14	0.185	0.09	0.09	0.055	0.055	0.055	0.045	0.04	0.16
0.11	0.11	0.07	0.12	0.09	0.08	0.085	0.06	0.07	0.045	0.02	0.14
0.08	0.15	0.105	0.06	0.11	0.11	0.05	0.05	0.03	0.045	0.05	0.16
0.115	0.115	0.165	0.105	0.07	0.1	0.06	0.055	0.035	0.02	0.03	0.13
0.075	0.145	0.15	0.12	0.11	0.02	0.06	0.05	0.06	0.03	0.035	0.145
0.09	0.11	0.155	0.185	0.085	0.1	0.06	0.045	0.025	0.01	0.03	0.105
0.135	0.165	0.09	0.12	0.17	0.095	0.045	0.015	0.03	0.01	0.02	0.105
0.09	0.135	0.135	0.145	0.12	0.085	0.055	0.055	0.01	0.04	0.025	0.105
0.085	0.175	0.15	0.095	0.08	0.13	0.065	0.05	0.055	0.015	0.03	0.07
0.115	0.175	0.14	0.09	0.115	0.09	0.065	0.06	0.04	0.005	0.005	0.1
0.085	0.165	0.175	0.115	0.13	0.055	0.07	0.045	0.02	0.04	0.02	0.08
0.135	0.135	0.155	0.14	0.11	0.085	0.07	0.06	0.02	0.025	0.03	0.035
0.085	0.125	0.145	0.17	0.105	0.085	0.07	0.04	0.03	0.04	0.025	0.08
0.14	0.12	0.15	0.145	0.12	0.09	0.045	0.035	0.03	0.015	0.025	0.085
0.09	0.195	0.165	0.17	0.12	0.075	0.05	0.07	0.005	0.005	0.02	0.035
0.135	0.17	0.235	0.1	0.06	0.07	0.07	0.06	0.025	0.015	0.005	0.055
0.13	0.175	0.135	0.255	0.075	0.05	0.065	0.04	0.025	0.01	0.005	0.035
0.09	0.21	0.18	0.11	0.16	0.05	0.07	0.015	0.04	0.025	0.015	0.035
0.18	0.19	0.15	0.175	0.105	0.075	0.02	0.035	0.02	0.005	0.015	0.03
0.16	0.18	0.175	0.155	0.11	0.06	0.07	0.01	0.015	0.02	0.015	0.03
0.1	0.205	0.2	0.14	0.13	0.08	0.03	0.04	0.02	0.015	0.02	0.02
0.135	0.2	0.245	0.155	0.095	0.04	0.04	0.025	0.03	0.01	0	0.025
0.175	0.17	0.19	0.18	0.085	0.055	0.065	0.03	0.01	0.03	0.005	0.005
0.125	0.285	0.175	0.115	0.14	0.07	0.03	0.015	0.02	0.01	0.015	0
0.16	0.185	0.235	0.19	0.05	0.08	0.045	0.03	0.01	0.01	0	0.005
0.12	0.28	0.135	0.175	0.105	0.085	0.06	0.015	0.005	0	0.005	0.015
0.13	0.22	0.225	0.145	0.1	0.07	0.04	0.03	0.015	0	0.01	0.015
0.195	0.22	0.16	0.155	0.1	0.08	0.045	0.015	0.015	0.005	0.005	0.005
#wt_age_fsh	1 2	3	4	5	6	7	8	9	10	11						
0.000530656	0.001196328	0.002058265	0.003034987	0.004055212	0.005064698	0.006026226	0.006916921	0.007724891	0.008446113	0.009081853	0.009636695
0.000530656	0.001196328	0.002058265	0.003034987	0.004055212	0.005064698	0.006026226	0.006916921	0.007724891	0.008446113	0.009081853	0.009636695
0.000530656	0.001196328	0.002058265	0.003034987	0.004055212	0.005064698	0.006026226	0.006916921	0.007724891	0.008446113	0.009081853	0.009636695
0.000530656	0.001196328	0.002058265	0.003034987	0.004055212	0.005064698	0.006026226	0.006916921	0.007724891	0.008446113	0.009081853	0.009636695
0.000530656	0.001196328	0.002058265	0.003034987	0.004055212	0.005064698	0.006026226	0.006916921	0.007724891	0.008446113	0.009081853	0.009636695
0.000530656	0.001196328	0.002058265	0.003034987	0.004055212	0.005064698	0.006026226	0.006916921	0.007724891	0.008446113	0.009081853	0.009636695
0.000530656	0.001196328	0.002058265	0.003034987	0.004055212	0.005064698	0.006026226	0.006916921	0.007724891	0.008446113	0.009081853	0.009636695
0.000530656	0.001196328	0.002058265	0.003034987	0.004055212	0.005064698	0.006026226	0.006916921	0.007724891	0.008446113	0.009081853	0.009636695
0.000530656	0.001196328	0.002058265	0.003034987	0.004055212	0.005064698	0.006026226	0.006916921	0.007724891	0.008446113	0.009081853	0.009636695
0.000530656	0.001196328	0.002058265	0.003034987	0.004055212	0.005064698	0.006026226	0.006916921	0.007724891	0.008446113	0.009081853	0.009636695
0.000530656	0.001196328	0.002058265	0.003034987	0.004055212	0.005064698	0.006026226	0.006916921	0.007724891	0.008446113	0.009081853	0.009636695
0.000530656	0.001196328	0.002058265	0.003034987	0.004055212	0.005064698	0.006026226	0.006916921	0.007724891	0.008446113	0.009081853	0.009636695
0.000530656	0.001196328	0.002058265	0.003034987	0.004055212	0.005064698	0.006026226	0.006916921	0.007724891	0.008446113	0.009081853	0.009636695
0.000530656	0.001196328	0.002058265	0.003034987	0.004055212	0.005064698	0.006026226	0.006916921	0.007724891	0.008446113	0.009081853	0.009636695
0.000530656	0.001196328	0.002058265	0.003034987	0.004055212	0.005064698	0.006026226	0.006916921	0.007724891	0.008446113	0.009081853	0.009636695
0.000530656	0.001196328	0.002058265	0.003034987	0.004055212	0.005064698	0.006026226	0.006916921	0.007724891	0.008446113	0.009081853	0.009636695
0.000530656	0.001196328	0.002058265	0.003034987	0.004055212	0.005064698	0.006026226	0.006916921	0.007724891	0.008446113	0.009081853	0.009636695
0.000530656	0.001196328	0.002058265	0.003034987	0.004055212	0.005064698	0.006026226	0.006916921	0.007724891	0.008446113	0.009081853	0.009636695
0.000530656	0.001196328	0.002058265	0.003034987	0.004055212	0.005064698	0.006026226	0.006916921	0.007724891	0.008446113	0.009081853	0.009636695
0.000530656	0.001196328	0.002058265	0.003034987	0.004055212	0.005064698	0.006026226	0.006916921	0.007724891	0.008446113	0.009081853	0.009636695
0.000530656	0.001196328	0.002058265	0.003034987	0.004055212	0.005064698	0.006026226	0.006916921	0.007724891	0.008446113	0.009081853	0.009636695
0.000530656	0.001196328	0.002058265	0.003034987	0.004055212	0.005064698	0.006026226	0.006916921	0.007724891	0.008446113	0.009081853	0.009636695
0.000530656	0.001196328	0.002058265	0.003034987	0.004055212	0.005064698	0.006026226	0.006916921	0.007724891	0.008446113	0.009081853	0.009636695
0.000530656	0.001196328	0.002058265	0.003034987	0.004055212	0.005064698	0.006026226	0.006916921	0.007724891	0.008446113	0.009081853	0.009636695
0.000530656	0.001196328	0.002058265	0.003034987	0.004055212	0.005064698	0.006026226	0.006916921	0.007724891	0.008446113	0.009081853	0.009636695
0.000530656	0.001196328	0.002058265	0.003034987	0.004055212	0.005064698	0.006026226	0.006916921	0.007724891	0.008446113	0.009081853	0.009636695
0.000530656	0.001196328	0.002058265	0.003034987	0.004055212	0.005064698	0.006026226	0.006916921	0.007724891	0.008446113	0.009081853	0.009636695
0.000530656	0.001196328	0.002058265	0.003034987	0.004055212	0.005064698	0.006026226	0.006916921	0.007724891	0.008446113	0.009081853	0.009636695
0.000530656	0.001196328	0.002058265	0.003034987	0.004055212	0.005064698	0.006026226	0.006916921	0.007724891	0.008446113	0.009081853	0.009636695
0.000530656	0.001196328	0.002058265	0.003034987	0.004055212	0.005064698	0.006026226	0.006916921	0.007724891	0.008446113	0.009081853	0.009636695
#nind
1
#ind_names									
SURVEY1									
#nobs_ind
30
#yrs_ind											
1	2	3	4	5	6	7	8	9	10	11	12	13	14	15	16	17	18	19	20	21	22	23	24	25	26	27	28	29	30	
#month_ind										
1															
#biom_ind											
1.77050438090781	1.48838674335668	1.37718845023196	1.58328750280376	1.53985779557983	1.25945227923768	1.78095618919515	1.59917201041876	1.44756467945472	1.29477508164846	1.19269614600384	1.137130894338	1.01194846599226	0.939041632967698	1.05814827341601	0.986039063734107	0.927020945879183	1.0037519250709	0.774680640075911	0.861748685334051	0.653493419190907	0.66574568703779	0.672183753437167	0.748658918104723	0.710182814540737	0.62421131348654	0.592061490932547	0.602312865817125	0.486891459222966	0.401559905610059
#biom_cv																
0.354100876181563	0.297677348671335	0.275437690046391	0.316657500560752	0.307971559115966	0.251890455847537	0.35619123783903	0.319834402083752	0.289512935890944	0.258955016329693	0.238539229200768	0.227426178867601	0.202389693198452	0.18780832659354	0.211629654683201	0.197207812746821	0.185404189175837	0.200750385014179	0.154936128015182	0.17234973706681	0.130698683838181	0.133149137407558	0.134436750687433	0.149731783620945	0.142036562908147	0.124842262697308	0.118412298186509	0.120462573163425	0.0973782918445933	0.0803119811220119
#n_ages_ind															
30			
#n_lengths_ind															
0															
#yrs_ages_ind															
1	2	3	4	5	6	7	8	9	10	11	12	13	14	15	16	17	18	19	20	21	22	23	24	25	26	27	28	29	30	
#sample_ages_ind					
200	200	200	200	200	200	200	200	200	200	200	200	200	200	200	200	200	200	200	200	200	200	200	200	200	200	200	200	200	200
#page_ind						
0.085	0.125	0.135	0.17	0.07	0.065	0.07	0.03	0.065	0.03	0.035	0.12
0.025	0.14	0.245	0.095	0.125	0.06	0.06	0.045	0.03	0.04	0.035	0.1
0.065	0.085	0.11	0.13	0.105	0.105	0.085	0.06	0.075	0.035	0.02	0.125
0.095	0.115	0.08	0.115	0.145	0.11	0.06	0.045	0.055	0.03	0.03	0.12
0.1	0.215	0.105	0.07	0.085	0.09	0.06	0.055	0.035	0.03	0.035	0.12
0.065	0.195	0.175	0.14	0.035	0.08	0.075	0.045	0.035	0.025	0.025	0.105
0.095	0.155	0.19	0.125	0.065	0.045	0.045	0.05	0.04	0.035	0.05	0.105
0.06	0.16	0.155	0.145	0.105	0.075	0.05	0.05	0.065	0.01	0.01	0.115
0.055	0.165	0.145	0.2	0.145	0.08	0.045	0.005	0.03	0.035	0.03	0.065
0.06	0.16	0.14	0.13	0.125	0.12	0.065	0.03	0.015	0.025	0.02	0.11
0.065	0.115	0.215	0.145	0.095	0.105	0.1	0.05	0.005	0.01	0.045	0.05
0.055	0.19	0.195	0.16	0.1	0.055	0.04	0.07	0.045	0.015	0.005	0.07
0.075	0.135	0.17	0.175	0.1	0.07	0.065	0.055	0.025	0.025	0.025	0.08
0.09	0.175	0.17	0.13	0.09	0.075	0.07	0.035	0.025	0.045	0.03	0.065
0.075	0.19	0.2	0.14	0.09	0.09	0.04	0.025	0.035	0.025	0.015	0.075
0.125	0.115	0.155	0.185	0.1	0.08	0.055	0.06	0.025	0.025	0.03	0.045
0.09	0.255	0.155	0.15	0.095	0.085	0.03	0.02	0.04	0.04	0.01	0.03
0.13	0.18	0.24	0.125	0.09	0.03	0.03	0.05	0.02	0.02	0.015	0.07
0.125	0.165	0.135	0.245	0.085	0.075	0.045	0.045	0.015	0.015	0.01	0.04
0.1	0.25	0.205	0.115	0.13	0.06	0.04	0.015	0.015	0.005	0.015	0.05
0.115	0.225	0.22	0.125	0.09	0.08	0.075	0.02	0.01	0.005	0	0.035
0.115	0.23	0.235	0.17	0.065	0.045	0.065	0.01	0.015	0.025	0	0.025
0.085	0.255	0.22	0.135	0.085	0.085	0.03	0.04	0.01	0.03	0.01	0.015
0.105	0.215	0.295	0.135	0.075	0.035	0.065	0.02	0.03	0.005	0	0.02
0.12	0.18	0.23	0.185	0.095	0.08	0.03	0.035	0.005	0.01	0.005	0.025
0.075	0.215	0.27	0.185	0.12	0.055	0.035	0.015	0.015	0.01	0	0.005
0.12	0.205	0.22	0.16	0.105	0.105	0.03	0.04	0	0.005	0.005	0.005
0.08	0.295	0.15	0.19	0.07	0.085	0.035	0.035	0.01	0.02	0.015	0.015
0.095	0.24	0.275	0.15	0.075	0.06	0.04	0.025	0.015	0.005	0.01	0.01
0.14	0.25	0.22	0.195	0.05	0.07	0.03	0.02	0.01	0	0	0.015
#wt_age_ind						
1 1 1 1 1 1 1 1 1 1 1 1 
1 1 1 1 1 1 1 1 1 1 1 1 
1 1 1 1 1 1 1 1 1 1 1 1 
1 1 1 1 1 1 1 1 1 1 1 1 
1 1 1 1 1 1 1 1 1 1 1 1 
1 1 1 1 1 1 1 1 1 1 1 1 
1 1 1 1 1 1 1 1 1 1 1 1 
1 1 1 1 1 1 1 1 1 1 1 1 
1 1 1 1 1 1 1 1 1 1 1 1 
1 1 1 1 1 1 1 1 1 1 1 1 
1 1 1 1 1 1 1 1 1 1 1 1 
1 1 1 1 1 1 1 1 1 1 1 1 
1 1 1 1 1 1 1 1 1 1 1 1 
1 1 1 1 1 1 1 1 1 1 1 1 
1 1 1 1 1 1 1 1 1 1 1 1 
1 1 1 1 1 1 1 1 1 1 1 1 
1 1 1 1 1 1 1 1 1 1 1 1 
1 1 1 1 1 1 1 1 1 1 1 1 
1 1 1 1 1 1 1 1 1 1 1 1 
1 1 1 1 1 1 1 1 1 1 1 1 
1 1 1 1 1 1 1 1 1 1 1 1 
1 1 1 1 1 1 1 1 1 1 1 1 
1 1 1 1 1 1 1 1 1 1 1 1 
1 1 1 1 1 1 1 1 1 1 1 1 
1 1 1 1 1 1 1 1 1 1 1 1 
1 1 1 1 1 1 1 1 1 1 1 1 
1 1 1 1 1 1 1 1 1 1 1 1 
1 1 1 1 1 1 1 1 1 1 1 1 
1 1 1 1 1 1 1 1 1 1 1 1 
1 1 1 1 1 1 1 1 1 1 1 1 
# wt_pop
0.000530656	0.001196328	0.002058265	0.003034987	0.004055212	0.005064698	0.006026226	0.006916921	0.007724891	0.008446113	0.009081853	0.009636695
#maturity
0.02297737 0.32082130 0.90465054 0.99477987 0.99973881 0.99998699 0.99999935 0.99999997 1 1 1 1
#spmonth						
1		
#age_err						
1	0	0	0	0	0	0	0	0	0	0	0
0	1	0	0	0	0	0	0	0	0	0	0
0	0	1	0	0	0	0	0	0	0	0	0
0	0	0	1	0	0	0	0	0	0	0	0
0	0	0	0	1	0	0	0	0	0	0	0
0	0	0	0	0	1	0	0	0	0	0	0
0	0	0	0	0	0	1	0	0	0	0	0
0	0	0	0	0	0	0	1	0	0	0	0
0	0	0	0	0	0	0	0	1	0	0	0
0	0	0	0	0	0	0	0	0	1	0	0
0	0	0	0	0	0	0	0	0	0	1	0
0	0	0	0	0	0	0	0	0	0	0	1																														
