#######GENERAL HEADER INPUT#######
1
30
1
30
1
30
30
12
1	2	3	4	5	6	7	8	9	10	11	12
12
1	2	3	4	5	6	7	8	9	10	11	12
1
1001
1
1
#######SURVEY DATA#######
30
1	2	3	4	5	6	7	8	9	10	11	12	13	14	15	16	17	18	19	20	21	22	23	24	25	26	27	28	29	30
1.47577521484595	1.46269658668725	1.7277003861906	1.57439137962148	1.43653475229502	1.36110655905251	1.1782370164718	1.50373832364635	1.10004757287182	1.05457529004733	0.96841425881655	0.991758217687861	0.9359269581365	1.10129991328249	1.12122117838327	1.13050712918966	1.10148761979915	1.14838915012809	0.962522832497786	0.861377490049969	0.825592433419562	0.760105909990789	0.699575844059835	0.539533547800446	0.647596665334482	0.661911990302544	0.584960256019497	0.657709072250996	0.661921412067713	0.501689782935706
0.2	0.2	0.2	0.2	0.2	0.2	0.2	0.2	0.2	0.2	0.2	0.2	0.2	0.2	0.2	0.2	0.2	0.2	0.2	0.2	0.2	0.2	0.2	0.2	0.2	0.2	0.2	0.2	0.2	0.2
30
1	2	3	4	5	6	7	8	9	10	11	12	13	14	15	16	17	18	19	20	21	22	23	24	25	26	27	28	29	30
200	200	200	200	200	200	200	200	200	200	200	200	200	200	200	200	200	200	200	200	200	200	200	200	200	200	200	200	200	200
200	200	200	200	200	200	200	200	200	200	200	200	200	200	200	200	200	200	200	200	200	200	200	200	200	200	200	200	200	200
0.085	0.125	0.195	0.08	0.095	0.1	0.085	0.05	0.035	0.03	0.01	0.11
0.065	0.125	0.12	0.09	0.07	0.095	0.09	0.055	0.05	0.045	0.02	0.175
0.06	0.085	0.13	0.155	0.1	0.06	0.09	0.055	0.05	0.04	0.03	0.145
0.035	0.14	0.15	0.125	0.115	0.085	0.075	0.05	0.045	0.045	0.015	0.12
0.065	0.12	0.12	0.135	0.11	0.095	0.09	0.04	0.04	0.035	0.02	0.13
0.05	0.225	0.145	0.14	0.075	0.085	0.065	0.045	0.04	0.03	0.02	0.08
0.055	0.095	0.21	0.14	0.085	0.085	0.065	0.055	0.025	0.035	0.01	0.14
0.085	0.18	0.085	0.195	0.085	0.06	0.07	0.03	0.015	0.035	0.045	0.115
0.065	0.22	0.115	0.125	0.115	0.055	0.035	0.065	0.055	0.02	0.035	0.095
0.05	0.19	0.225	0.125	0.085	0.055	0.025	0.06	0.035	0.04	0.03	0.08
0.09	0.15	0.14	0.23	0.095	0.035	0.045	0.035	0.035	0.045	0.02	0.08
0.06	0.175	0.135	0.135	0.075	0.085	0.045	0.095	0.015	0.025	0.035	0.12
0.155	0.145	0.18	0.115	0.125	0.07	0.035	0.035	0.025	0.02	0.015	0.08
0.095	0.245	0.115	0.115	0.11	0.08	0.055	0.055	0.03	0.06	0.015	0.025
0.075	0.165	0.26	0.11	0.145	0.07	0.045	0.04	0.02	0.01	0.01	0.05
0.125	0.18	0.17	0.18	0.08	0.065	0.06	0.04	0.035	0.02	0.005	0.04
0.08	0.24	0.145	0.18	0.115	0.05	0.06	0.02	0.025	0.025	0.015	0.045
0.15	0.155	0.225	0.13	0.155	0.075	0.025	0.04	0.015	0.01	0.005	0.015
0.045	0.295	0.17	0.175	0.09	0.055	0.04	0.025	0.025	0.01	0.015	0.055
0.09	0.15	0.275	0.105	0.15	0.055	0.05	0.04	0.025	0.02	0.015	0.025
0.07	0.23	0.18	0.175	0.085	0.12	0.04	0.045	0.02	0.01	0.01	0.015
0.135	0.13	0.23	0.11	0.165	0.095	0.06	0.03	0.015	0.015	0	0.015
0.13	0.27	0.145	0.16	0.07	0.095	0.045	0.05	0.01	0.015	0	0.01
0.12	0.255	0.17	0.1	0.16	0.04	0.065	0.05	0	0.015	0.015	0.01
0.145	0.185	0.29	0.13	0.06	0.045	0.04	0.04	0.005	0.025	0.01	0.025
0.145	0.285	0.14	0.225	0.075	0.03	0.04	0.01	0.01	0.01	0.005	0.025
0.155	0.19	0.29	0.12	0.09	0.09	0.03	0.015	0	0.01	0	0.01
0.105	0.305	0.14	0.2	0.11	0.065	0.03	0.005	0.02	0.005	0.01	0.005
0.105	0.265	0.3	0.13	0.09	0.03	0.03	0.015	0.01	0.015	0.01	0
0.115	0.22	0.265	0.205	0.065	0.08	0.025	0.005	0.005	0.01	0.005	0
#######LANDINGS DATA#######
1
30
160.122044044019	458.893220944258	743.856707475558	968.450684044746	745.580799219061	1296.45919717017	1228.58339016917	2361.27256256362	1245.78603919471	1412.02504850206	1497.28029021768	1470.64149414672	1021.80658490369	1428.76986069645	1457.12905946153	1258.7756999449	2260.19410017772	1683.29033618289	1560.85997082899	1449.63383054163	1811.12500276761	1172.02627402065	1723.6496855563	1241.24487862398	1156.17640584579	1041.91337515602	1005.09156173887	1346.73614877877	992.881388029337	1418.95192502657
0.01	0.01	0.01	0.01	0.01	0.01	0.01	0.01	0.01	0.01	0.01	0.01	0.01	0.01	0.01	0.01	0.01	0.01	0.01	0.01	0.01	0.01	0.01	0.01	0.01	0.01	0.01	0.01	0.01	0.01
30
1	2	3	4	5	6	7	8	9	10	11	12	13	14	15	16	17	18	19	20	21	22	23	24	25	26	27	28	29	30
200	200	200	200	200	200	200	200	200	200	200	200	200	200	200	200	200	200	200	200	200	200	200	200	200	200	200	200	200	200
200	200	200	200	200	200	200	200	200	200	200	200	200	200	200	200	200	200	200	200	200	200	200	200	200	200	200	200	200	200
0.05	0.08	0.13	0.14	0.125	0.1	0.095	0.065	0.03	0.06	0.025	0.1
0.08	0.13	0.08	0.13	0.11	0.065	0.085	0.07	0.03	0.04	0.065	0.115
0.06	0.115	0.115	0.135	0.075	0.075	0.07	0.085	0.06	0.055	0.015	0.14
0.055	0.11	0.155	0.09	0.12	0.065	0.07	0.055	0.06	0.05	0.065	0.105
0.145	0.08	0.125	0.155	0.055	0.075	0.075	0.065	0.04	0.025	0.045	0.115
0.035	0.15	0.1	0.155	0.12	0.08	0.065	0.08	0.045	0.035	0.01	0.125
0.065	0.07	0.2	0.145	0.11	0.06	0.06	0.05	0.03	0.035	0.04	0.135
0.065	0.125	0.095	0.165	0.08	0.085	0.105	0.06	0.025	0.03	0.03	0.135
0.105	0.115	0.15	0.135	0.115	0.065	0.06	0.02	0.055	0.025	0.03	0.125
0.1	0.125	0.185	0.14	0.075	0.12	0.02	0.07	0.03	0.035	0.02	0.08
0.09	0.115	0.18	0.145	0.13	0.055	0.055	0.035	0.04	0.045	0.035	0.075
0.065	0.135	0.15	0.14	0.15	0.05	0.05	0.075	0.025	0.02	0.02	0.12
0.15	0.13	0.125	0.1	0.11	0.1	0.06	0.03	0.05	0.02	0.025	0.1
0.105	0.23	0.085	0.17	0.1	0.075	0.05	0.03	0.01	0.04	0.01	0.095
0.13	0.15	0.165	0.135	0.12	0.07	0.065	0.015	0.045	0.005	0.04	0.06
0.155	0.16	0.13	0.165	0.095	0.075	0.04	0.025	0.03	0.03	0.005	0.09
0.085	0.2	0.15	0.195	0.135	0.055	0.05	0.045	0.035	0.015	0.015	0.02
0.165	0.125	0.17	0.13	0.115	0.09	0.045	0.045	0	0.02	0.02	0.075
0.07	0.205	0.18	0.17	0.125	0.075	0.05	0.045	0.03	0	0.015	0.035
0.07	0.075	0.335	0.14	0.095	0.07	0.08	0.045	0.015	0.025	0	0.05
0.095	0.245	0.135	0.185	0.085	0.095	0.045	0.02	0.04	0.015	0.015	0.025
0.14	0.145	0.235	0.115	0.205	0.045	0.02	0.02	0.03	0.02	0	0.025
0.12	0.175	0.105	0.18	0.07	0.15	0.045	0.045	0.035	0.02	0.015	0.04
0.13	0.285	0.19	0.085	0.11	0.055	0.07	0.015	0.025	0.005	0	0.03
0.17	0.165	0.24	0.15	0.085	0.065	0.045	0.03	0.02	0.025	0	0.005
0.125	0.27	0.185	0.195	0.12	0.035	0.04	0.015	0.005	0	0.005	0.005
0.19	0.175	0.28	0.09	0.125	0.07	0.025	0.025	0.005	0.01	0	0.005
0.15	0.195	0.2	0.215	0.095	0.055	0.035	0.015	0.015	0.005	0.015	0.005
0.115	0.205	0.26	0.14	0.135	0.06	0.03	0.025	0.005	0.005	0.005	0.015
0.145	0.24	0.17	0.205	0.085	0.04	0.045	0.04	0.01	0.01	0	0.01
#######PARAMETER SECTION#######
800	400	1200	-4	800	-0.25	1
0.18	0.01	1	-4	0.18	-0.25	1
-1.36	-5	-0.001	-4	-1.36	-0.25	1
0.1	0.05	0.3	-4	0.1	-0.25	1
0.2	0.01	0.5	-4	0.2	-0.25	1
0.75	0.20001	1	-3	0.75	-0.25	1
13.815511	-1	200	1	13.815511	-0.25	1
0	-1	1	-4	0	-0.25	1
0.2	1e-04	1.2	-3	0.2	-0.25	1
0	-10	10	-6	0	-1	1
0	-10	10	-6	0	-1	1
2	0	12	2	2	-0.5	1
1	0	12	2	1	-0.5	1
2	0	12	-2	2	-0.5	1
1	0	12	-2	1	-0.5	1
1.5	0	12	2	1.5	-0.5	1
2	0	12	2	2	-0.5	1
-14.8785781022693	-30	5	1	-14.8785781022693	-1	1
1	0.1	2	-1	1	-1	1
-1.54399197800355	-10	1.39	1	-1.54399197800355	-1	1
#######DEV CONSTRAINTS and DEVS#######
-15	15	2
-15	15	2
-15	15	2
0	0	0	0	0	0	0	0	0	0	0	0	0	0	0	0	0	0	0	0	0	0	0	0	0	0	0	0	0	0
0	0	0	0	0	0	0	0	0	0	0	0	0	0	0	0	0	0	0	0	0	0	0	0	0	0	0	0	0	0
0	0	0	0	0	0	0	0	0	0	0
#######LIKELIHOOD WEIGHTS#######
1
1
1
1
0
1
0
0
0
#######MISCELLANEOUS STUFF SECTION#######
2.5e-08
3
0.5	0.5	0.5	0.5	0.5	0.5	0.5	0.5	0.5	0.5	0.5	0.5
0.0229773699100256	0.320821300824607	0.904650535100891	0.994779874306442	0.999738809680904	0.999986992871533	0.999999352405202	0.999999967758134	0.999999998394772	0.99999999992008	0.999999999996021	0.999999999999802
0.2	0.2	0.2	0.2	0.2	0.2	0.2	0.2	0.2	0.2	0.2	0.2
0
1
10
0.2
1
1	0	0	0	0	0	0	0	0	0	0	0
0	1	0	0	0	0	0	0	0	0	0	0
0	0	1	0	0	0	0	0	0	0	0	0
0	0	0	1	0	0	0	0	0	0	0	0
0	0	0	0	1	0	0	0	0	0	0	0
0	0	0	0	0	1	0	0	0	0	0	0
0	0	0	0	0	0	1	0	0	0	0	0
0	0	0	0	0	0	0	1	0	0	0	0
0	0	0	0	0	0	0	0	1	0	0	0
0	0	0	0	0	0	0	0	0	1	0	0
0	0	0	0	0	0	0	0	0	0	1	0
0	0	0	0	0	0	0	0	0	0	0	1
40
31
2
1
#######END OF DATA FILE#######
999
