#######GENERAL HEADER INPUT#######
1
30
1
30
1
30
30
12
1	2	3	4	5	6	7	8	9	10	11	12
12
1	2	3	4	5	6	7	8	9	10	11	12
1
1001
1
1
#######SURVEY DATA#######
30
1	2	3	4	5	6	7	8	9	10	11	12	13	14	15	16	17	18	19	20	21	22	23	24	25	26	27	28	29	30
1.60992075602989	1.50392779381803	1.61716836958213	1.45135447327003	1.29907684840807	1.61523924965878	1.26558603637681	1.26377252198019	1.04000560656731	1.19299901743013	0.840796842591191	1.31005696962186	1.11315674064157	1.08677865933783	1.04646039350451	0.964329609688943	0.880026898810577	0.835664885819856	0.885070848149709	0.954518429743614	0.677927762508331	0.703000043496498	0.891719412515261	0.744426299300892	0.703534633939187	0.633592227066886	0.558903345490818	0.550366546023022	0.473578529916555	0.669705337238183
0.2	0.2	0.2	0.2	0.2	0.2	0.2	0.2	0.2	0.2	0.2	0.2	0.2	0.2	0.2	0.2	0.2	0.2	0.2	0.2	0.2	0.2	0.2	0.2	0.2	0.2	0.2	0.2	0.2	0.2
30
1	2	3	4	5	6	7	8	9	10	11	12	13	14	15	16	17	18	19	20	21	22	23	24	25	26	27	28	29	30
200	200	200	200	200	200	200	200	200	200	200	200	200	200	200	200	200	200	200	200	200	200	200	200	200	200	200	200	200	200
200	200	200	200	200	200	200	200	200	200	200	200	200	200	200	200	200	200	200	200	200	200	200	200	200	200	200	200	200	200
0.045	0.17	0.135	0.07	0.135	0.095	0.075	0.05	0.05	0.015	0.005	0.155
0.02	0.1	0.21	0.15	0.13	0.065	0.055	0.065	0.035	0.025	0.02	0.125
0.065	0.12	0.155	0.16	0.09	0.1	0.07	0.065	0.05	0.025	0.015	0.085
0.05	0.19	0.14	0.11	0.105	0.06	0.06	0.06	0.05	0.035	0.03	0.11
0.065	0.165	0.205	0.105	0.085	0.055	0.06	0.055	0.025	0.045	0.035	0.1
0.04	0.125	0.185	0.14	0.085	0.075	0.06	0.05	0.035	0.025	0.03	0.15
0.095	0.14	0.1	0.135	0.1	0.075	0.065	0.055	0.04	0.02	0.025	0.15
0.04	0.14	0.165	0.115	0.08	0.13	0.05	0.055	0.04	0.055	0.005	0.125
0.075	0.115	0.175	0.15	0.085	0.085	0.065	0.03	0.06	0.04	0.02	0.1
0.115	0.185	0.13	0.125	0.11	0.06	0.065	0.055	0.04	0.02	0.02	0.075
0.08	0.225	0.16	0.095	0.09	0.065	0.035	0.085	0.055	0.04	0.015	0.055
0.085	0.155	0.215	0.17	0.105	0.05	0.055	0.025	0.01	0.04	0.015	0.075
0.075	0.165	0.195	0.17	0.07	0.07	0.07	0.055	0.05	0.02	0.015	0.045
0.085	0.19	0.15	0.2	0.115	0.08	0.03	0.035	0.03	0.02	0.02	0.045
0.075	0.2	0.17	0.13	0.075	0.09	0.055	0.05	0.025	0.015	0.01	0.105
0.115	0.15	0.205	0.115	0.11	0.05	0.09	0.04	0.015	0.01	0.035	0.065
0.105	0.23	0.18	0.14	0.095	0.065	0.045	0.035	0.02	0.025	0.015	0.045
0.1	0.155	0.245	0.135	0.105	0.065	0.04	0.05	0.04	0.02	0.01	0.035
0.08	0.185	0.145	0.24	0.08	0.075	0.04	0.025	0.04	0.01	0.04	0.04
0.125	0.11	0.205	0.165	0.15	0.065	0.045	0.005	0.03	0.03	0.02	0.05
0.11	0.195	0.13	0.24	0.06	0.1	0.05	0.05	0.025	0.01	0	0.03
0.16	0.27	0.185	0.08	0.065	0.09	0.065	0.01	0.02	0.005	0	0.05
0.09	0.34	0.255	0.12	0.035	0.06	0.02	0.035	0.005	0.02	0.01	0.01
0.15	0.18	0.345	0.175	0.06	0.02	0.025	0.01	0.01	0.01	0.005	0.01
0.08	0.32	0.115	0.24	0.115	0.065	0.02	0.025	0	0.01	0	0.01
0.135	0.165	0.275	0.125	0.145	0.075	0.03	0.005	0.02	0.015	0.01	0
0.105	0.26	0.16	0.135	0.115	0.09	0.07	0.02	0.015	0.015	0.005	0.01
0.14	0.21	0.255	0.135	0.115	0.035	0.05	0.015	0.02	0.01	0.01	0.005
0.155	0.215	0.2	0.155	0.065	0.1	0.05	0.035	0.005	0	0.01	0.01
0.17	0.245	0.19	0.15	0.11	0.04	0.04	0.015	0.005	0.02	0.005	0.01
#######LANDINGS DATA#######
1
30
161.161489243051	459.812547807841	741.120952151234	965.171074840204	748.879943512093	1262.4133197313	1196.98968730178	2270.79283045894	1187.19403727588	1351.77232558456	1420.3001793463	1432.00799277651	996.422288504268	1376.74548285369	1383.27938673273	1170.78000979801	2114.47765629235	1539.64982778063	1401.82355538555	1269.53319822261	1598.80727312431	1074.78324200101	1652.05514358519	1261.63710915122	1190.31514724041	1050.3262703199	997.828232754742	1287.12890920989	892.856461325521	1254.34228881499
0.01	0.01	0.01	0.01	0.01	0.01	0.01	0.01	0.01	0.01	0.01	0.01	0.01	0.01	0.01	0.01	0.01	0.01	0.01	0.01	0.01	0.01	0.01	0.01	0.01	0.01	0.01	0.01	0.01	0.01
30
1	2	3	4	5	6	7	8	9	10	11	12	13	14	15	16	17	18	19	20	21	22	23	24	25	26	27	28	29	30
200	200	200	200	200	200	200	200	200	200	200	200	200	200	200	200	200	200	200	200	200	200	200	200	200	200	200	200	200	200
200	200	200	200	200	200	200	200	200	200	200	200	200	200	200	200	200	200	200	200	200	200	200	200	200	200	200	200	200	200
0.045	0.085	0.165	0.11	0.075	0.095	0.06	0.06	0.07	0.07	0.02	0.145
0.06	0.11	0.125	0.165	0.1	0.045	0.06	0.07	0.045	0.045	0.035	0.14
0.055	0.07	0.135	0.13	0.11	0.08	0.055	0.085	0.04	0.045	0.02	0.175
0.105	0.155	0.11	0.135	0.07	0.09	0.05	0.045	0.055	0.04	0.025	0.12
0.075	0.14	0.16	0.105	0.11	0.075	0.075	0.055	0.04	0.03	0.04	0.095
0.075	0.07	0.155	0.165	0.075	0.08	0.055	0.05	0.055	0.065	0.04	0.115
0.09	0.115	0.065	0.17	0.145	0.06	0.1	0.045	0.035	0.03	0.035	0.11
0.08	0.1	0.125	0.135	0.105	0.11	0.07	0.055	0.055	0.035	0.02	0.11
0.07	0.07	0.14	0.13	0.075	0.08	0.12	0.05	0.055	0.055	0.015	0.14
0.14	0.125	0.085	0.12	0.07	0.065	0.11	0.05	0.04	0.04	0.04	0.115
0.07	0.15	0.16	0.12	0.125	0.1	0.04	0.04	0.06	0.03	0.045	0.06
0.07	0.145	0.155	0.19	0.1	0.055	0.07	0.03	0.02	0.03	0.02	0.115
0.085	0.13	0.185	0.18	0.13	0.05	0.07	0.03	0.025	0.02	0.03	0.065
0.15	0.14	0.13	0.125	0.175	0.085	0.035	0.055	0.03	0.025	0.005	0.045
0.065	0.2	0.155	0.11	0.14	0.12	0.05	0.025	0.02	0.03	0.01	0.075
0.11	0.135	0.245	0.12	0.095	0.09	0.045	0.025	0.005	0.04	0.025	0.065
0.11	0.205	0.135	0.2	0.11	0.035	0.045	0.035	0.02	0.03	0.015	0.06
0.09	0.17	0.25	0.07	0.14	0.065	0.04	0.045	0.045	0.02	0.015	0.05
0.085	0.16	0.17	0.22	0.11	0.1	0.015	0.035	0.02	0.045	0	0.04
0.145	0.12	0.175	0.165	0.18	0.055	0.05	0.04	0.015	0.025	0.015	0.015
0.165	0.19	0.115	0.195	0.105	0.08	0.045	0.045	0.025	0.005	0.01	0.02
0.23	0.23	0.12	0.065	0.14	0.045	0.1	0.035	0.01	0.005	0.005	0.015
0.1	0.235	0.235	0.12	0.07	0.08	0.055	0.035	0.01	0.025	0.005	0.03
0.215	0.155	0.21	0.17	0.105	0.04	0.03	0.025	0.015	0.005	0.02	0.01
0.135	0.225	0.17	0.22	0.105	0.07	0.025	0.03	0.005	0.005	0	0.01
0.115	0.195	0.26	0.115	0.145	0.055	0.06	0.01	0.015	0.005	0.01	0.015
0.14	0.235	0.16	0.255	0.085	0.04	0.05	0.015	0.01	0	0	0.01
0.135	0.2	0.205	0.135	0.135	0.05	0.09	0.02	0.01	0	0.01	0.01
0.16	0.165	0.225	0.175	0.06	0.1	0.04	0.045	0.01	0.01	0.005	0.005
0.2	0.21	0.21	0.135	0.11	0.035	0.04	0.015	0.025	0.005	0.005	0.01
#######PARAMETER SECTION#######
800	400	1200	-4	800	-0.25	1
0.18	0.01	1	-4	0.18	-0.25	1
-1.36	-5	-0.001	-4	-1.36	-0.25	1
0.1	0.05	0.3	-4	0.1	-0.25	1
0.2	0.01	0.5	-4	0.2	-0.25	1
0.75	0.20001	1	-3	0.75	-0.25	1
13.815511	-1	200	1	13.815511	-0.25	1
0	-1	1	-4	0	-0.25	1
0.2	1e-04	1.2	-3	0.2	-0.25	1
0	-10	10	-6	0	-1	1
0	-10	10	-6	0	-1	1
2	0	12	2	2	-0.5	1
1	0	12	2	1	-0.5	1
2	0	12	-2	2	-0.5	1
1	0	12	-2	1	-0.5	1
1.5	0	12	2	1.5	-0.5	1
2	0	12	2	2	-0.5	1
-14.8308703976526	-30	5	1	-14.8308703976526	-1	1
1	0.1	2	-1	1	-1	1
-1.54399197800355	-10	1.39	1	-1.54399197800355	-1	1
#######DEV CONSTRAINTS and DEVS#######
-15	15	2
-15	15	2
-15	15	2
0	0	0	0	0	0	0	0	0	0	0	0	0	0	0	0	0	0	0	0	0	0	0	0	0	0	0	0	0	0
0	0	0	0	0	0	0	0	0	0	0	0	0	0	0	0	0	0	0	0	0	0	0	0	0	0	0	0	0	0
0	0	0	0	0	0	0	0	0	0	0
#######LIKELIHOOD WEIGHTS#######
1
1
1
1
0
1
0
0
0
#######MISCELLANEOUS STUFF SECTION#######
2.5e-08
3
0.5	0.5	0.5	0.5	0.5	0.5	0.5	0.5	0.5	0.5	0.5	0.5
0.0229773699100256	0.320821300824607	0.904650535100891	0.994779874306442	0.999738809680904	0.999986992871533	0.999999352405202	0.999999967758134	0.999999998394772	0.99999999992008	0.999999999996021	0.999999999999802
0.2	0.2	0.2	0.2	0.2	0.2	0.2	0.2	0.2	0.2	0.2	0.2
0
1
10
0.2
1
1	0	0	0	0	0	0	0	0	0	0	0
0	1	0	0	0	0	0	0	0	0	0	0
0	0	1	0	0	0	0	0	0	0	0	0
0	0	0	1	0	0	0	0	0	0	0	0
0	0	0	0	1	0	0	0	0	0	0	0
0	0	0	0	0	1	0	0	0	0	0	0
0	0	0	0	0	0	1	0	0	0	0	0
0	0	0	0	0	0	0	1	0	0	0	0
0	0	0	0	0	0	0	0	1	0	0	0
0	0	0	0	0	0	0	0	0	1	0	0
0	0	0	0	0	0	0	0	0	0	1	0
0	0	0	0	0	0	0	0	0	0	0	1
40
31
2
1
#######END OF DATA FILE#######
999
