# Number of parameters = 77  Objective function value = 26392.7  Maximum gradient component = 0.00145326
# sel_params[1]:
2.03105409355
# sel_params[2]:
0.986961614070
# log_Fmult_year1:
 -4.64636655758
# log_Fmult_devs:
 1.05746395244 0.496754209794 0.305985308096 -0.214800297983 0.585546689846 0.0166011462911 0.751508022100 -0.536677048066 0.197243151539 0.124059831758 0.0630194126316 -0.323522624330 0.372109736245 0.0443874619453 -0.102066595908 0.659491135397 -0.188488910951 -0.00350502880920 -0.0138699809708 0.337352173235 -0.325751285266 0.524952594443 -0.183112502388 0.000790576741924 -0.0962234726800 -0.0293767450602 0.319597591347 -0.277844883323 0.432648977746
# log_recruit_devs:
 -0.00524523893811 0.0898097783192 -0.276295306021 -0.166532380072 -0.0119589473731 0.0421299218273 0.483031334611 -0.0873824679842 -0.0750131865678 0.0244537904935 0.250109028502 0.246539491802 -0.0717793420911 0.0929447383663 0.113718641941 0.0692603845876 0.187346641662 -0.0286673596709 -0.208117486715 0.112297926243 -0.0144557353871 -0.124272676067 -0.157801953635 -0.0423644906613 -0.465876753930 0.0523497827756 -0.0590237028305 -0.305908519366 -0.0551554793482 0.391859565525
# log_N_year1_devs:
 -0.0905667268137 -0.0729794945021 -0.0178691459994 -0.0519762419619 0.0365963817858 -0.0769019391202 -0.0395885469526 -0.0791711964583 0.144863668331 -0.0311530469396 -0.273233802537
# log_q_year1:
 -7.98031436302
# log_q_devs:
 0.00000000000 0.00000000000 0.00000000000 0.00000000000 0.00000000000 0.00000000000 0.00000000000 0.00000000000 0.00000000000 0.00000000000 0.00000000000 0.00000000000 0.00000000000 0.00000000000 0.00000000000 0.00000000000 0.00000000000 0.00000000000 0.00000000000 0.00000000000 0.00000000000 0.00000000000 0.00000000000 0.00000000000 0.00000000000 0.00000000000 0.00000000000 0.00000000000 0.00000000000
# index_sel_params[1]:
1.47603632051
# index_sel_params[2]:
0.522486001475
# log_SR_scaler:
6.93406941667
# SR_steepness:
0.750000000000
