# Number of parameters = 77  Objective function value = 26291.6  Maximum gradient component = 0.00941367
# sel_params[1]:
2.02183114201
# sel_params[2]:
0.960241758165
# log_Fmult_year1:
 -4.69689140013
# log_Fmult_devs:
 1.06156397903 0.507001492968 0.303573933679 -0.223361753830 0.600426903791 0.00801401904965 0.755377397433 -0.535128512484 0.189346073609 0.132343504588 0.0624355991324 -0.310880227104 0.374933624540 0.0696637590985 -0.116206559584 0.663907662962 -0.185875861044 -0.00625002998715 -0.0149097170087 0.329403921718 -0.323179410762 0.510245049498 -0.188601422945 -0.00524348298334 -0.0701493659520 -0.0348753574576 0.332263252016 -0.257755950385 0.440592255046
# log_recruit_devs:
 0.0100138014196 0.0706720947517 0.00224099470559 -0.191636672792 0.301830496646 -0.318446547034 -0.0262890083147 0.115956314061 -0.00617603898975 -0.167623173852 0.0270745417385 -0.235913755219 0.280143736124 0.137801634468 0.0195520306000 0.271677816901 -0.0811261629310 0.385544051713 -0.336272638835 0.0682102777468 -0.422057883919 -0.0474431715536 0.141333102311 -0.204326894304 0.227479840750 -0.123713300034 0.244274888600 0.0163262699959 -0.0881412717680 -0.0709653729871
# log_N_year1_devs:
 -0.0399964921253 0.0117536305532 -0.0652090947929 -0.0142195265329 0.0882190462677 0.151278969005 0.0383443935968 -0.229231798949 0.199912630723 -0.428540161740 -0.144509310179
# log_q_year1:
 -7.93139142428
# log_q_devs:
 0.00000000000 0.00000000000 0.00000000000 0.00000000000 0.00000000000 0.00000000000 0.00000000000 0.00000000000 0.00000000000 0.00000000000 0.00000000000 0.00000000000 0.00000000000 0.00000000000 0.00000000000 0.00000000000 0.00000000000 0.00000000000 0.00000000000 0.00000000000 0.00000000000 0.00000000000 0.00000000000 0.00000000000 0.00000000000 0.00000000000 0.00000000000 0.00000000000 0.00000000000
# index_sel_params[1]:
1.53243652853
# index_sel_params[2]:
0.543193958416
# log_SR_scaler:
6.90378707034
# SR_steepness:
0.750000000000
