# Number of parameters = 77  Objective function value = 26211.3  Maximum gradient component = 0.000314911
# sel_params[1]:
1.91834409370
# sel_params[2]:
0.936457326425
# log_Fmult_year1:
 -4.68958419319
# log_Fmult_devs:
 1.07175594449 0.506821202369 0.289587804332 -0.231303109591 0.602799690330 0.00642843413926 0.752814862348 -0.543355194887 0.194163680044 0.123060594492 0.0630981831683 -0.301631252710 0.387506178834 0.0557140807680 -0.0981950013654 0.664631552770 -0.217299765551 -0.0121500606358 -0.0285168482244 0.333172326390 -0.313429943160 0.506682863230 -0.176523682668 0.0168208606385 -0.0596234423177 0.0136762596164 0.389884635402 -0.198748709574 0.539829303711
# log_recruit_devs:
 0.0770693385760 0.172449354345 0.126777235712 0.0657441188465 0.0257847916730 0.346267549596 -0.175229871152 -0.0503093717429 -0.316068751586 0.326424727850 -0.222032881166 0.0896141448711 -0.258589230131 -0.256925780623 0.113605763826 0.368106011551 -0.0174020613676 0.340084197153 -0.0623504506295 -0.402001349431 -0.153709832657 -0.169039316689 -0.130073243178 -0.274246133691 0.0442562827516 -0.189967167090 0.0970676693684 0.201220910007 0.163392518189 0.120080826819
# log_N_year1_devs:
 -0.106756806899 0.0149275694677 0.0155855702415 -0.0260582423151 -0.160570903746 -0.116616935016 0.104119557012 -0.0641221789054 0.0326765126414 -0.0766810079204 -0.102678540670
# log_q_year1:
 -7.95887275810
# log_q_devs:
 0.00000000000 0.00000000000 0.00000000000 0.00000000000 0.00000000000 0.00000000000 0.00000000000 0.00000000000 0.00000000000 0.00000000000 0.00000000000 0.00000000000 0.00000000000 0.00000000000 0.00000000000 0.00000000000 0.00000000000 0.00000000000 0.00000000000 0.00000000000 0.00000000000 0.00000000000 0.00000000000 0.00000000000 0.00000000000 0.00000000000 0.00000000000 0.00000000000 0.00000000000
# index_sel_params[1]:
1.42622800782
# index_sel_params[2]:
0.488665376050
# log_SR_scaler:
6.89637735552
# SR_steepness:
0.750000000000
