#######GENERAL HEADER INPUT#######
1
30
1
30
1
30
30
12
1	2	3	4	5	6	7	8	9	10	11	12
12
1	2	3	4	5	6	7	8	9	10	11	12
1
1001
1
1
#######SURVEY DATA#######
30
1	2	3	4	5	6	7	8	9	10	11	12	13	14	15	16	17	18	19	20	21	22	23	24	25	26	27	28	29	30
1.51310813744333	1.49441790588022	1.50114726571488	1.62579449515441	1.20074186982913	1.19330735940349	1.3221884655719	1.47753542740046	1.39174441641373	1.22830151645092	1.32566863950865	1.43588012222639	1.13977279265913	1.23986905227075	1.26643092921455	0.988861639626071	1.18049333772264	0.871445850822981	0.74918643196641	0.781403939095849	0.734793669284165	0.614365945487163	0.55627519382518	0.622027644153837	0.770319916709421	0.732760286150515	0.717803449735589	0.734139549928487	0.606787754322011	0.591485207645884
0.2	0.2	0.2	0.2	0.2	0.2	0.2	0.2	0.2	0.2	0.2	0.2	0.2	0.2	0.2	0.2	0.2	0.2	0.2	0.2	0.2	0.2	0.2	0.2	0.2	0.2	0.2	0.2	0.2	0.2
30
1	2	3	4	5	6	7	8	9	10	11	12	13	14	15	16	17	18	19	20	21	22	23	24	25	26	27	28	29	30
200	200	200	200	200	200	200	200	200	200	200	200	200	200	200	200	200	200	200	200	200	200	200	200	200	200	200	200	200	200
200	200	200	200	200	200	200	200	200	200	200	200	200	200	200	200	200	200	200	200	200	200	200	200	200	200	200	200	200	200
0.065	0.145	0.145	0.15	0.085	0.09	0.06	0.03	0.045	0.03	0.055	0.1
0.1	0.14	0.13	0.085	0.13	0.075	0.035	0.055	0.03	0.045	0.03	0.145
0.04	0.2	0.15	0.115	0.11	0.09	0.04	0.04	0.03	0.05	0.035	0.1
0.035	0.145	0.205	0.115	0.105	0.08	0.08	0.065	0.02	0.035	0.02	0.095
0.045	0.135	0.13	0.135	0.115	0.1	0.03	0.095	0.03	0.02	0.04	0.125
0.11	0.12	0.15	0.09	0.12	0.075	0.05	0.07	0.05	0.025	0.04	0.1
0.09	0.16	0.095	0.12	0.06	0.115	0.07	0.05	0.04	0.04	0.025	0.135
0.05	0.22	0.23	0.06	0.095	0.03	0.055	0.07	0.025	0.03	0.045	0.09
0.14	0.115	0.26	0.12	0.05	0.035	0.025	0.055	0.035	0.04	0.03	0.095
0.085	0.215	0.145	0.135	0.105	0.035	0.065	0.01	0.045	0.04	0.025	0.095
0.06	0.235	0.21	0.1	0.11	0.065	0.035	0.01	0.03	0.025	0.025	0.095
0.165	0.105	0.175	0.24	0.08	0.115	0.03	0.015	0.015	0.01	0.015	0.035
0.035	0.3	0.125	0.13	0.18	0.075	0.045	0.03	0.015	0.025	0	0.04
0.06	0.13	0.34	0.1	0.09	0.1	0.055	0.05	0.025	0	0.02	0.03
0.145	0.13	0.1	0.19	0.105	0.075	0.085	0.065	0.025	0.025	0.01	0.045
0.055	0.245	0.145	0.08	0.175	0.065	0.04	0.055	0.04	0.05	0.025	0.025
0.06	0.095	0.325	0.145	0.08	0.105	0.065	0.065	0.035	0	0.005	0.02
0.135	0.075	0.14	0.26	0.05	0.05	0.12	0.03	0.03	0.03	0.015	0.065
0.17	0.185	0.095	0.06	0.195	0.08	0.03	0.06	0.025	0.035	0.035	0.03
0.095	0.335	0.205	0.07	0.065	0.115	0.02	0.025	0.015	0.015	0.02	0.02
0.155	0.13	0.29	0.14	0.035	0.03	0.095	0.005	0.035	0.035	0.015	0.035
0.04	0.3	0.215	0.195	0.095	0.04	0.015	0.055	0.01	0.005	0	0.03
0.09	0.115	0.32	0.11	0.15	0.05	0.035	0.025	0.04	0.005	0.02	0.04
0.25	0.235	0.075	0.155	0.095	0.09	0.03	0.02	0.005	0.025	0.005	0.015
0.2	0.305	0.225	0.02	0.12	0.025	0.065	0.02	0	0	0.015	0.005
0.105	0.365	0.27	0.135	0.015	0.05	0.005	0.02	0.015	0.015	0.005	0
0.115	0.215	0.355	0.15	0.065	0.02	0.035	0.005	0.015	0.01	0.01	0.005
0.045	0.2	0.23	0.31	0.125	0.055	0.005	0	0	0.015	0.005	0.01
0.14	0.14	0.215	0.155	0.19	0.105	0.015	0.01	0.01	0.01	0	0.01
0.15	0.34	0.075	0.155	0.125	0.07	0.055	0.01	0.01	0	0.005	0.005
#######LANDINGS DATA#######
1
30
160.661977711649	463.052548383046	744.950700678354	980.690225335295	744.578259200109	1248.68129643636	1198.56931410612	2302.46701768459	1249.34052092747	1491.48993597213	1664.26388811992	1734.72866728897	1241.08569332993	1773.2743787772	1780.70576571423	1507.36429606295	2626.18102747852	1814.56817072779	1580.37055648293	1406.97901804093	1778.66195004265	1182.57499004576	1718.48447940722	1220.52631391946	1205.30445033019	1198.63977486074	1275.80682727304	1742.83265857729	1210.50913309981	1678.04309058696
0.01	0.01	0.01	0.01	0.01	0.01	0.01	0.01	0.01	0.01	0.01	0.01	0.01	0.01	0.01	0.01	0.01	0.01	0.01	0.01	0.01	0.01	0.01	0.01	0.01	0.01	0.01	0.01	0.01	0.01
30
1	2	3	4	5	6	7	8	9	10	11	12	13	14	15	16	17	18	19	20	21	22	23	24	25	26	27	28	29	30
200	200	200	200	200	200	200	200	200	200	200	200	200	200	200	200	200	200	200	200	200	200	200	200	200	200	200	200	200	200
200	200	200	200	200	200	200	200	200	200	200	200	200	200	200	200	200	200	200	200	200	200	200	200	200	200	200	200	200	200
0.07	0.07	0.12	0.15	0.095	0.11	0.065	0.05	0.04	0.04	0.035	0.155
0.085	0.07	0.15	0.115	0.085	0.145	0.04	0.04	0.045	0.06	0.04	0.125
0.07	0.13	0.12	0.125	0.105	0.105	0.07	0.03	0.06	0.035	0.035	0.115
0.07	0.1	0.18	0.14	0.1	0.085	0.085	0.02	0.045	0.025	0.025	0.125
0.04	0.13	0.055	0.19	0.115	0.1	0.045	0.055	0.055	0.055	0.025	0.135
0.1	0.085	0.125	0.09	0.16	0.1	0.04	0.055	0.045	0.035	0.035	0.13
0.17	0.095	0.12	0.085	0.055	0.095	0.075	0.035	0.04	0.05	0.05	0.13
0.1	0.16	0.255	0.06	0.085	0.055	0.055	0.035	0.025	0.04	0.05	0.08
0.115	0.14	0.19	0.12	0.055	0.055	0.05	0.065	0.04	0.04	0.02	0.11
0.13	0.21	0.075	0.16	0.055	0.05	0.07	0.03	0.04	0.04	0.035	0.105
0.06	0.16	0.275	0.095	0.105	0.115	0.02	0.025	0.02	0.01	0.02	0.095
0.185	0.105	0.15	0.16	0.085	0.085	0.07	0.03	0.03	0.02	0.01	0.07
0.055	0.22	0.09	0.125	0.165	0.07	0.095	0.03	0.005	0.01	0.02	0.115
0.095	0.115	0.23	0.105	0.16	0.085	0.025	0.075	0.035	0.005	0.03	0.04
0.16	0.07	0.11	0.21	0.08	0.11	0.105	0.025	0.04	0.035	0.01	0.045
0.045	0.215	0.105	0.11	0.23	0.07	0.06	0.055	0.025	0.01	0.02	0.055
0.07	0.08	0.265	0.085	0.045	0.155	0.09	0.065	0.045	0.025	0.01	0.065
0.145	0.08	0.1	0.22	0.105	0.075	0.11	0.05	0.035	0.045	0.015	0.02
0.18	0.16	0.145	0.07	0.175	0.075	0.025	0.07	0.02	0.02	0.01	0.05
0.09	0.31	0.18	0.07	0.03	0.135	0.055	0.04	0.05	0	0.005	0.035
0.135	0.13	0.24	0.185	0.025	0.055	0.07	0.03	0.015	0.03	0.01	0.075
0.04	0.22	0.115	0.26	0.125	0.05	0.03	0.065	0	0.035	0.03	0.03
0.16	0.065	0.265	0.12	0.14	0.095	0.035	0.01	0.035	0.025	0.005	0.045
0.195	0.28	0.05	0.155	0.075	0.13	0.065	0.02	0.005	0.005	0.01	0.01
0.24	0.34	0.19	0.04	0.1	0.015	0.02	0.025	0.005	0.005	0.01	0.01
0.105	0.335	0.3	0.135	0.005	0.04	0.02	0.02	0.015	0	0	0.025
0.155	0.205	0.275	0.17	0.11	0.005	0.04	0.015	0.015	0.005	0	0.005
0.085	0.17	0.265	0.245	0.15	0.045	0	0.005	0.02	0.005	0	0.01
0.235	0.095	0.185	0.16	0.205	0.055	0.05	0	0.01	0	0.005	0
0.185	0.25	0.135	0.135	0.105	0.13	0.035	0.015	0.005	0.005	0	0
#######PARAMETER SECTION#######
800	400	1200	-4	800	-0.25	1
0.18	0.01	1	-4	0.18	-0.25	1
-1.36	-5	-0.001	-4	-1.36	-0.25	1
0.1	0.05	0.3	-4	0.1	-0.25	1
0.2	0.01	0.5	-4	0.2	-0.25	1
0.75	0.20001	1	-3	0.75	-0.25	1
13.815511	-1	200	1	13.815511	-0.25	1
0	-1	1	-4	0	-0.25	1
0.4	1e-04	1.2	-3	0.4	-0.25	1
0	-10	10	-6	0	-1	1
0	-10	10	-6	0	-1	1
2	0	12	2	2	-0.5	1
1	0	12	2	1	-0.5	1
2	0	12	-2	2	-0.5	1
1	0	12	-2	1	-0.5	1
1.5	0	12	2	1.5	-0.5	1
2	0	12	2	2	-0.5	1
-14.9566516732768	-30	5	1	-14.9566516732768	-1	1
1	0.1	2	-1	1	-1	1
-1.54399197800355	-10	1.39	1	-1.54399197800355	-1	1
#######DEV CONSTRAINTS and DEVS#######
-15	15	2
-15	15	2
-15	15	2
0	0	0	0	0	0	0	0	0	0	0	0	0	0	0	0	0	0	0	0	0	0	0	0	0	0	0	0	0	0
0	0	0	0	0	0	0	0	0	0	0	0	0	0	0	0	0	0	0	0	0	0	0	0	0	0	0	0	0	0
0	0	0	0	0	0	0	0	0	0	0
#######LIKELIHOOD WEIGHTS#######
1
1
1
1
0
1
0
0
0
#######MISCELLANEOUS STUFF SECTION#######
2.5e-08
3
0.5	0.5	0.5	0.5	0.5	0.5	0.5	0.5	0.5	0.5	0.5	0.5
0.0229773699100256	0.320821300824607	0.904650535100891	0.994779874306442	0.999738809680904	0.999986992871533	0.999999352405202	0.999999967758134	0.999999998394772	0.99999999992008	0.999999999996021	0.999999999999802
0.2	0.2	0.2	0.2	0.2	0.2	0.2	0.2	0.2	0.2	0.2	0.2
0
1
10
0.2
1
1	0	0	0	0	0	0	0	0	0	0	0
0	1	0	0	0	0	0	0	0	0	0	0
0	0	1	0	0	0	0	0	0	0	0	0
0	0	0	1	0	0	0	0	0	0	0	0
0	0	0	0	1	0	0	0	0	0	0	0
0	0	0	0	0	1	0	0	0	0	0	0
0	0	0	0	0	0	1	0	0	0	0	0
0	0	0	0	0	0	0	1	0	0	0	0
0	0	0	0	0	0	0	0	1	0	0	0
0	0	0	0	0	0	0	0	0	1	0	0
0	0	0	0	0	0	0	0	0	0	1	0
0	0	0	0	0	0	0	0	0	0	0	1
40
31
2
1
#######END OF DATA FILE#######
999
