#######GENERAL HEADER INPUT#######
1
30
1
30
1
30
30
12
1	2	3	4	5	6	7	8	9	10	11	12
12
1	2	3	4	5	6	7	8	9	10	11	12
1
1001
1
1
#######SURVEY DATA#######
30
1	2	3	4	5	6	7	8	9	10	11	12	13	14	15	16	17	18	19	20	21	22	23	24	25	26	27	28	29	30
1.30918831495582	1.17285195646625	1.15338287064242	1.05722702755064	1.24742068656424	1.38518315931558	1.00689929063929	1.1760498982611	1.13175584963345	1.15555738696085	1.0911391889674	1.20760339851839	1.25601459777334	1.34252580336401	1.22342093422516	1.09065847530542	1.02721768262847	1.01277195209008	0.835477452931407	0.78002529586111	0.787772118092235	0.918496297434421	0.992955504397943	0.662099719271991	0.705670014899597	0.686651150624894	0.716751561900609	0.715164949876496	0.643568721518038	0.682292647114556
0.2	0.2	0.2	0.2	0.2	0.2	0.2	0.2	0.2	0.2	0.2	0.2	0.2	0.2	0.2	0.2	0.2	0.2	0.2	0.2	0.2	0.2	0.2	0.2	0.2	0.2	0.2	0.2	0.2	0.2
30
1	2	3	4	5	6	7	8	9	10	11	12	13	14	15	16	17	18	19	20	21	22	23	24	25	26	27	28	29	30
200	200	200	200	200	200	200	200	200	200	200	200	200	200	200	200	200	200	200	200	200	200	200	200	200	200	200	200	200	200
200	200	200	200	200	200	200	200	200	200	200	200	200	200	200	200	200	200	200	200	200	200	200	200	200	200	200	200	200	200
0.055	0.085	0.18	0.15	0.145	0.08	0.08	0.06	0.055	0.015	0.025	0.07
0.03	0.11	0.18	0.13	0.135	0.085	0.06	0.075	0.05	0.03	0.025	0.09
0.06	0.045	0.18	0.125	0.09	0.11	0.05	0.085	0.075	0.04	0.05	0.09
0.055	0.08	0.12	0.15	0.15	0.085	0.085	0.045	0.045	0.035	0.045	0.105
0.045	0.115	0.2	0.12	0.2	0.095	0.055	0.05	0.015	0.035	0.02	0.05
0.075	0.09	0.165	0.16	0.095	0.115	0.065	0.03	0.035	0.04	0.02	0.11
0.055	0.1	0.18	0.115	0.13	0.1	0.1	0.04	0.03	0.025	0.03	0.095
0.1	0.08	0.185	0.11	0.125	0.085	0.06	0.06	0.03	0.03	0.02	0.115
0.055	0.185	0.16	0.145	0.135	0.08	0.055	0.04	0.045	0.03	0.005	0.065
0.065	0.11	0.24	0.08	0.16	0.14	0.055	0.03	0.01	0.02	0.01	0.08
0.065	0.155	0.145	0.21	0.055	0.09	0.075	0.05	0.035	0.015	0.015	0.09
0.08	0.13	0.215	0.175	0.19	0.075	0.03	0.03	0.02	0.005	0.01	0.04
0.08	0.155	0.205	0.19	0.12	0.045	0.055	0.05	0.03	0.01	0.005	0.055
0.06	0.145	0.25	0.17	0.125	0.05	0.09	0.015	0.015	0.02	0.015	0.045
0.065	0.12	0.185	0.215	0.125	0.095	0.05	0.06	0.015	0.015	0.005	0.05
0.065	0.155	0.175	0.155	0.175	0.095	0.075	0.025	0.035	0	0.025	0.02
0.085	0.165	0.18	0.135	0.105	0.105	0.08	0.065	0.02	0.015	0.005	0.04
0.045	0.14	0.25	0.135	0.175	0.08	0.045	0.035	0.035	0.01	0.005	0.045
0.065	0.125	0.19	0.235	0.115	0.09	0.06	0.03	0.02	0.01	0	0.06
0.075	0.185	0.165	0.095	0.185	0.1	0.06	0.06	0.02	0.015	0.005	0.035
0.055	0.22	0.22	0.15	0.06	0.11	0.065	0.035	0.01	0.015	0.015	0.045
0.07	0.135	0.24	0.185	0.075	0.095	0.09	0.015	0.05	0.015	0.005	0.025
0.055	0.135	0.17	0.235	0.17	0.075	0.04	0.05	0.045	0.01	0.005	0.01
0.08	0.21	0.225	0.135	0.145	0.08	0.045	0.02	0.02	0.015	0.005	0.02
0.12	0.125	0.21	0.225	0.105	0.07	0.085	0.025	0.01	0.005	0	0.02
0.06	0.195	0.21	0.235	0.115	0.065	0.04	0.03	0.015	0	0.005	0.03
0.085	0.13	0.235	0.12	0.17	0.115	0.04	0.045	0.015	0.015	0.005	0.025
0.095	0.195	0.19	0.255	0.12	0.05	0.02	0.015	0.015	0.01	0.01	0.025
0.06	0.165	0.285	0.24	0.105	0.05	0.03	0.015	0.015	0.01	0.005	0.02
0.1	0.195	0.285	0.165	0.1	0.08	0.03	0.005	0.015	0.005	0.01	0.01
#######LANDINGS DATA#######
1
30
110.673823442482	318.793895166555	511.519582836267	672.382756893164	516.039265638023	889.747083258395	849.720206165027	1709.729736326	942.65335885671	1134.44784006398	1257.16109717275	1329.71496711177	965.251394165291	1417.29127730708	1474.52746079161	1318.6040339343	2400.64048317843	1802.00596813091	1667.42608247639	1527.52229388346	1913.02632500364	1300.38565061385	2009.52483313615	1484.30941955143	1402.16473715792	1215.86752852299	1167.78620175656	1539.71355383891	1109.68760892233	1617.48677177896
0.01	0.01	0.01	0.01	0.01	0.01	0.01	0.01	0.01	0.01	0.01	0.01	0.01	0.01	0.01	0.01	0.01	0.01	0.01	0.01	0.01	0.01	0.01	0.01	0.01	0.01	0.01	0.01	0.01	0.01
30
1	2	3	4	5	6	7	8	9	10	11	12	13	14	15	16	17	18	19	20	21	22	23	24	25	26	27	28	29	30
200	200	200	200	200	200	200	200	200	200	200	200	200	200	200	200	200	200	200	200	200	200	200	200	200	200	200	200	200	200
200	200	200	200	200	200	200	200	200	200	200	200	200	200	200	200	200	200	200	200	200	200	200	200	200	200	200	200	200	200
0.005	0.055	0.11	0.1	0.13	0.175	0.125	0.085	0.05	0.06	0.02	0.085
0.015	0.055	0.07	0.12	0.16	0.195	0.12	0.07	0.06	0.04	0.02	0.075
0.025	0.06	0.1	0.12	0.17	0.075	0.115	0.09	0.085	0.065	0.025	0.07
0.02	0.055	0.055	0.155	0.165	0.14	0.13	0.05	0.065	0.06	0.015	0.09
0.03	0.035	0.075	0.125	0.165	0.135	0.09	0.04	0.09	0.06	0.05	0.105
0.02	0.06	0.065	0.145	0.115	0.115	0.195	0.065	0.06	0.02	0.02	0.12
0.025	0.05	0.115	0.155	0.115	0.13	0.115	0.115	0.045	0.03	0.03	0.075
0.03	0.025	0.095	0.175	0.195	0.105	0.085	0.075	0.03	0.06	0.025	0.1
0.035	0.065	0.06	0.17	0.16	0.135	0.13	0.04	0.04	0.075	0.005	0.085
0.035	0.06	0.15	0.075	0.155	0.18	0.105	0.065	0.02	0.03	0.025	0.1
0.03	0.08	0.11	0.16	0.07	0.155	0.135	0.045	0.04	0.04	0.03	0.105
0.025	0.04	0.095	0.2	0.225	0.065	0.12	0.035	0.06	0.04	0.015	0.08
0.02	0.075	0.165	0.165	0.16	0.115	0.065	0.09	0.06	0.035	0.02	0.03
0.035	0.075	0.175	0.18	0.19	0.095	0.09	0.03	0.05	0.03	0.01	0.04
0.035	0.06	0.115	0.135	0.215	0.165	0.105	0.09	0.02	0.02	0.005	0.035
0.045	0.05	0.09	0.105	0.22	0.145	0.12	0.06	0.07	0.04	0.02	0.035
0.015	0.055	0.115	0.16	0.215	0.15	0.095	0.06	0.035	0.04	0.01	0.05
0.005	0.04	0.145	0.195	0.17	0.125	0.125	0.05	0.045	0.04	0.02	0.04
0.015	0.035	0.06	0.21	0.225	0.125	0.13	0.065	0.04	0.025	0.01	0.06
0.025	0.09	0.105	0.185	0.19	0.095	0.09	0.085	0.055	0.015	0.02	0.045
0.03	0.1	0.12	0.15	0.12	0.155	0.115	0.085	0.045	0.025	0.005	0.05
0.01	0.055	0.175	0.19	0.175	0.115	0.125	0.07	0.05	0.01	0.01	0.015
0.035	0.095	0.085	0.23	0.22	0.08	0.08	0.05	0.01	0.035	0.005	0.075
0.035	0.085	0.11	0.18	0.185	0.155	0.09	0.04	0.045	0.02	0.005	0.05
0.04	0.04	0.155	0.195	0.205	0.18	0.075	0.025	0.03	0.005	0.015	0.035
0.055	0.055	0.12	0.22	0.175	0.08	0.12	0.105	0.025	0.01	0.01	0.025
0.06	0.055	0.095	0.2	0.22	0.145	0.085	0.06	0.015	0.02	0	0.045
0.07	0.095	0.125	0.17	0.18	0.145	0.075	0.045	0.055	0.025	0	0.015
0.035	0.125	0.13	0.135	0.155	0.165	0.115	0.07	0.015	0.03	0.005	0.02
0.045	0.12	0.155	0.215	0.135	0.16	0.05	0.05	0.035	0.005	0.01	0.02
#######PARAMETER SECTION#######
800	400	1200	-4	800	-0.25	1
0.18	0.01	1	-4	0.18	-0.25	1
-1.36	-5	-0.001	-4	-1.36	-0.25	1
0.1	0.05	0.3	-4	0.1	-0.25	1
0.2	0.01	0.5	-4	0.2	-0.25	1
0.75	0.20001	1	-3	0.75	-0.25	1
13.815511	-1	200	1	13.815511	-0.25	1
0	-1	1	-4	0	-0.25	1
0.2	1e-04	1.2	-3	0.2	-0.25	1
0	-10	10	-6	0	-1	1
0	-10	10	-6	0	-1	1
2	0	12	2	2	-0.5	1
1	0	12	2	1	-0.5	1
2	0	12	-2	2	-0.5	1
1	0	12	-2	1	-0.5	1
1.5	0	12	2	1.5	-0.5	1
2	0	12	2	2	-0.5	1
-14.9068531614029	-30	5	1	-14.9068531614029	-1	1
1	0.1	2	-1	1	-1	1
-1.54399197800355	-10	1.39	1	-1.54399197800355	-1	1
#######DEV CONSTRAINTS and DEVS#######
-15	15	2
-15	15	2
-15	15	2
0	0	0	0	0	0	0	0	0	0	0	0	0	0	0	0	0	0	0	0	0	0	0	0	0	0	0	0	0	0
0	0	0	0	0	0	0	0	0	0	0	0	0	0	0	0	0	0	0	0	0	0	0	0	0	0	0	0	0	0
0	0	0	0	0	0	0	0	0	0	0
#######LIKELIHOOD WEIGHTS#######
1
1
1
1
0
1
0
0
0
#######MISCELLANEOUS STUFF SECTION#######
2.5e-08
3
0.5	0.5	0.5	0.5	0.5	0.5	0.5	0.5	0.5	0.5	0.5	0.5
0.0229773699100256	0.320821300824607	0.904650535100891	0.994779874306442	0.999738809680904	0.999986992871533	0.999999352405202	0.999999967758134	0.999999998394772	0.99999999992008	0.999999999996021	0.999999999999802
0.2	0.2	0.2	0.2	0.2	0.2	0.2	0.2	0.2	0.2	0.2	0.2
0
1
10
0.2
1
1	0	0	0	0	0	0	0	0	0	0	0
0	1	0	0	0	0	0	0	0	0	0	0
0	0	1	0	0	0	0	0	0	0	0	0
0	0	0	1	0	0	0	0	0	0	0	0
0	0	0	0	1	0	0	0	0	0	0	0
0	0	0	0	0	1	0	0	0	0	0	0
0	0	0	0	0	0	1	0	0	0	0	0
0	0	0	0	0	0	0	1	0	0	0	0
0	0	0	0	0	0	0	0	1	0	0	0
0	0	0	0	0	0	0	0	0	1	0	0
0	0	0	0	0	0	0	0	0	0	1	0
0	0	0	0	0	0	0	0	0	0	0	1
40
31
2
1
#######END OF DATA FILE#######
999
