#styr												
1
#endyr												
30
#rec_age										
1															
#n_ages										
12
# numbers of length intervals
81
#Length	bin
10	11	12	13	14	15	16	17	18	19	20	21	22	23	24	25	26	27	28	29	30	31	32	33	34	35	36	37	38	39	40	41	42	43	44	45	46	47	48	49	50	51	52	53	54	55	56	57	58	59	60	61	62	63	64	65	66	67	68	69	70	71	72	73	74	75	76	77	78	79	80	81	82	83	84	85	86	87	88	89	90
#nfsh
1
#names_fsh
FLEET1												
#catch												
161.120167911489	463.622468237782	750.187746896801	970.964034756305	734.918049095158	1251.13317273627	1194.70491798924	2300.64615949177	1246.70811205848	1441.67453493391	1523.3893050222	1549.67697722405	1060.80131605996	1491.14852371867	1480.2679764605	1268.83790923666	2273.86813806293	1614.14806138897	1486.57896609695	1396.20468367483	1790.08400299803	1224.53851393688	1838.51299895953	1357.65471425034	1267.62368182504	1132.05212137819	1113.52249612893	1496.49226984969	1065.21858761849	1481.20313181251
#catch_cv											
0.01	0.01	0.01	0.01	0.01	0.01	0.01	0.01	0.01	0.01	0.01	0.01	0.01	0.01	0.01	0.01	0.01	0.01	0.01	0.01	0.01	0.01	0.01	0.01	0.01	0.01	0.01	0.01	0.01	0.01
#n_ages_fsh								
30		
#n_lengths_fsh								
0															
#yrs_ages_fsh								
1	2	3	4	5	6	7	8	9	10	11	12	13	14	15	16	17	18	19	20	21	22	23	24	25	26	27	28	29	30	
#sample_ages_fsh							
200	200	200	200	200	200	200	200	200	200	200	200	200	200	200	200	200	200	200	200	200	200	200	200	200	200	200	200	200	200
#page_fsh	2	3	4	5	6	7	8	9	10	11						
0.08	0.115	0.13	0.125	0.11	0.065	0.065	0.04	0.045	0.025	0.045	0.155
0.06	0.075	0.105	0.11	0.14	0.1	0.08	0.065	0.06	0.055	0.015	0.135
0.055	0.055	0.115	0.105	0.1	0.1	0.095	0.05	0.05	0.045	0.02	0.21
0.055	0.065	0.145	0.135	0.125	0.095	0.07	0.05	0.025	0.03	0.06	0.145
0.085	0.115	0.11	0.16	0.11	0.08	0.055	0.07	0.035	0.04	0.03	0.11
0.125	0.115	0.06	0.11	0.095	0.07	0.06	0.08	0.035	0.04	0.06	0.15
0.11	0.12	0.16	0.095	0.08	0.08	0.055	0.065	0.06	0.05	0.025	0.1
0.075	0.13	0.17	0.17	0.07	0.075	0.065	0.05	0.065	0.02	0.02	0.09
0.115	0.135	0.17	0.155	0.125	0.08	0.035	0.04	0.015	0.025	0.025	0.08
0.085	0.16	0.105	0.14	0.13	0.1	0.04	0.045	0.035	0.005	0.03	0.125
0.05	0.19	0.18	0.12	0.105	0.08	0.08	0.03	0.015	0.03	0.025	0.095
0.07	0.105	0.16	0.19	0.1	0.075	0.09	0.06	0.025	0.005	0.015	0.105
0.09	0.15	0.12	0.165	0.14	0.055	0.095	0.025	0.045	0.015	0.01	0.09
0.135	0.155	0.185	0.105	0.085	0.09	0.075	0.06	0.035	0.02	0	0.055
0.1	0.175	0.22	0.105	0.085	0.075	0.075	0.04	0.04	0.02	0.01	0.055
0.105	0.195	0.17	0.145	0.105	0.055	0.06	0.045	0.04	0.025	0.02	0.035
0.105	0.165	0.165	0.15	0.11	0.105	0.07	0.04	0.03	0.02	0.015	0.025
0.175	0.11	0.155	0.175	0.14	0.075	0.065	0.02	0.03	0.045	0	0.01
0.145	0.195	0.15	0.135	0.1	0.07	0.055	0.04	0.015	0.025	0.025	0.045
0.19	0.185	0.21	0.105	0.1	0.08	0.045	0.035	0.02	0.005	0.01	0.015
0.11	0.135	0.27	0.19	0.065	0.05	0.07	0.04	0.015	0.015	0	0.04
0.125	0.25	0.155	0.145	0.14	0.065	0.035	0.025	0.02	0.02	0.005	0.015
0.14	0.15	0.175	0.165	0.095	0.095	0.035	0.05	0.02	0.025	0.03	0.02
0.135	0.15	0.205	0.165	0.12	0.085	0.065	0.025	0.015	0.01	0.01	0.015
0.135	0.215	0.215	0.15	0.11	0.08	0.035	0.03	0.015	0	0.01	0.005
0.2	0.205	0.19	0.125	0.075	0.115	0.035	0.015	0.01	0.01	0.015	0.005
0.145	0.25	0.18	0.175	0.085	0.08	0.02	0.03	0.015	0.015	0	0.005
0.085	0.225	0.275	0.155	0.145	0.035	0.035	0.01	0.005	0.015	0.005	0.01
0.2	0.15	0.18	0.19	0.13	0.045	0.055	0.02	0.02	0	0.005	0.005
0.145	0.345	0.12	0.08	0.105	0.04	0.045	0.04	0.04	0.015	0.015	0.01
#wt_age_fsh	1 2	3	4	5	6	7	8	9	10	11						
0.000530656	0.001196328	0.002058265	0.003034987	0.004055212	0.005064698	0.006026226	0.006916921	0.007724891	0.008446113	0.009081853	0.009636695
0.000530656	0.001196328	0.002058265	0.003034987	0.004055212	0.005064698	0.006026226	0.006916921	0.007724891	0.008446113	0.009081853	0.009636695
0.000530656	0.001196328	0.002058265	0.003034987	0.004055212	0.005064698	0.006026226	0.006916921	0.007724891	0.008446113	0.009081853	0.009636695
0.000530656	0.001196328	0.002058265	0.003034987	0.004055212	0.005064698	0.006026226	0.006916921	0.007724891	0.008446113	0.009081853	0.009636695
0.000530656	0.001196328	0.002058265	0.003034987	0.004055212	0.005064698	0.006026226	0.006916921	0.007724891	0.008446113	0.009081853	0.009636695
0.000530656	0.001196328	0.002058265	0.003034987	0.004055212	0.005064698	0.006026226	0.006916921	0.007724891	0.008446113	0.009081853	0.009636695
0.000530656	0.001196328	0.002058265	0.003034987	0.004055212	0.005064698	0.006026226	0.006916921	0.007724891	0.008446113	0.009081853	0.009636695
0.000530656	0.001196328	0.002058265	0.003034987	0.004055212	0.005064698	0.006026226	0.006916921	0.007724891	0.008446113	0.009081853	0.009636695
0.000530656	0.001196328	0.002058265	0.003034987	0.004055212	0.005064698	0.006026226	0.006916921	0.007724891	0.008446113	0.009081853	0.009636695
0.000530656	0.001196328	0.002058265	0.003034987	0.004055212	0.005064698	0.006026226	0.006916921	0.007724891	0.008446113	0.009081853	0.009636695
0.000530656	0.001196328	0.002058265	0.003034987	0.004055212	0.005064698	0.006026226	0.006916921	0.007724891	0.008446113	0.009081853	0.009636695
0.000530656	0.001196328	0.002058265	0.003034987	0.004055212	0.005064698	0.006026226	0.006916921	0.007724891	0.008446113	0.009081853	0.009636695
0.000530656	0.001196328	0.002058265	0.003034987	0.004055212	0.005064698	0.006026226	0.006916921	0.007724891	0.008446113	0.009081853	0.009636695
0.000530656	0.001196328	0.002058265	0.003034987	0.004055212	0.005064698	0.006026226	0.006916921	0.007724891	0.008446113	0.009081853	0.009636695
0.000530656	0.001196328	0.002058265	0.003034987	0.004055212	0.005064698	0.006026226	0.006916921	0.007724891	0.008446113	0.009081853	0.009636695
0.000530656	0.001196328	0.002058265	0.003034987	0.004055212	0.005064698	0.006026226	0.006916921	0.007724891	0.008446113	0.009081853	0.009636695
0.000530656	0.001196328	0.002058265	0.003034987	0.004055212	0.005064698	0.006026226	0.006916921	0.007724891	0.008446113	0.009081853	0.009636695
0.000530656	0.001196328	0.002058265	0.003034987	0.004055212	0.005064698	0.006026226	0.006916921	0.007724891	0.008446113	0.009081853	0.009636695
0.000530656	0.001196328	0.002058265	0.003034987	0.004055212	0.005064698	0.006026226	0.006916921	0.007724891	0.008446113	0.009081853	0.009636695
0.000530656	0.001196328	0.002058265	0.003034987	0.004055212	0.005064698	0.006026226	0.006916921	0.007724891	0.008446113	0.009081853	0.009636695
0.000530656	0.001196328	0.002058265	0.003034987	0.004055212	0.005064698	0.006026226	0.006916921	0.007724891	0.008446113	0.009081853	0.009636695
0.000530656	0.001196328	0.002058265	0.003034987	0.004055212	0.005064698	0.006026226	0.006916921	0.007724891	0.008446113	0.009081853	0.009636695
0.000530656	0.001196328	0.002058265	0.003034987	0.004055212	0.005064698	0.006026226	0.006916921	0.007724891	0.008446113	0.009081853	0.009636695
0.000530656	0.001196328	0.002058265	0.003034987	0.004055212	0.005064698	0.006026226	0.006916921	0.007724891	0.008446113	0.009081853	0.009636695
0.000530656	0.001196328	0.002058265	0.003034987	0.004055212	0.005064698	0.006026226	0.006916921	0.007724891	0.008446113	0.009081853	0.009636695
0.000530656	0.001196328	0.002058265	0.003034987	0.004055212	0.005064698	0.006026226	0.006916921	0.007724891	0.008446113	0.009081853	0.009636695
0.000530656	0.001196328	0.002058265	0.003034987	0.004055212	0.005064698	0.006026226	0.006916921	0.007724891	0.008446113	0.009081853	0.009636695
0.000530656	0.001196328	0.002058265	0.003034987	0.004055212	0.005064698	0.006026226	0.006916921	0.007724891	0.008446113	0.009081853	0.009636695
0.000530656	0.001196328	0.002058265	0.003034987	0.004055212	0.005064698	0.006026226	0.006916921	0.007724891	0.008446113	0.009081853	0.009636695
0.000530656	0.001196328	0.002058265	0.003034987	0.004055212	0.005064698	0.006026226	0.006916921	0.007724891	0.008446113	0.009081853	0.009636695
#nind
1
#ind_names									
SURVEY1									
#nobs_ind
30
#yrs_ind											
1	2	3	4	5	6	7	8	9	10	11	12	13	14	15	16	17	18	19	20	21	22	23	24	25	26	27	28	29	30	
#month_ind										
1															
#biom_ind											
1.50736173171326	1.46602887084587	1.44779195512279	1.19491548076348	1.22536927541784	1.09549416068592	1.49191822662899	1.17638387679279	1.12795447414569	1.07484860627341	1.09012225984014	1.21803938945151	0.852818363175697	1.00391280999559	0.922796943447475	0.814731398885562	0.864136433923506	0.89769794280206	0.836161445733351	0.845053189243802	0.92499952788691	0.801583242933478	0.701758977040494	0.603543427259909	0.692749959675712	0.667935217585654	0.677762846892354	0.627043008836219	0.605023096898655	0.564305234550588
#biom_cv																
0.301472346342652	0.293205774169173	0.289558391024558	0.238983096152695	0.245073855083569	0.219098832137185	0.298383645325799	0.235276775358558	0.225590894829137	0.214969721254681	0.218024451968029	0.243607877890301	0.170563672635139	0.200782561999118	0.184559388689495	0.162946279777112	0.172827286784701	0.179539588560412	0.16723228914667	0.16901063784876	0.184999905577382	0.160316648586696	0.140351795408099	0.120708685451982	0.138549991935142	0.133587043517131	0.135552569378471	0.125408601767244	0.121004619379731	0.112861046910118
#n_ages_ind															
30			
#n_lengths_ind															
0															
#yrs_ages_ind															
1	2	3	4	5	6	7	8	9	10	11	12	13	14	15	16	17	18	19	20	21	22	23	24	25	26	27	28	29	30	
#sample_ages_ind					
200	200	200	200	200	200	200	200	200	200	200	200	200	200	200	200	200	200	200	200	200	200	200	200	200	200	200	200	200	200
#page_ind						
0.075	0.135	0.165	0.11	0.105	0.09	0.045	0.06	0.03	0.045	0.03	0.11
0.065	0.14	0.13	0.19	0.085	0.095	0.065	0.05	0.025	0.03	0.015	0.11
0.055	0.16	0.17	0.16	0.085	0.055	0.1	0.05	0.015	0.04	0.025	0.085
0.04	0.16	0.165	0.14	0.04	0.105	0.035	0.045	0.055	0.04	0.015	0.16
0.085	0.095	0.165	0.125	0.07	0.105	0.07	0.045	0.035	0.065	0.015	0.125
0.085	0.125	0.13	0.085	0.145	0.075	0.085	0.065	0.05	0.04	0.025	0.09
0.06	0.165	0.225	0.08	0.065	0.09	0.06	0.075	0.03	0.025	0.035	0.09
0.04	0.155	0.2	0.135	0.095	0.065	0.095	0.025	0.045	0.025	0.025	0.095
0.105	0.145	0.135	0.19	0.075	0.025	0.045	0.02	0.025	0.03	0.03	0.175
0.09	0.235	0.155	0.155	0.125	0.055	0.05	0.03	0.015	0.015	0.02	0.055
0.07	0.19	0.215	0.095	0.075	0.115	0.025	0.04	0	0.025	0.03	0.12
0.1	0.175	0.18	0.125	0.115	0.115	0.045	0.015	0.02	0.03	0.01	0.07
0.07	0.15	0.13	0.15	0.12	0.095	0.065	0.06	0.045	0.01	0.025	0.08
0.085	0.195	0.175	0.1	0.12	0.11	0.055	0.02	0.03	0.025	0.015	0.07
0.13	0.195	0.185	0.13	0.12	0.06	0.055	0.03	0.015	0.025	0.015	0.04
0.11	0.19	0.16	0.12	0.115	0.09	0.075	0.06	0.02	0.025	0.01	0.025
0.115	0.205	0.17	0.14	0.125	0.07	0.035	0.06	0.035	0.005	0	0.04
0.12	0.175	0.21	0.155	0.145	0.05	0.045	0.02	0.015	0.02	0	0.045
0.12	0.2	0.23	0.135	0.09	0.08	0.03	0.025	0.02	0.01	0.02	0.04
0.09	0.25	0.26	0.17	0.07	0.06	0.025	0.015	0.02	0	0.01	0.03
0.115	0.175	0.245	0.135	0.12	0.06	0.075	0.015	0.025	0.015	0.015	0.005
0.1	0.285	0.17	0.16	0.115	0.065	0.02	0.035	0.005	0.01	0.01	0.025
0.115	0.235	0.195	0.135	0.095	0.115	0.03	0.02	0.02	0.005	0.005	0.03
0.12	0.215	0.175	0.18	0.12	0.07	0.03	0.03	0.03	0.02	0.005	0.005
0.145	0.255	0.245	0.12	0.06	0.09	0.03	0.025	0.015	0	0.005	0.01
0.165	0.225	0.235	0.15	0.08	0.06	0.035	0.015	0.015	0.015	0.005	0
0.11	0.285	0.225	0.165	0.1	0.055	0.03	0.02	0.005	0.005	0	0
0.065	0.24	0.3	0.18	0.095	0.06	0.03	0.01	0.005	0	0.01	0.005
0.13	0.195	0.26	0.17	0.095	0.08	0.015	0.015	0.025	0.015	0	0
0.115	0.325	0.12	0.15	0.155	0.05	0.05	0.005	0.01	0.01	0.01	0
#wt_age_ind						
1 1 1 1 1 1 1 1 1 1 1 1 
1 1 1 1 1 1 1 1 1 1 1 1 
1 1 1 1 1 1 1 1 1 1 1 1 
1 1 1 1 1 1 1 1 1 1 1 1 
1 1 1 1 1 1 1 1 1 1 1 1 
1 1 1 1 1 1 1 1 1 1 1 1 
1 1 1 1 1 1 1 1 1 1 1 1 
1 1 1 1 1 1 1 1 1 1 1 1 
1 1 1 1 1 1 1 1 1 1 1 1 
1 1 1 1 1 1 1 1 1 1 1 1 
1 1 1 1 1 1 1 1 1 1 1 1 
1 1 1 1 1 1 1 1 1 1 1 1 
1 1 1 1 1 1 1 1 1 1 1 1 
1 1 1 1 1 1 1 1 1 1 1 1 
1 1 1 1 1 1 1 1 1 1 1 1 
1 1 1 1 1 1 1 1 1 1 1 1 
1 1 1 1 1 1 1 1 1 1 1 1 
1 1 1 1 1 1 1 1 1 1 1 1 
1 1 1 1 1 1 1 1 1 1 1 1 
1 1 1 1 1 1 1 1 1 1 1 1 
1 1 1 1 1 1 1 1 1 1 1 1 
1 1 1 1 1 1 1 1 1 1 1 1 
1 1 1 1 1 1 1 1 1 1 1 1 
1 1 1 1 1 1 1 1 1 1 1 1 
1 1 1 1 1 1 1 1 1 1 1 1 
1 1 1 1 1 1 1 1 1 1 1 1 
1 1 1 1 1 1 1 1 1 1 1 1 
1 1 1 1 1 1 1 1 1 1 1 1 
1 1 1 1 1 1 1 1 1 1 1 1 
1 1 1 1 1 1 1 1 1 1 1 1 
# wt_pop
0.000530656	0.001196328	0.002058265	0.003034987	0.004055212	0.005064698	0.006026226	0.006916921	0.007724891	0.008446113	0.009081853	0.009636695
#maturity
0.02297737 0.32082130 0.90465054 0.99477987 0.99973881 0.99998699 0.99999935 0.99999997 1 1 1 1
#spmonth						
1		
#age_err						
1	0	0	0	0	0	0	0	0	0	0	0
0	1	0	0	0	0	0	0	0	0	0	0
0	0	1	0	0	0	0	0	0	0	0	0
0	0	0	1	0	0	0	0	0	0	0	0
0	0	0	0	1	0	0	0	0	0	0	0
0	0	0	0	0	1	0	0	0	0	0	0
0	0	0	0	0	0	1	0	0	0	0	0
0	0	0	0	0	0	0	1	0	0	0	0
0	0	0	0	0	0	0	0	1	0	0	0
0	0	0	0	0	0	0	0	0	1	0	0
0	0	0	0	0	0	0	0	0	0	1	0
0	0	0	0	0	0	0	0	0	0	0	1																														
