#######GENERAL HEADER INPUT#######
1
30
1
30
1
30
30
12
1	2	3	4	5	6	7	8	9	10	11	12
12
1	2	3	4	5	6	7	8	9	10	11	12
1
1001
1
1
#######SURVEY DATA#######
30
1	2	3	4	5	6	7	8	9	10	11	12	13	14	15	16	17	18	19	20	21	22	23	24	25	26	27	28	29	30
1.58949624651635	1.51991525806334	1.37125705617645	1.46099980871576	1.51558093929047	1.33348124581699	1.27502213399532	1.24169873615275	1.25970673731053	1.19602161681691	1.24480152953841	0.985971879459877	1.17584420636384	1.08059062464567	0.985934051445976	0.805014980421451	0.798776821050202	0.903507242594427	0.833474691569417	0.672795886715551	0.857189826008075	0.731799685800868	0.676692675109841	0.635703488460372	0.559116195587436	0.603881203635815	0.528712492481745	0.577370915302709	0.501195545679211	0.604267392248008
0.2	0.2	0.2	0.2	0.2	0.2	0.2	0.2	0.2	0.2	0.2	0.2	0.2	0.2	0.2	0.2	0.2	0.2	0.2	0.2	0.2	0.2	0.2	0.2	0.2	0.2	0.2	0.2	0.2	0.2
30
1	2	3	4	5	6	7	8	9	10	11	12	13	14	15	16	17	18	19	20	21	22	23	24	25	26	27	28	29	30
200	200	200	200	200	200	200	200	200	200	200	200	200	200	200	200	200	200	200	200	200	200	200	200	200	200	200	200	200	200
200	200	200	200	200	200	200	200	200	200	200	200	200	200	200	200	200	200	200	200	200	200	200	200	200	200	200	200	200	200
0.07	0.12	0.125	0.15	0.1	0.075	0.12	0.045	0.05	0.035	0.02	0.09
0.05	0.14	0.14	0.12	0.08	0.1	0.08	0.025	0.08	0.035	0.035	0.115
0.075	0.145	0.13	0.145	0.08	0.06	0.055	0.05	0.035	0.04	0.015	0.17
0.055	0.17	0.165	0.115	0.09	0.08	0.075	0.055	0.03	0.03	0.04	0.095
0.125	0.075	0.135	0.18	0.075	0.055	0.06	0.04	0.025	0.065	0.03	0.135
0.065	0.215	0.115	0.09	0.095	0.075	0.06	0.03	0.055	0.045	0.045	0.11
0.09	0.13	0.25	0.075	0.105	0.065	0.04	0.055	0.03	0.035	0.03	0.095
0.095	0.165	0.135	0.175	0.09	0.055	0.065	0.04	0.02	0.03	0.02	0.11
0.07	0.185	0.22	0.055	0.125	0.065	0.05	0.045	0.025	0.02	0.025	0.115
0.12	0.17	0.175	0.085	0.065	0.14	0.015	0.04	0.055	0.025	0.025	0.085
0.095	0.19	0.145	0.15	0.12	0.03	0.08	0.035	0.015	0.015	0.035	0.09
0.06	0.205	0.15	0.11	0.12	0.095	0.01	0.055	0.03	0.035	0.025	0.105
0.09	0.155	0.215	0.165	0.075	0.065	0.08	0.05	0.04	0.015	0.005	0.045
0.06	0.24	0.195	0.15	0.085	0.055	0.035	0.04	0.03	0.035	0.01	0.065
0.095	0.16	0.22	0.14	0.13	0.05	0.05	0.04	0.01	0.01	0.02	0.075
0.07	0.135	0.26	0.185	0.105	0.07	0.05	0.04	0.005	0.03	0.005	0.045
0.11	0.19	0.115	0.18	0.13	0.06	0.055	0.065	0.02	0.025	0.035	0.015
0.09	0.27	0.125	0.12	0.11	0.06	0.055	0.04	0.03	0.01	0.015	0.075
0.13	0.18	0.24	0.085	0.085	0.075	0.075	0.025	0.03	0.02	0.005	0.05
0.14	0.235	0.165	0.165	0.07	0.04	0.025	0.045	0.03	0.035	0.01	0.04
0.19	0.255	0.17	0.135	0.085	0.045	0.04	0.02	0.025	0.015	0.005	0.015
0.1	0.24	0.225	0.12	0.125	0.04	0.05	0.01	0.02	0.035	0.005	0.03
0.11	0.26	0.225	0.185	0.09	0.04	0.045	0.015	0	0.01	0.005	0.015
0.1	0.26	0.205	0.165	0.095	0.075	0.035	0.03	0	0.015	0.005	0.015
0.09	0.21	0.23	0.13	0.13	0.085	0.035	0.02	0.025	0.015	0.01	0.02
0.15	0.28	0.17	0.145	0.095	0.065	0.05	0.02	0.015	0.005	0	0.005
0.095	0.285	0.275	0.145	0.065	0.07	0.035	0.015	0.005	0	0.005	0.005
0.18	0.205	0.2	0.185	0.095	0.065	0.02	0.015	0.025	0	0.005	0.005
0.11	0.315	0.215	0.12	0.13	0.045	0.035	0.01	0.01	0.01	0	0
0.16	0.275	0.2	0.17	0.075	0.07	0.03	0.02	0	0	0	0
#######LANDINGS DATA#######
1
30
161.997103408931	459.905732364996	743.755818961661	974.042946280272	749.341501038987	1287.08211810142	1252.53595699218	2425.22070281329	1286.66188953865	1478.09869780348	1531.89873028637	1527.6539898497	1054.85467965704	1471.89349259742	1486.59655346373	1250.71948808976	2178.13840042823	1533.361282909	1377.77701327158	1281.74364975082	1677.73026329475	1146.70425997426	1765.52521286533	1306.09011540936	1210.72225455355	1041.02308077607	1015.28441237945	1361.08747057496	1001.65996937958	1461.33140199507
0.01	0.01	0.01	0.01	0.01	0.01	0.01	0.01	0.01	0.01	0.01	0.01	0.01	0.01	0.01	0.01	0.01	0.01	0.01	0.01	0.01	0.01	0.01	0.01	0.01	0.01	0.01	0.01	0.01	0.01
30
1	2	3	4	5	6	7	8	9	10	11	12	13	14	15	16	17	18	19	20	21	22	23	24	25	26	27	28	29	30
200	200	200	200	200	200	200	200	200	200	200	200	200	200	200	200	200	200	200	200	200	200	200	200	200	200	200	200	200	200
200	200	200	200	200	200	200	200	200	200	200	200	200	200	200	200	200	200	200	200	200	200	200	200	200	200	200	200	200	200
0.05	0.135	0.145	0.08	0.11	0.075	0.045	0.06	0.07	0.035	0.05	0.145
0.06	0.095	0.18	0.1	0.095	0.065	0.09	0.07	0.035	0.05	0.03	0.13
0.085	0.105	0.125	0.1	0.12	0.085	0.07	0.065	0.06	0.03	0.04	0.115
0.075	0.11	0.11	0.13	0.13	0.075	0.075	0.075	0.055	0.025	0.045	0.095
0.095	0.09	0.095	0.115	0.11	0.105	0.07	0.06	0.065	0.045	0.015	0.135
0.055	0.15	0.145	0.115	0.115	0.04	0.055	0.04	0.065	0.045	0.035	0.14
0.035	0.115	0.225	0.075	0.12	0.11	0.04	0.055	0.045	0.015	0.035	0.13
0.075	0.19	0.095	0.16	0.065	0.105	0.05	0.06	0.03	0.035	0.015	0.12
0.08	0.105	0.165	0.095	0.21	0.095	0.07	0.025	0.045	0.025	0.015	0.07
0.09	0.135	0.19	0.11	0.085	0.1	0.05	0.05	0.045	0.045	0.005	0.095
0.105	0.14	0.085	0.18	0.12	0.065	0.07	0.06	0.045	0.05	0.015	0.065
0.1	0.15	0.11	0.165	0.115	0.08	0.045	0.07	0.01	0.02	0.02	0.115
0.085	0.125	0.16	0.23	0.095	0.085	0.07	0.035	0.035	0.01	0.015	0.055
0.08	0.16	0.12	0.17	0.11	0.06	0.065	0.065	0.045	0.05	0.005	0.07
0.055	0.135	0.16	0.15	0.135	0.135	0.045	0.055	0.025	0.035	0.025	0.045
0.05	0.13	0.18	0.195	0.095	0.065	0.085	0.04	0.025	0.02	0.02	0.095
0.12	0.16	0.13	0.145	0.105	0.115	0.1	0.06	0.015	0.01	0.015	0.025
0.1	0.2	0.125	0.12	0.125	0.125	0.04	0.03	0.035	0.03	0.025	0.045
0.145	0.12	0.185	0.16	0.085	0.085	0.04	0.035	0.06	0.015	0.015	0.055
0.125	0.245	0.15	0.125	0.07	0.04	0.06	0.075	0.03	0.02	0.02	0.04
0.115	0.23	0.205	0.12	0.095	0.05	0.035	0.045	0.035	0.015	0.025	0.03
0.2	0.17	0.17	0.145	0.09	0.085	0.045	0.03	0.015	0.02	0	0.03
0.16	0.155	0.195	0.125	0.175	0.07	0.045	0.02	0.015	0.015	0.005	0.02
0.125	0.205	0.175	0.2	0.115	0.065	0.045	0.035	0.015	0.005	0	0.015
0.135	0.17	0.16	0.17	0.125	0.085	0.035	0.045	0.04	0.01	0.005	0.02
0.16	0.215	0.145	0.19	0.095	0.06	0.04	0.045	0.01	0.015	0.015	0.01
0.12	0.21	0.25	0.12	0.105	0.095	0.04	0.015	0.01	0.015	0.015	0.005
0.22	0.175	0.23	0.165	0.04	0.065	0.045	0.02	0.02	0.015	0.005	0
0.155	0.255	0.23	0.15	0.12	0.04	0.035	0.005	0	0.005	0.005	0
0.155	0.255	0.205	0.145	0.095	0.055	0.045	0.03	0	0.005	0.005	0.005
#######PARAMETER SECTION#######
800	400	1200	-4	800	-0.25	1
0.18	0.01	1	-4	0.18	-0.25	1
-1.36	-5	-0.001	-4	-1.36	-0.25	1
0.1	0.05	0.3	-4	0.1	-0.25	1
0.2	0.01	0.5	-4	0.2	-0.25	1
0.75	0.20001	1	-3	0.75	-0.25	1
13.815511	-1	200	1	13.815511	-0.25	1
0	-1	1	-4	0	-0.25	1
0.2	1e-04	1.2	-3	0.2	-0.25	1
0	-10	10	-6	0	-1	1
0	-10	10	-6	0	-1	1
2	0	12	2	2	-0.5	1
1	0	12	2	1	-0.5	1
2	0	12	-2	2	-0.5	1
1	0	12	-2	1	-0.5	1
1.5	0	12	2	1.5	-0.5	1
2	0	12	2	2	-0.5	1
-14.8815219083403	-30	5	1	-14.8815219083403	-1	1
1	0.1	2	-1	1	-1	1
-1.54399197800355	-10	1.39	1	-1.54399197800355	-1	1
#######DEV CONSTRAINTS and DEVS#######
-15	15	2
-15	15	2
-15	15	2
0	0	0	0	0	0	0	0	0	0	0	0	0	0	0	0	0	0	0	0	0	0	0	0	0	0	0	0	0	0
0	0	0	0	0	0	0	0	0	0	0	0	0	0	0	0	0	0	0	0	0	0	0	0	0	0	0	0	0	0
0	0	0	0	0	0	0	0	0	0	0
#######LIKELIHOOD WEIGHTS#######
1
1
1
1
0
1
0
0
0
#######MISCELLANEOUS STUFF SECTION#######
2.5e-08
3
0.5	0.5	0.5	0.5	0.5	0.5	0.5	0.5	0.5	0.5	0.5	0.5
0.0229773699100256	0.320821300824607	0.904650535100891	0.994779874306442	0.999738809680904	0.999986992871533	0.999999352405202	0.999999967758134	0.999999998394772	0.99999999992008	0.999999999996021	0.999999999999802
0.2	0.2	0.2	0.2	0.2	0.2	0.2	0.2	0.2	0.2	0.2	0.2
0
1
10
0.2
1
1	0	0	0	0	0	0	0	0	0	0	0
0	1	0	0	0	0	0	0	0	0	0	0
0	0	1	0	0	0	0	0	0	0	0	0
0	0	0	1	0	0	0	0	0	0	0	0
0	0	0	0	1	0	0	0	0	0	0	0
0	0	0	0	0	1	0	0	0	0	0	0
0	0	0	0	0	0	1	0	0	0	0	0
0	0	0	0	0	0	0	1	0	0	0	0
0	0	0	0	0	0	0	0	1	0	0	0
0	0	0	0	0	0	0	0	0	1	0	0
0	0	0	0	0	0	0	0	0	0	1	0
0	0	0	0	0	0	0	0	0	0	0	1
40
31
2
1
#######END OF DATA FILE#######
999
