# Number of parameters = 77  Objective function value = 25665.6  Maximum gradient component = 0.0104298
# sel_params[1]:
1.99005576347
# sel_params[2]:
0.987965240488
# log_Fmult_year1:
 -4.66621031519
# log_Fmult_devs:
 1.06395513669 0.494568814960 0.323917202395 -0.230183191510 0.602788690222 0.0147316889900 0.745771869577 -0.530830376588 0.206415077223 0.134069372594 0.0635436312632 -0.319134137878 0.373522475839 0.0561076148309 -0.122764472715 0.675494976303 -0.216369713079 -0.0244893806136 -0.0237088840328 0.323036206938 -0.299972804314 0.497312145515 -0.179114054351 -0.00879781033605 -0.0965578802771 -0.0411158060376 0.325949253592 -0.267162491215 0.456773475743
# log_recruit_devs:
 -0.143340721416 0.614384264519 -0.296756885149 -0.710119199595 0.962067200251 0.757116909338 -0.138952604002 0.409887840459 -0.129333923266 0.311958448730 0.209106756233 -0.286973069539 -0.125719678023 0.232506226753 -0.103633704598 0.450160117389 0.353814024529 -0.573661463201 -0.267296138852 -0.966880896631 0.403052380761 0.298280144191 -0.294461241133 -0.806137277999 0.369785911276 -0.702053727967 -0.294499266742 0.169136388687 0.440608763792 -0.142045578794
# log_N_year1_devs:
 0.0183416529704 -0.0376781067314 0.0578116879656 0.0594808328985 -0.00740722894863 -0.117424363707 -0.0914858673681 -0.0681256257426 0.0281703300585 -0.108352166233 -0.169208518098
# log_q_year1:
 -8.06054361076
# log_q_devs:
 0.00000000000 0.00000000000 0.00000000000 0.00000000000 0.00000000000 0.00000000000 0.00000000000 0.00000000000 0.00000000000 0.00000000000 0.00000000000 0.00000000000 0.00000000000 0.00000000000 0.00000000000 0.00000000000 0.00000000000 0.00000000000 0.00000000000 0.00000000000 0.00000000000 0.00000000000 0.00000000000 0.00000000000 0.00000000000 0.00000000000 0.00000000000 0.00000000000 0.00000000000
# index_sel_params[1]:
1.46639403477
# index_sel_params[2]:
0.459505045444
# log_SR_scaler:
6.89988264407
# SR_steepness:
0.750000000000
