# Number of parameters = 77  Objective function value = 26369.8  Maximum gradient component = 0.00107095
# sel_params[1]:
1.89295147965
# sel_params[2]:
0.889742873202
# log_Fmult_year1:
 -4.63646379823
# log_Fmult_devs:
 1.04604646997 0.493560774662 0.288970666464 -0.230474690452 0.596172817709 0.0191182877474 0.738560057720 -0.529751284500 0.193600420775 0.127543039107 0.0574472997363 -0.319422205552 0.363241230885 0.0559278526118 -0.104102040790 0.656801477117 -0.207066514207 0.00129496002290 -0.0195414191919 0.321166885307 -0.302024694199 0.491996324123 -0.208833617134 -0.00253378558823 -0.0852567717358 -0.0165281096636 0.343124843723 -0.271449866704 0.413320259312
# log_recruit_devs:
 -0.0226990497383 -0.209695878746 -0.160698910087 -0.124849040607 0.0704980201871 -0.0268602775521 -0.186521502976 0.251047222363 -0.0418346474854 0.304047594892 0.142394760526 0.245551124795 0.124127081768 0.109509172519 0.228242192655 0.222158655333 -0.304307120540 -0.242710883069 0.126244602063 0.0725754182501 -0.119573927704 -0.141855663257 0.0429928349787 -0.286967880134 -0.127327167890 -0.211522366300 -0.0361685933307 0.117217176059 0.129019154768 0.0579678982587
# log_N_year1_devs:
 0.0959013129205 -0.0489054235049 0.0449063253833 -0.136315535784 0.0619992547729 0.0120246312739 -0.106373575598 -0.0379371959138 -0.0525838409100 0.0679580671491 -0.363852871551
# log_q_year1:
 -7.98392210804
# log_q_devs:
 0.00000000000 0.00000000000 0.00000000000 0.00000000000 0.00000000000 0.00000000000 0.00000000000 0.00000000000 0.00000000000 0.00000000000 0.00000000000 0.00000000000 0.00000000000 0.00000000000 0.00000000000 0.00000000000 0.00000000000 0.00000000000 0.00000000000 0.00000000000 0.00000000000 0.00000000000 0.00000000000 0.00000000000 0.00000000000 0.00000000000 0.00000000000 0.00000000000 0.00000000000
# index_sel_params[1]:
1.56186166102
# index_sel_params[2]:
0.499967618142
# log_SR_scaler:
6.96562173631
# SR_steepness:
0.750000000000
