#######GENERAL HEADER INPUT#######
1
30
1
30
1
30
30
12
1	2	3	4	5	6	7	8	9	10	11	12
12
1	2	3	4	5	6	7	8	9	10	11	12
1
1001
1
1
#######SURVEY DATA#######
30
1	2	3	4	5	6	7	8	9	10	11	12	13	14	15	16	17	18	19	20	21	22	23	24	25	26	27	28	29	30
1.78207581715943	1.44618236187036	1.54323844625162	1.31238470414648	1.66502432362182	1.55742593619688	1.30525787840125	1.12075377507059	1.22435915970091	1.10636063223553	0.959725865368147	1.14329096382421	1.17879043433844	1.24733782898709	1.02710680238013	1.09861262039568	1.0706467774602	0.940532299042848	0.845514916255363	0.750531463063778	0.857233153316777	0.564402951647554	0.729194064638558	0.660261350609239	0.632308537397858	0.793609504704245	0.677380094125325	0.600420491745504	0.567732928522933	0.50011790842315
0.2	0.2	0.2	0.2	0.2	0.2	0.2	0.2	0.2	0.2	0.2	0.2	0.2	0.2	0.2	0.2	0.2	0.2	0.2	0.2	0.2	0.2	0.2	0.2	0.2	0.2	0.2	0.2	0.2	0.2
30
1	2	3	4	5	6	7	8	9	10	11	12	13	14	15	16	17	18	19	20	21	22	23	24	25	26	27	28	29	30
200	200	200	200	200	200	200	200	200	200	200	200	200	200	200	200	200	200	200	200	200	200	200	200	200	200	200	200	200	200
200	200	200	200	200	200	200	200	200	200	200	200	200	200	200	200	200	200	200	200	200	200	200	200	200	200	200	200	200	200
0.06	0.125	0.155	0.155	0.115	0.075	0.09	0.055	0.04	0.02	0.02	0.09
0.055	0.145	0.145	0.1	0.14	0.08	0.055	0.065	0.025	0.025	0.035	0.13
0.055	0.115	0.125	0.105	0.145	0.1	0.105	0.055	0.025	0.035	0.025	0.11
0.055	0.165	0.12	0.145	0.12	0.11	0.035	0.045	0.025	0.045	0.035	0.1
0.07	0.16	0.2	0.085	0.1	0.07	0.06	0.04	0.02	0.04	0.05	0.105
0.065	0.2	0.12	0.145	0.045	0.055	0.09	0.065	0.05	0.025	0.02	0.12
0.04	0.155	0.165	0.12	0.11	0.07	0.065	0.07	0.035	0.015	0.015	0.14
0.1	0.16	0.115	0.13	0.115	0.075	0.045	0.03	0.04	0.055	0.045	0.09
0.065	0.14	0.145	0.14	0.1	0.09	0.06	0.035	0.045	0.035	0.015	0.13
0.06	0.17	0.235	0.135	0.085	0.085	0.05	0.055	0.01	0.02	0.015	0.08
0.085	0.195	0.19	0.135	0.085	0.04	0.08	0.06	0.02	0.02	0.035	0.055
0.08	0.21	0.175	0.115	0.115	0.075	0.06	0.03	0.035	0.025	0.01	0.07
0.07	0.175	0.16	0.14	0.135	0.1	0.065	0.045	0.035	0.015	0.025	0.035
0.07	0.205	0.215	0.11	0.11	0.08	0.07	0.03	0.035	0.035	0.005	0.035
0.085	0.22	0.24	0.125	0.08	0.09	0.035	0.025	0.025	0.01	0.01	0.055
0.085	0.185	0.195	0.15	0.12	0.05	0.045	0.04	0.025	0.025	0.01	0.07
0.085	0.13	0.205	0.18	0.135	0.095	0.035	0.03	0.035	0.01	0.015	0.045
0.135	0.175	0.165	0.135	0.105	0.115	0.035	0.02	0.02	0.03	0.015	0.05
0.115	0.22	0.21	0.07	0.105	0.1	0.06	0.045	0.025	0.01	0.01	0.03
0.12	0.19	0.245	0.14	0.095	0.03	0.085	0.035	0.03	0.005	0	0.025
0.11	0.265	0.19	0.14	0.09	0.05	0.045	0.045	0.03	0.02	0.005	0.01
0.11	0.195	0.23	0.12	0.135	0.09	0.065	0.02	0.015	0	0.005	0.015
0.155	0.19	0.22	0.135	0.1	0.085	0.05	0.01	0.01	0.03	0.01	0.005
0.145	0.255	0.22	0.105	0.095	0.05	0.04	0.01	0.03	0.005	0.02	0.025
0.13	0.29	0.21	0.11	0.125	0.045	0.025	0.025	0.01	0	0.005	0.025
0.165	0.255	0.27	0.11	0.075	0.035	0.025	0.015	0.025	0.005	0	0.02
0.155	0.275	0.22	0.15	0.105	0.01	0.02	0.025	0.02	0.01	0.005	0.005
0.105	0.2	0.295	0.17	0.1	0.075	0.02	0.015	0.02	0	0	0
0.05	0.31	0.215	0.17	0.1	0.055	0.04	0.02	0.01	0.005	0.005	0.02
0.135	0.205	0.275	0.17	0.085	0.04	0.045	0.02	0.015	0	0.005	0.005
#######LANDINGS DATA#######
1
30
160.699558291751	460.8956559119	742.891896568014	954.599158643416	724.765766822313	1241.91846186822	1198.30422896125	2282.36887951786	1194.36620303274	1383.09720900878	1449.32115548994	1437.59182202619	982.529163496	1381.42999203162	1422.35532920315	1219.93034552222	2171.18511690679	1548.57918611495	1432.2054621459	1309.69643318098	1680.06944670247	1116.87628586287	1665.48262629865	1204.23837637814	1132.39998727659	1018.49859321442	1025.23368138138	1385.12116876751	1001.07105877809	1402.11565775833
0.01	0.01	0.01	0.01	0.01	0.01	0.01	0.01	0.01	0.01	0.01	0.01	0.01	0.01	0.01	0.01	0.01	0.01	0.01	0.01	0.01	0.01	0.01	0.01	0.01	0.01	0.01	0.01	0.01	0.01
30
1	2	3	4	5	6	7	8	9	10	11	12	13	14	15	16	17	18	19	20	21	22	23	24	25	26	27	28	29	30
200	200	200	200	200	200	200	200	200	200	200	200	200	200	200	200	200	200	200	200	200	200	200	200	200	200	200	200	200	200
200	200	200	200	200	200	200	200	200	200	200	200	200	200	200	200	200	200	200	200	200	200	200	200	200	200	200	200	200	200
0.07	0.11	0.125	0.11	0.12	0.07	0.065	0.05	0.08	0.045	0.035	0.12
0.03	0.12	0.105	0.095	0.11	0.09	0.05	0.05	0.055	0.07	0.035	0.19
0.065	0.085	0.11	0.14	0.1	0.1	0.045	0.075	0.07	0.045	0.025	0.14
0.06	0.145	0.115	0.12	0.1	0.09	0.065	0.075	0.04	0.05	0.04	0.1
0.045	0.105	0.1	0.095	0.1	0.115	0.06	0.065	0.06	0.035	0.035	0.185
0.06	0.165	0.1	0.1	0.055	0.105	0.075	0.065	0.06	0.06	0.03	0.125
0.065	0.075	0.205	0.135	0.085	0.055	0.075	0.06	0.035	0.02	0.05	0.14
0.08	0.15	0.12	0.15	0.09	0.085	0.055	0.065	0.035	0.035	0.03	0.105
0.1	0.115	0.16	0.125	0.14	0.06	0.09	0.04	0.015	0.025	0.025	0.105
0.09	0.105	0.145	0.14	0.125	0.09	0.07	0.055	0.03	0.02	0.01	0.12
0.06	0.145	0.145	0.165	0.1	0.07	0.06	0.065	0.05	0.015	0.035	0.09
0.08	0.165	0.165	0.135	0.1	0.07	0.085	0.06	0.02	0.02	0.02	0.08
0.125	0.07	0.13	0.15	0.12	0.125	0.03	0.05	0.05	0.015	0.03	0.105
0.12	0.13	0.115	0.11	0.175	0.105	0.04	0.075	0.01	0.015	0.015	0.09
0.085	0.22	0.14	0.11	0.15	0.06	0.045	0.055	0.025	0.035	0.03	0.045
0.14	0.15	0.17	0.145	0.12	0.075	0.05	0.02	0.03	0.025	0.01	0.065
0.12	0.125	0.16	0.185	0.115	0.055	0.05	0.04	0.035	0.01	0.02	0.085
0.195	0.12	0.14	0.11	0.13	0.1	0.07	0.035	0.02	0.03	0.005	0.045
0.11	0.19	0.17	0.14	0.105	0.095	0.045	0.03	0.025	0.02	0.005	0.065
0.135	0.2	0.205	0.15	0.08	0.065	0.06	0.03	0.025	0.02	0.005	0.025
0.08	0.215	0.21	0.17	0.1	0.095	0.035	0.045	0.015	0.01	0	0.025
0.125	0.165	0.22	0.165	0.14	0.07	0.03	0.015	0.035	0.015	0.005	0.015
0.14	0.2	0.17	0.155	0.075	0.085	0.065	0.035	0.015	0.03	0.005	0.025
0.13	0.25	0.165	0.15	0.085	0.08	0.03	0.045	0.005	0.02	0.01	0.03
0.17	0.19	0.2	0.16	0.07	0.1	0.02	0.02	0.025	0.01	0.005	0.03
0.18	0.19	0.265	0.105	0.08	0.06	0.03	0.02	0.035	0.005	0.005	0.025
0.14	0.235	0.205	0.19	0.065	0.07	0.035	0.03	0.005	0.015	0.005	0.005
0.145	0.23	0.275	0.12	0.095	0.03	0.055	0.015	0.01	0	0.005	0.02
0.15	0.25	0.21	0.195	0.09	0.055	0.02	0.01	0.005	0.01	0	0.005
0.15	0.19	0.245	0.195	0.09	0.075	0.025	0.015	0.01	0	0	0.005
#######PARAMETER SECTION#######
800	400	1200	-4	800	-0.25	1
0.18	0.01	1	-4	0.18	-0.25	1
-1.36	-5	-0.001	-4	-1.36	-0.25	1
0.1	0.05	0.3	-4	0.1	-0.25	1
0.2	0.01	0.5	-4	0.2	-0.25	1
0.75	0.20001	1	-3	0.75	-0.25	1
13.815511	-1	200	1	13.815511	-0.25	1
0	-1	1	-4	0	-0.25	1
0.2	1e-04	1.2	-3	0.2	-0.25	1
0	-10	10	-6	0	-1	1
0	-10	10	-6	0	-1	1
2	0	12	2	2	-0.5	1
1	0	12	2	1	-0.5	1
2	0	12	-2	2	-0.5	1
1	0	12	-2	1	-0.5	1
1.5	0	12	2	1.5	-0.5	1
2	0	12	2	2	-0.5	1
-14.8444385212226	-30	5	1	-14.8444385212226	-1	1
1	0.1	2	-1	1	-1	1
-1.54399197800355	-10	1.39	1	-1.54399197800355	-1	1
#######DEV CONSTRAINTS and DEVS#######
-15	15	2
-15	15	2
-15	15	2
0	0	0	0	0	0	0	0	0	0	0	0	0	0	0	0	0	0	0	0	0	0	0	0	0	0	0	0	0	0
0	0	0	0	0	0	0	0	0	0	0	0	0	0	0	0	0	0	0	0	0	0	0	0	0	0	0	0	0	0
0	0	0	0	0	0	0	0	0	0	0
#######LIKELIHOOD WEIGHTS#######
1
1
1
1
0
1
0
0
0
#######MISCELLANEOUS STUFF SECTION#######
2.5e-08
3
0.5	0.5	0.5	0.5	0.5	0.5	0.5	0.5	0.5	0.5	0.5	0.5
0.0229773699100256	0.320821300824607	0.904650535100891	0.994779874306442	0.999738809680904	0.999986992871533	0.999999352405202	0.999999967758134	0.999999998394772	0.99999999992008	0.999999999996021	0.999999999999802
0.2	0.2	0.2	0.2	0.2	0.2	0.2	0.2	0.2	0.2	0.2	0.2
0
1
10
0.2
1
1	0	0	0	0	0	0	0	0	0	0	0
0	1	0	0	0	0	0	0	0	0	0	0
0	0	1	0	0	0	0	0	0	0	0	0
0	0	0	1	0	0	0	0	0	0	0	0
0	0	0	0	1	0	0	0	0	0	0	0
0	0	0	0	0	1	0	0	0	0	0	0
0	0	0	0	0	0	1	0	0	0	0	0
0	0	0	0	0	0	0	1	0	0	0	0
0	0	0	0	0	0	0	0	1	0	0	0
0	0	0	0	0	0	0	0	0	1	0	0
0	0	0	0	0	0	0	0	0	0	1	0
0	0	0	0	0	0	0	0	0	0	0	1
40
31
2
1
#######END OF DATA FILE#######
999
