# Number of parameters = 77  Objective function value = 26170.1  Maximum gradient component = 0.00375804
# sel_params[1]:
1.99377603954
# sel_params[2]:
0.967173094491
# log_Fmult_year1:
 -4.65706058140
# log_Fmult_devs:
 1.06588776863 0.513007829968 0.299953053535 -0.231308612933 0.589286198779 0.0151374812431 0.733284209676 -0.535214151264 0.191022892729 0.126782998213 0.0708274359415 -0.318949688119 0.364897143875 0.0541277294171 -0.116929549653 0.667470625797 -0.213858517195 -0.00540571725151 -0.00563835406589 0.338686070152 -0.314102289884 0.507323747236 -0.186037035240 -0.00198392362816 -0.0944496299918 -0.0361192726304 0.299007677057 -0.297135802157 0.418329281139
# log_recruit_devs:
 -0.0117962405413 0.0910379983775 -0.222776021713 0.0364753892597 0.452621498991 -0.0871304921057 -0.180043650319 0.345913012673 -0.209704071507 0.0801703808944 0.126978641798 0.144217411201 -0.559584847255 -0.434883754685 0.179679640072 -0.180747532448 0.131398118477 -0.0135328830341 0.0244776722017 0.295398948903 -0.223827540811 -0.142516379588 0.212961884194 -0.131869942142 0.203503467315 -0.0855945905694 0.0843505652873 -0.128837310845 0.0927378577759 0.110922770143
# log_N_year1_devs:
 -0.0261338183911 -0.0943236136434 -0.0624644243379 -0.148677736987 -0.0184073090688 -0.0184441892367 -0.0796943085411 0.0445456816712 -0.526559609968 -0.291285271197 -0.0225526757238
# log_q_year1:
 -7.92675760506
# log_q_devs:
 0.00000000000 0.00000000000 0.00000000000 0.00000000000 0.00000000000 0.00000000000 0.00000000000 0.00000000000 0.00000000000 0.00000000000 0.00000000000 0.00000000000 0.00000000000 0.00000000000 0.00000000000 0.00000000000 0.00000000000 0.00000000000 0.00000000000 0.00000000000 0.00000000000 0.00000000000 0.00000000000 0.00000000000 0.00000000000 0.00000000000 0.00000000000 0.00000000000 0.00000000000
# index_sel_params[1]:
1.51685905551
# index_sel_params[2]:
0.486661827248
# log_SR_scaler:
6.90036526282
# SR_steepness:
0.750000000000
