#######GENERAL HEADER INPUT#######
1
30
1
30
1
30
30
12
1	2	3	4	5	6	7	8	9	10	11	12
12
1	2	3	4	5	6	7	8	9	10	11	12
1
1001
1
1
#######SURVEY DATA#######
30
1	2	3	4	5	6	7	8	9	10	11	12	13	14	15	16	17	18	19	20	21	22	23	24	25	26	27	28	29	30
1.56372954698792	1.35370520896151	1.64579395496363	1.36000025973867	1.41705681178005	1.50714069240813	1.16727792849873	1.34218654374621	1.17185405875809	1.26026162483041	1.20702210432561	1.07122196398974	1.02035983938344	0.971610343270438	0.899028997892876	1.12429883680016	0.922104173710843	0.956736479698527	0.829384811821301	0.714612572777065	0.860120294653002	0.79643958315448	0.705744768060421	0.686011405813676	0.611220369692971	0.588232783022091	0.566306037112219	0.604872330488779	0.486832700431319	0.49639180216881
0.2	0.2	0.2	0.2	0.2	0.2	0.2	0.2	0.2	0.2	0.2	0.2	0.2	0.2	0.2	0.2	0.2	0.2	0.2	0.2	0.2	0.2	0.2	0.2	0.2	0.2	0.2	0.2	0.2	0.2
30
1	2	3	4	5	6	7	8	9	10	11	12	13	14	15	16	17	18	19	20	21	22	23	24	25	26	27	28	29	30
200	200	200	200	200	200	200	200	200	200	200	200	200	200	200	200	200	200	200	200	200	200	200	200	200	200	200	200	200	200
200	200	200	200	200	200	200	200	200	200	200	200	200	200	200	200	200	200	200	200	200	200	200	200	200	200	200	200	200	200
0.055	0.12	0.19	0.13	0.08	0.08	0.07	0.04	0.05	0.02	0.03	0.135
0.085	0.115	0.145	0.105	0.08	0.09	0.05	0.105	0.035	0.03	0.04	0.12
0.075	0.15	0.125	0.125	0.09	0.07	0.055	0.045	0.055	0.05	0.02	0.14
0.05	0.12	0.18	0.095	0.08	0.095	0.055	0.065	0.05	0.035	0.025	0.15
0.03	0.22	0.16	0.125	0.055	0.075	0.055	0.035	0.045	0.045	0.03	0.125
0.055	0.095	0.205	0.135	0.095	0.06	0.055	0.04	0.035	0.045	0.04	0.14
0.065	0.13	0.13	0.145	0.08	0.065	0.08	0.045	0.055	0.035	0.03	0.14
0.095	0.09	0.095	0.065	0.185	0.11	0.06	0.03	0.07	0.025	0.025	0.15
0.055	0.245	0.095	0.16	0.055	0.12	0.055	0.05	0.025	0.035	0.02	0.085
0.075	0.165	0.19	0.11	0.08	0.05	0.08	0.055	0.02	0.04	0.01	0.125
0.065	0.2	0.115	0.2	0.06	0.09	0.025	0.075	0.03	0.03	0.025	0.085
0.08	0.125	0.215	0.11	0.145	0.075	0.055	0.015	0.07	0.04	0.015	0.055
0.13	0.2	0.11	0.135	0.11	0.11	0.045	0.05	0.005	0.035	0.02	0.05
0.095	0.175	0.17	0.1	0.11	0.115	0.05	0.03	0.025	0.005	0.03	0.095
0.09	0.15	0.205	0.19	0.08	0.07	0.06	0.055	0.025	0.01	0.01	0.055
0.14	0.145	0.145	0.17	0.105	0.06	0.045	0.045	0.035	0.005	0.02	0.085
0.1	0.29	0.15	0.105	0.115	0.055	0.065	0.04	0.02	0.02	0.005	0.035
0.07	0.25	0.215	0.11	0.105	0.075	0.07	0.02	0.015	0.02	0.01	0.04
0.06	0.185	0.2	0.235	0.105	0.035	0.05	0.04	0.02	0.01	0.02	0.04
0.11	0.15	0.195	0.145	0.175	0.1	0.015	0.04	0.025	0.01	0.01	0.025
0.14	0.2	0.185	0.1	0.105	0.13	0.035	0.015	0.04	0.02	0.01	0.02
0.1	0.315	0.125	0.155	0.1	0.05	0.045	0.04	0.02	0.015	0.01	0.025
0.145	0.19	0.245	0.14	0.11	0.04	0.05	0.025	0.02	0.01	0.005	0.02
0.12	0.25	0.2	0.19	0.045	0.095	0.03	0.035	0.02	0	0	0.015
0.125	0.235	0.285	0.105	0.105	0.035	0.035	0.01	0.03	0.02	0	0.015
0.125	0.23	0.155	0.23	0.1	0.075	0.03	0.02	0.005	0.01	0.005	0.015
0.14	0.195	0.24	0.145	0.095	0.05	0.045	0.03	0.015	0	0.025	0.02
0.125	0.225	0.23	0.15	0.105	0.08	0.03	0.015	0.015	0.005	0.01	0.01
0.11	0.285	0.19	0.155	0.11	0.065	0.05	0.01	0.01	0.005	0	0.01
0.105	0.21	0.305	0.12	0.105	0.045	0.03	0.025	0.015	0.015	0.005	0.02
#######LANDINGS DATA#######
1
30
160.47650990118	464.773365283231	746.055741991464	967.593352869742	745.713886170284	1299.54238812487	1249.31549087444	2331.84559888621	1228.78312580143	1404.76277560013	1458.23189720749	1440.7462367864	979.047518138559	1362.6683838008	1381.09650867567	1186.93686888668	2151.08251107868	1589.38889845105	1477.41595358205	1333.04195313586	1700.32939452093	1127.93004092789	1683.74848069105	1233.48648585566	1172.18780989973	1010.61511318225	966.044147218873	1282.31457585717	924.817808411701	1325.66064941919
0.01	0.01	0.01	0.01	0.01	0.01	0.01	0.01	0.01	0.01	0.01	0.01	0.01	0.01	0.01	0.01	0.01	0.01	0.01	0.01	0.01	0.01	0.01	0.01	0.01	0.01	0.01	0.01	0.01	0.01
30
1	2	3	4	5	6	7	8	9	10	11	12	13	14	15	16	17	18	19	20	21	22	23	24	25	26	27	28	29	30
200	200	200	200	200	200	200	200	200	200	200	200	200	200	200	200	200	200	200	200	200	200	200	200	200	200	200	200	200	200
200	200	200	200	200	200	200	200	200	200	200	200	200	200	200	200	200	200	200	200	200	200	200	200	200	200	200	200	200	200
0.05	0.125	0.1	0.17	0.13	0.065	0.095	0.05	0.05	0.03	0.025	0.11
0.08	0.09	0.145	0.1	0.145	0.095	0.05	0.07	0.055	0.04	0.015	0.115
0.045	0.135	0.135	0.14	0.095	0.06	0.08	0.055	0.03	0.045	0.03	0.15
0.1	0.065	0.135	0.13	0.105	0.09	0.06	0.04	0.07	0.05	0.01	0.145
0.045	0.18	0.15	0.095	0.075	0.095	0.07	0.04	0.04	0.035	0.04	0.135
0.085	0.05	0.195	0.135	0.1	0.11	0.045	0.065	0.035	0.045	0.03	0.105
0.055	0.105	0.085	0.205	0.115	0.115	0.075	0.025	0.06	0.025	0.045	0.09
0.105	0.115	0.155	0.065	0.13	0.09	0.06	0.05	0.03	0.05	0.02	0.13
0.095	0.145	0.11	0.1	0.075	0.135	0.035	0.085	0.035	0.025	0.035	0.125
0.08	0.14	0.15	0.095	0.095	0.05	0.15	0.055	0.035	0.025	0.035	0.09
0.05	0.16	0.12	0.175	0.145	0.075	0.04	0.06	0.02	0.04	0.01	0.105
0.135	0.1	0.145	0.1	0.15	0.075	0.04	0.06	0.025	0.02	0.055	0.095
0.12	0.17	0.115	0.155	0.09	0.08	0.065	0.025	0.01	0.025	0.045	0.1
0.115	0.185	0.145	0.1	0.1	0.09	0.095	0.04	0.035	0.005	0.025	0.065
0.11	0.155	0.145	0.185	0.11	0.05	0.05	0.07	0.025	0.02	0.005	0.075
0.15	0.185	0.17	0.13	0.095	0.05	0.07	0.05	0.03	0.02	0.005	0.045
0.145	0.195	0.185	0.11	0.13	0.06	0.045	0.02	0.035	0.025	0	0.05
0.09	0.17	0.245	0.145	0.045	0.09	0.05	0.035	0.035	0.005	0.035	0.055
0.095	0.175	0.175	0.16	0.14	0.07	0.045	0.05	0.01	0.005	0.02	0.055
0.145	0.125	0.15	0.15	0.145	0.095	0.07	0.05	0.02	0.025	0.01	0.015
0.145	0.14	0.155	0.135	0.15	0.1	0.035	0.04	0.025	0.02	0.02	0.035
0.105	0.19	0.175	0.145	0.15	0.07	0.06	0.025	0.025	0.02	0.025	0.01
0.155	0.145	0.205	0.14	0.1	0.08	0.05	0.055	0.025	0.015	0.005	0.025
0.155	0.24	0.17	0.155	0.065	0.06	0.04	0.02	0.05	0.02	0.005	0.02
0.17	0.19	0.205	0.165	0.095	0.05	0.06	0.02	0.01	0.01	0.02	0.005
0.13	0.2	0.205	0.19	0.075	0.09	0.025	0.025	0.015	0.015	0.01	0.02
0.145	0.215	0.145	0.14	0.155	0.075	0.045	0.03	0.02	0.005	0.005	0.02
0.195	0.18	0.195	0.17	0.11	0.065	0.025	0.02	0.015	0.01	0.005	0.01
0.16	0.23	0.19	0.155	0.07	0.055	0.05	0.035	0.025	0.01	0.01	0.01
0.17	0.225	0.23	0.175	0.075	0.045	0.05	0.01	0	0.02	0	0
#######PARAMETER SECTION#######
800	400	1200	-4	800	-0.25	1
0.18	0.01	1	-4	0.18	-0.25	1
-1.36	-5	-0.001	-4	-1.36	-0.25	1
0.1	0.05	0.3	-4	0.1	-0.25	1
0.2	0.01	0.5	-4	0.2	-0.25	1
0.75	0.20001	1	-3	0.75	-0.25	1
13.815511	-1	200	1	13.815511	-0.25	1
0	-1	1	-4	0	-0.25	1
0.2	1e-04	1.2	-3	0.2	-0.25	1
0	-10	10	-6	0	-1	1
0	-10	10	-6	0	-1	1
2	0	12	2	2	-0.5	1
1	0	12	2	1	-0.5	1
2	0	12	-2	2	-0.5	1
1	0	12	-2	1	-0.5	1
1.5	0	12	2	1.5	-0.5	1
2	0	12	2	2	-0.5	1
-14.8500405134991	-30	5	1	-14.8500405134991	-1	1
1	0.1	2	-1	1	-1	1
-1.54399197800355	-10	1.39	1	-1.54399197800355	-1	1
#######DEV CONSTRAINTS and DEVS#######
-15	15	2
-15	15	2
-15	15	2
0	0	0	0	0	0	0	0	0	0	0	0	0	0	0	0	0	0	0	0	0	0	0	0	0	0	0	0	0	0
0	0	0	0	0	0	0	0	0	0	0	0	0	0	0	0	0	0	0	0	0	0	0	0	0	0	0	0	0	0
0	0	0	0	0	0	0	0	0	0	0
#######LIKELIHOOD WEIGHTS#######
1
1
1
1
0
1
0
0
0
#######MISCELLANEOUS STUFF SECTION#######
2.5e-08
3
0.5	0.5	0.5	0.5	0.5	0.5	0.5	0.5	0.5	0.5	0.5	0.5
0.0229773699100256	0.320821300824607	0.904650535100891	0.994779874306442	0.999738809680904	0.999986992871533	0.999999352405202	0.999999967758134	0.999999998394772	0.99999999992008	0.999999999996021	0.999999999999802
0.2	0.2	0.2	0.2	0.2	0.2	0.2	0.2	0.2	0.2	0.2	0.2
0
1
10
0.2
1
1	0	0	0	0	0	0	0	0	0	0	0
0	1	0	0	0	0	0	0	0	0	0	0
0	0	1	0	0	0	0	0	0	0	0	0
0	0	0	1	0	0	0	0	0	0	0	0
0	0	0	0	1	0	0	0	0	0	0	0
0	0	0	0	0	1	0	0	0	0	0	0
0	0	0	0	0	0	1	0	0	0	0	0
0	0	0	0	0	0	0	1	0	0	0	0
0	0	0	0	0	0	0	0	1	0	0	0
0	0	0	0	0	0	0	0	0	1	0	0
0	0	0	0	0	0	0	0	0	0	1	0
0	0	0	0	0	0	0	0	0	0	0	1
40
31
2
1
#######END OF DATA FILE#######
999
