#######GENERAL HEADER INPUT#######
1
30
1
30
1
30
30
12
1	2	3	4	5	6	7	8	9	10	11	12
12
1	2	3	4	5	6	7	8	9	10	11	12
1
1001
1
1
#######SURVEY DATA#######
30
1	2	3	4	5	6	7	8	9	10	11	12	13	14	15	16	17	18	19	20	21	22	23	24	25	26	27	28	29	30
1.3804373605667	1.34843794105219	1.39968062708166	1.46717613170301	1.62717047839861	1.48626537336036	1.52735083591059	1.29827915913061	1.20473053346039	1.1485733588809	1.12773413847974	1.16022321928645	1.11667972247738	1.22855714782423	1.11266582862441	1.01548838680087	0.900979997429961	0.903529384293122	0.857705798442898	0.817919147823217	0.756818718671866	0.934653761478165	0.651682581715367	0.624410206654233	0.592077880193298	0.624186788989573	0.622969527275793	0.572995756075876	0.622386459026516	0.525988419138506
0.2	0.2	0.2	0.2	0.2	0.2	0.2	0.2	0.2	0.2	0.2	0.2	0.2	0.2	0.2	0.2	0.2	0.2	0.2	0.2	0.2	0.2	0.2	0.2	0.2	0.2	0.2	0.2	0.2	0.2
30
1	2	3	4	5	6	7	8	9	10	11	12	13	14	15	16	17	18	19	20	21	22	23	24	25	26	27	28	29	30
200	200	200	200	200	200	200	200	200	200	200	200	200	200	200	200	200	200	200	200	200	200	200	200	200	200	200	200	200	200
200	200	200	200	200	200	200	200	200	200	200	200	200	200	200	200	200	200	200	200	200	200	200	200	200	200	200	200	200	200
0.065	0.14	0.155	0.09	0.105	0.085	0.05	0.065	0.08	0.045	0.025	0.095
0.035	0.2	0.08	0.11	0.15	0.06	0.05	0.075	0.045	0.03	0.01	0.155
0.105	0.155	0.125	0.09	0.095	0.08	0.06	0.035	0.01	0.035	0.05	0.16
0.04	0.17	0.115	0.11	0.12	0.06	0.09	0.03	0.03	0.03	0.04	0.165
0.075	0.115	0.18	0.11	0.105	0.075	0.07	0.055	0.065	0.01	0.03	0.11
0.06	0.12	0.155	0.12	0.1	0.1	0.055	0.04	0.06	0.055	0.02	0.115
0.08	0.155	0.16	0.14	0.11	0.105	0.05	0.04	0.05	0.03	0.02	0.06
0.13	0.11	0.12	0.145	0.105	0.105	0.07	0.035	0.04	0.055	0.01	0.075
0.075	0.19	0.14	0.09	0.115	0.08	0.08	0.09	0.025	0.025	0.01	0.08
0.115	0.12	0.235	0.135	0.085	0.065	0.055	0.035	0.03	0.025	0.02	0.08
0.07	0.25	0.13	0.175	0.1	0.06	0.045	0.025	0.035	0.03	0	0.08
0.05	0.16	0.255	0.12	0.085	0.07	0.035	0.035	0.03	0.04	0.015	0.105
0.095	0.18	0.17	0.205	0.065	0.04	0.09	0.02	0.05	0.025	0.025	0.035
0.075	0.215	0.145	0.135	0.155	0.045	0.045	0.06	0.035	0.02	0.015	0.055
0.06	0.15	0.19	0.115	0.085	0.165	0.04	0.04	0.025	0.01	0.01	0.11
0.1	0.175	0.22	0.13	0.085	0.04	0.075	0.045	0.035	0.025	0.005	0.065
0.05	0.2	0.19	0.145	0.125	0.09	0.025	0.055	0.005	0.02	0.025	0.07
0.11	0.215	0.165	0.145	0.095	0.09	0.06	0.01	0.045	0.025	0.015	0.025
0.11	0.275	0.09	0.145	0.075	0.07	0.07	0.035	0.025	0.045	0.01	0.05
0.115	0.265	0.23	0.09	0.11	0.06	0.03	0.025	0.03	0	0.025	0.02
0.1	0.23	0.235	0.17	0.08	0.065	0.02	0.015	0.03	0.005	0.005	0.045
0.145	0.21	0.21	0.185	0.115	0.035	0.03	0.01	0.015	0.01	0.01	0.025
0.08	0.375	0.165	0.14	0.06	0.075	0.04	0.03	0.005	0.01	0.005	0.015
0.15	0.195	0.28	0.135	0.06	0.075	0.04	0.01	0.015	0.005	0.005	0.03
0.135	0.265	0.17	0.185	0.065	0.07	0.04	0.045	0.01	0.005	0	0.01
0.06	0.33	0.225	0.115	0.125	0.055	0.025	0.015	0.02	0	0.01	0.02
0.075	0.215	0.225	0.205	0.09	0.1	0.035	0.015	0.02	0.005	0.005	0.01
0.105	0.21	0.215	0.175	0.135	0.075	0.045	0.005	0.015	0	0.015	0.005
0.14	0.225	0.18	0.16	0.1	0.095	0.045	0.02	0.015	0.015	0	0.005
0.1	0.235	0.255	0.135	0.105	0.09	0.035	0.01	0.025	0.01	0	0
#######LANDINGS DATA#######
1
30
161.465652126893	458.062358817588	751.25549435805	977.692084567757	761.528681530364	1326.110235545	1270.65700106971	2466.89386982385	1328.52144497866	1549.12307978102	1669.61607803221	1693.85531429591	1189.3374177692	1670.28649616717	1672.28933828263	1391.69934517613	2395.26050126986	1673.60681553454	1514.11996968889	1395.83757665425	1817.50530258909	1251.49126500034	1900.5918541235	1412.94631536777	1323.03717217126	1161.2495138033	1087.77129254254	1431.3556976326	976.931304568424	1348.92376017455
0.01	0.01	0.01	0.01	0.01	0.01	0.01	0.01	0.01	0.01	0.01	0.01	0.01	0.01	0.01	0.01	0.01	0.01	0.01	0.01	0.01	0.01	0.01	0.01	0.01	0.01	0.01	0.01	0.01	0.01
30
1	2	3	4	5	6	7	8	9	10	11	12	13	14	15	16	17	18	19	20	21	22	23	24	25	26	27	28	29	30
200	200	200	200	200	200	200	200	200	200	200	200	200	200	200	200	200	200	200	200	200	200	200	200	200	200	200	200	200	200
200	200	200	200	200	200	200	200	200	200	200	200	200	200	200	200	200	200	200	200	200	200	200	200	200	200	200	200	200	200
0.095	0.125	0.135	0.08	0.105	0.09	0.08	0.07	0.045	0.03	0.035	0.11
0.09	0.085	0.105	0.15	0.115	0.085	0.075	0.035	0.065	0.05	0.025	0.12
0.07	0.11	0.125	0.125	0.1	0.08	0.08	0.06	0.06	0.02	0.03	0.14
0.095	0.145	0.115	0.09	0.075	0.06	0.09	0.055	0.05	0.055	0.03	0.14
0.095	0.125	0.165	0.075	0.09	0.075	0.055	0.075	0.06	0.02	0.03	0.135
0.07	0.09	0.105	0.22	0.1	0.055	0.055	0.045	0.055	0.04	0.015	0.15
0.12	0.115	0.14	0.115	0.095	0.08	0.05	0.05	0.08	0.025	0.03	0.1
0.085	0.135	0.105	0.15	0.09	0.11	0.065	0.08	0.035	0.045	0.015	0.085
0.075	0.13	0.14	0.14	0.11	0.115	0.065	0.03	0.05	0.005	0.035	0.105
0.12	0.13	0.155	0.155	0.09	0.08	0.095	0.05	0.04	0.01	0	0.075
0.105	0.235	0.12	0.085	0.12	0.06	0.065	0.04	0.045	0.025	0.03	0.07
0.09	0.135	0.2	0.1	0.11	0.115	0.03	0.08	0.01	0.02	0.035	0.075
0.105	0.135	0.195	0.205	0.075	0.055	0.06	0.025	0.055	0.02	0.03	0.04
0.06	0.155	0.13	0.17	0.135	0.075	0.085	0.055	0.03	0.015	0.01	0.08
0.115	0.165	0.18	0.11	0.08	0.14	0.04	0.04	0.05	0.025	0.015	0.04
0.085	0.135	0.18	0.155	0.12	0.095	0.07	0.04	0.04	0.02	0.01	0.05
0.13	0.125	0.155	0.125	0.115	0.105	0.065	0.06	0.03	0.025	0.015	0.05
0.12	0.14	0.1	0.135	0.11	0.105	0.105	0.04	0.05	0.025	0.03	0.04
0.1	0.245	0.15	0.125	0.08	0.12	0.05	0.035	0.02	0.025	0.01	0.04
0.105	0.18	0.22	0.105	0.095	0.06	0.05	0.085	0.015	0.045	0.02	0.02
0.095	0.215	0.14	0.2	0.075	0.09	0.04	0.03	0.04	0.02	0.025	0.03
0.19	0.13	0.2	0.145	0.13	0.055	0.04	0.02	0.015	0.02	0.02	0.035
0.06	0.25	0.205	0.14	0.145	0.09	0.025	0.025	0.02	0.005	0.02	0.015
0.155	0.15	0.285	0.135	0.13	0.04	0.055	0.02	0.01	0.005	0.005	0.01
0.185	0.2	0.14	0.21	0.095	0.09	0.025	0.03	0.005	0.005	0.01	0.005
0.185	0.19	0.23	0.08	0.125	0.07	0.03	0.04	0.02	0.01	0.005	0.015
0.14	0.205	0.225	0.19	0.095	0.075	0.015	0.02	0.01	0.005	0.01	0.01
0.185	0.175	0.165	0.215	0.115	0.04	0.05	0.025	0.005	0.005	0.01	0.01
0.12	0.215	0.145	0.195	0.13	0.085	0.03	0.035	0.01	0.015	0.01	0.01
0.16	0.19	0.215	0.15	0.07	0.115	0.04	0.02	0.02	0.005	0	0.015
#######PARAMETER SECTION#######
800	400	1200	-4	800	-0.25	1
0.18	0.01	1	-4	0.18	-0.25	1
-1.36	-5	-0.001	-4	-1.36	-0.25	1
0.1	0.05	0.3	-4	0.1	-0.25	1
0.2	0.01	0.5	-4	0.2	-0.25	1
0.75	0.20001	1	-3	0.75	-0.25	1
13.815511	-1	200	1	13.815511	-0.25	1
0	-1	1	-4	0	-0.25	1
0.2	1e-04	1.2	-3	0.2	-0.25	1
0	-10	10	-6	0	-1	1
0	-10	10	-6	0	-1	1
2	0	12	2	2	-0.5	1
1	0	12	2	1	-0.5	1
2	0	12	-2	2	-0.5	1
1	0	12	-2	1	-0.5	1
1.5	0	12	2	1.5	-0.5	1
2	0	12	2	2	-0.5	1
-14.9402620067888	-30	5	1	-14.9402620067888	-1	1
1	0.1	2	-1	1	-1	1
-1.54399197800355	-10	1.39	1	-1.54399197800355	-1	1
#######DEV CONSTRAINTS and DEVS#######
-15	15	2
-15	15	2
-15	15	2
0	0	0	0	0	0	0	0	0	0	0	0	0	0	0	0	0	0	0	0	0	0	0	0	0	0	0	0	0	0
0	0	0	0	0	0	0	0	0	0	0	0	0	0	0	0	0	0	0	0	0	0	0	0	0	0	0	0	0	0
0	0	0	0	0	0	0	0	0	0	0
#######LIKELIHOOD WEIGHTS#######
1
1
1
1
0
1
0
0
0
#######MISCELLANEOUS STUFF SECTION#######
2.5e-08
3
0.5	0.5	0.5	0.5	0.5	0.5	0.5	0.5	0.5	0.5	0.5	0.5
0.0229773699100256	0.320821300824607	0.904650535100891	0.994779874306442	0.999738809680904	0.999986992871533	0.999999352405202	0.999999967758134	0.999999998394772	0.99999999992008	0.999999999996021	0.999999999999802
0.2	0.2	0.2	0.2	0.2	0.2	0.2	0.2	0.2	0.2	0.2	0.2
0
1
10
0.2
1
1	0	0	0	0	0	0	0	0	0	0	0
0	1	0	0	0	0	0	0	0	0	0	0
0	0	1	0	0	0	0	0	0	0	0	0
0	0	0	1	0	0	0	0	0	0	0	0
0	0	0	0	1	0	0	0	0	0	0	0
0	0	0	0	0	1	0	0	0	0	0	0
0	0	0	0	0	0	1	0	0	0	0	0
0	0	0	0	0	0	0	1	0	0	0	0
0	0	0	0	0	0	0	0	1	0	0	0
0	0	0	0	0	0	0	0	0	1	0	0
0	0	0	0	0	0	0	0	0	0	1	0
0	0	0	0	0	0	0	0	0	0	0	1
40
31
2
1
#######END OF DATA FILE#######
999
