#styr												
1
#endyr												
30
#rec_age										
1															
#n_ages										
12
# numbers of length intervals
81
#Length	bin
10	11	12	13	14	15	16	17	18	19	20	21	22	23	24	25	26	27	28	29	30	31	32	33	34	35	36	37	38	39	40	41	42	43	44	45	46	47	48	49	50	51	52	53	54	55	56	57	58	59	60	61	62	63	64	65	66	67	68	69	70	71	72	73	74	75	76	77	78	79	80	81	82	83	84	85	86	87	88	89	90
#nfsh
1
#names_fsh
FLEET1												
#catch												
161.842451321589	461.452813128737	742.292300236944	970.265360574107	742.27873687442	1278.34359488661	1220.81253620717	2321.5823625926	1242.64318514614	1448.01695010156	1545.24180642489	1561.12078765205	1064.72052931133	1465.49944152626	1467.72446470984	1274.83069509386	2328.59413571199	1706.10244664891	1546.41036019623	1390.7624956346	1756.24959486673	1180.1748934741	1763.20929952815	1279.61729768539	1165.28511348493	1023.23213033716	992.58022286457	1336.00365096905	959.40801132314	1363.26837065025
#catch_cv											
0.01	0.01	0.01	0.01	0.01	0.01	0.01	0.01	0.01	0.01	0.01	0.01	0.01	0.01	0.01	0.01	0.01	0.01	0.01	0.01	0.01	0.01	0.01	0.01	0.01	0.01	0.01	0.01	0.01	0.01
#n_ages_fsh								
30		
#n_lengths_fsh								
0															
#yrs_ages_fsh								
1	2	3	4	5	6	7	8	9	10	11	12	13	14	15	16	17	18	19	20	21	22	23	24	25	26	27	28	29	30	
#sample_ages_fsh							
200	200	200	200	200	200	200	200	200	200	200	200	200	200	200	200	200	200	200	200	200	200	200	200	200	200	200	200	200	200
#page_fsh	2	3	4	5	6	7	8	9	10	11						
0.1	0.04	0.12	0.125	0.1	0.12	0.07	0.065	0.035	0.03	0.04	0.155
0.065	0.12	0.135	0.14	0.095	0.075	0.05	0.08	0.035	0.035	0.03	0.14
0.1	0.13	0.135	0.135	0.105	0.095	0.075	0.04	0.015	0.035	0.02	0.115
0.05	0.11	0.18	0.13	0.09	0.075	0.06	0.06	0.05	0.025	0.025	0.145
0.085	0.125	0.14	0.125	0.085	0.07	0.065	0.04	0.025	0.06	0.01	0.17
0.07	0.09	0.13	0.1	0.1	0.055	0.095	0.08	0.09	0.055	0.025	0.11
0.08	0.155	0.155	0.115	0.105	0.04	0.045	0.04	0.055	0.045	0.035	0.13
0.115	0.095	0.185	0.115	0.07	0.11	0.06	0.04	0.035	0.03	0.015	0.13
0.11	0.185	0.115	0.155	0.11	0.105	0.04	0.035	0.02	0.02	0.01	0.095
0.105	0.135	0.2	0.11	0.115	0.06	0.04	0.06	0.03	0.02	0.025	0.1
0.035	0.15	0.175	0.16	0.085	0.105	0.045	0.065	0.015	0.005	0.025	0.135
0.07	0.145	0.195	0.115	0.145	0.05	0.04	0.07	0.04	0.03	0.01	0.09
0.085	0.075	0.135	0.195	0.105	0.135	0.065	0.055	0.045	0.04	0.02	0.045
0.08	0.16	0.1	0.14	0.135	0.12	0.11	0.02	0.035	0.015	0.01	0.075
0.12	0.18	0.15	0.095	0.1	0.125	0.085	0.03	0.035	0.015	0.02	0.045
0.15	0.15	0.145	0.105	0.08	0.05	0.08	0.08	0.08	0.01	0.01	0.06
0.075	0.13	0.265	0.115	0.125	0.04	0.06	0.08	0.03	0.015	0.02	0.045
0.08	0.14	0.285	0.175	0.1	0.07	0.025	0.02	0.025	0.02	0.025	0.035
0.07	0.15	0.145	0.175	0.16	0.075	0.07	0.015	0.03	0.04	0.025	0.045
0.2	0.18	0.135	0.125	0.135	0.085	0.025	0.055	0.02	0.02	0	0.02
0.1	0.24	0.14	0.135	0.115	0.09	0.08	0.02	0.005	0.015	0.015	0.045
0.15	0.15	0.27	0.125	0.075	0.06	0.05	0.05	0.04	0.015	0	0.015
0.115	0.18	0.17	0.235	0.105	0.065	0.04	0.035	0.04	0	0	0.015
0.135	0.17	0.185	0.15	0.14	0.07	0.03	0.035	0.03	0.025	0.015	0.015
0.17	0.245	0.21	0.125	0.075	0.09	0.03	0.01	0.01	0.005	0.01	0.02
0.16	0.165	0.215	0.15	0.11	0.1	0.05	0.01	0.01	0.005	0.01	0.015
0.175	0.175	0.205	0.195	0.105	0.06	0.02	0.03	0.005	0.005	0.005	0.02
0.115	0.25	0.16	0.18	0.115	0.09	0.03	0.025	0.015	0.01	0	0.01
0.2	0.205	0.18	0.195	0.08	0.06	0.03	0.02	0	0.015	0	0.015
0.15	0.275	0.21	0.175	0.055	0.045	0.03	0.01	0.015	0.015	0.01	0.01
#wt_age_fsh	1 2	3	4	5	6	7	8	9	10	11						
0.000530656	0.001196328	0.002058265	0.003034987	0.004055212	0.005064698	0.006026226	0.006916921	0.007724891	0.008446113	0.009081853	0.009636695
0.000530656	0.001196328	0.002058265	0.003034987	0.004055212	0.005064698	0.006026226	0.006916921	0.007724891	0.008446113	0.009081853	0.009636695
0.000530656	0.001196328	0.002058265	0.003034987	0.004055212	0.005064698	0.006026226	0.006916921	0.007724891	0.008446113	0.009081853	0.009636695
0.000530656	0.001196328	0.002058265	0.003034987	0.004055212	0.005064698	0.006026226	0.006916921	0.007724891	0.008446113	0.009081853	0.009636695
0.000530656	0.001196328	0.002058265	0.003034987	0.004055212	0.005064698	0.006026226	0.006916921	0.007724891	0.008446113	0.009081853	0.009636695
0.000530656	0.001196328	0.002058265	0.003034987	0.004055212	0.005064698	0.006026226	0.006916921	0.007724891	0.008446113	0.009081853	0.009636695
0.000530656	0.001196328	0.002058265	0.003034987	0.004055212	0.005064698	0.006026226	0.006916921	0.007724891	0.008446113	0.009081853	0.009636695
0.000530656	0.001196328	0.002058265	0.003034987	0.004055212	0.005064698	0.006026226	0.006916921	0.007724891	0.008446113	0.009081853	0.009636695
0.000530656	0.001196328	0.002058265	0.003034987	0.004055212	0.005064698	0.006026226	0.006916921	0.007724891	0.008446113	0.009081853	0.009636695
0.000530656	0.001196328	0.002058265	0.003034987	0.004055212	0.005064698	0.006026226	0.006916921	0.007724891	0.008446113	0.009081853	0.009636695
0.000530656	0.001196328	0.002058265	0.003034987	0.004055212	0.005064698	0.006026226	0.006916921	0.007724891	0.008446113	0.009081853	0.009636695
0.000530656	0.001196328	0.002058265	0.003034987	0.004055212	0.005064698	0.006026226	0.006916921	0.007724891	0.008446113	0.009081853	0.009636695
0.000530656	0.001196328	0.002058265	0.003034987	0.004055212	0.005064698	0.006026226	0.006916921	0.007724891	0.008446113	0.009081853	0.009636695
0.000530656	0.001196328	0.002058265	0.003034987	0.004055212	0.005064698	0.006026226	0.006916921	0.007724891	0.008446113	0.009081853	0.009636695
0.000530656	0.001196328	0.002058265	0.003034987	0.004055212	0.005064698	0.006026226	0.006916921	0.007724891	0.008446113	0.009081853	0.009636695
0.000530656	0.001196328	0.002058265	0.003034987	0.004055212	0.005064698	0.006026226	0.006916921	0.007724891	0.008446113	0.009081853	0.009636695
0.000530656	0.001196328	0.002058265	0.003034987	0.004055212	0.005064698	0.006026226	0.006916921	0.007724891	0.008446113	0.009081853	0.009636695
0.000530656	0.001196328	0.002058265	0.003034987	0.004055212	0.005064698	0.006026226	0.006916921	0.007724891	0.008446113	0.009081853	0.009636695
0.000530656	0.001196328	0.002058265	0.003034987	0.004055212	0.005064698	0.006026226	0.006916921	0.007724891	0.008446113	0.009081853	0.009636695
0.000530656	0.001196328	0.002058265	0.003034987	0.004055212	0.005064698	0.006026226	0.006916921	0.007724891	0.008446113	0.009081853	0.009636695
0.000530656	0.001196328	0.002058265	0.003034987	0.004055212	0.005064698	0.006026226	0.006916921	0.007724891	0.008446113	0.009081853	0.009636695
0.000530656	0.001196328	0.002058265	0.003034987	0.004055212	0.005064698	0.006026226	0.006916921	0.007724891	0.008446113	0.009081853	0.009636695
0.000530656	0.001196328	0.002058265	0.003034987	0.004055212	0.005064698	0.006026226	0.006916921	0.007724891	0.008446113	0.009081853	0.009636695
0.000530656	0.001196328	0.002058265	0.003034987	0.004055212	0.005064698	0.006026226	0.006916921	0.007724891	0.008446113	0.009081853	0.009636695
0.000530656	0.001196328	0.002058265	0.003034987	0.004055212	0.005064698	0.006026226	0.006916921	0.007724891	0.008446113	0.009081853	0.009636695
0.000530656	0.001196328	0.002058265	0.003034987	0.004055212	0.005064698	0.006026226	0.006916921	0.007724891	0.008446113	0.009081853	0.009636695
0.000530656	0.001196328	0.002058265	0.003034987	0.004055212	0.005064698	0.006026226	0.006916921	0.007724891	0.008446113	0.009081853	0.009636695
0.000530656	0.001196328	0.002058265	0.003034987	0.004055212	0.005064698	0.006026226	0.006916921	0.007724891	0.008446113	0.009081853	0.009636695
0.000530656	0.001196328	0.002058265	0.003034987	0.004055212	0.005064698	0.006026226	0.006916921	0.007724891	0.008446113	0.009081853	0.009636695
0.000530656	0.001196328	0.002058265	0.003034987	0.004055212	0.005064698	0.006026226	0.006916921	0.007724891	0.008446113	0.009081853	0.009636695
#nind
1
#ind_names									
SURVEY1									
#nobs_ind
30
#yrs_ind											
1	2	3	4	5	6	7	8	9	10	11	12	13	14	15	16	17	18	19	20	21	22	23	24	25	26	27	28	29	30	
#month_ind										
1															
#biom_ind											
1.42069954590174	1.3149741653892	1.4848234484647	1.54063276898419	1.44899807735301	1.45362286192429	1.43806663980349	1.24752022480856	1.08457576035913	1.34195905452885	1.27859318306042	0.903965446201113	1.1292688694488	0.98644605031275	0.971681915455428	0.932753002875478	1.22035095305787	0.981503206463574	0.737421272576582	0.810672582311911	0.8445841895312	0.678711961754931	0.864752875198222	0.549532679517775	0.639474422506508	0.603817879246334	0.515615121477375	0.838135052028637	0.536766018487301	0.522817682393624
#biom_cv																
0.284139909180347	0.26299483307784	0.29696468969294	0.308126553796837	0.289799615470601	0.290724572384858	0.287613327960698	0.249504044961712	0.216915152071826	0.268391810905769	0.255718636612084	0.180793089240223	0.225853773889759	0.19728921006255	0.194336383091086	0.186550600575096	0.244070190611575	0.196300641292715	0.147484254515316	0.162134516462382	0.16891683790624	0.135742392350986	0.172950575039644	0.109906535903555	0.127894884501302	0.120763575849267	0.103123024295475	0.167627010405727	0.10735320369746	0.104563536478725
#n_ages_ind															
30			
#n_lengths_ind															
0															
#yrs_ages_ind															
1	2	3	4	5	6	7	8	9	10	11	12	13	14	15	16	17	18	19	20	21	22	23	24	25	26	27	28	29	30	
#sample_ages_ind					
200	200	200	200	200	200	200	200	200	200	200	200	200	200	200	200	200	200	200	200	200	200	200	200	200	200	200	200	200	200
#page_ind						
0.095	0.135	0.165	0.11	0.09	0.055	0.085	0.035	0.07	0.02	0.025	0.115
0.075	0.155	0.135	0.145	0.05	0.085	0.04	0.075	0.05	0.05	0.03	0.11
0.09	0.17	0.12	0.11	0.105	0.065	0.05	0.045	0.045	0.045	0.04	0.115
0.055	0.105	0.175	0.155	0.1	0.08	0.065	0.04	0.03	0.03	0.045	0.12
0.075	0.14	0.115	0.155	0.085	0.075	0.065	0.04	0.04	0.04	0.015	0.155
0.075	0.135	0.115	0.14	0.12	0.115	0.06	0.04	0.06	0.02	0.015	0.105
0.09	0.145	0.175	0.095	0.1	0.065	0.045	0.07	0.055	0.035	0.005	0.12
0.105	0.14	0.185	0.13	0.095	0.05	0.05	0.055	0.05	0.05	0.015	0.075
0.07	0.2	0.18	0.09	0.085	0.03	0.05	0.04	0.035	0.015	0.04	0.165
0.1	0.17	0.195	0.135	0.095	0.09	0.015	0.065	0.025	0.005	0.02	0.085
0.04	0.205	0.225	0.175	0.1	0.055	0.02	0.035	0.02	0.015	0.025	0.085
0.06	0.175	0.205	0.155	0.145	0.06	0.02	0.025	0.02	0.01	0.03	0.095
0.11	0.125	0.195	0.145	0.125	0.06	0.025	0.065	0.04	0.02	0.025	0.065
0.07	0.245	0.14	0.12	0.135	0.09	0.05	0.03	0.015	0.015	0.035	0.055
0.12	0.17	0.185	0.095	0.08	0.12	0.09	0.055	0.025	0.03	0	0.03
0.145	0.205	0.215	0.125	0.03	0.055	0.06	0.05	0.03	0.035	0.01	0.04
0.085	0.22	0.22	0.12	0.1	0.055	0.06	0.035	0.04	0.04	0.015	0.01
0.065	0.165	0.29	0.17	0.055	0.11	0.02	0.01	0.04	0.015	0	0.06
0.125	0.17	0.215	0.14	0.135	0.05	0.05	0	0.015	0.03	0.025	0.045
0.14	0.18	0.165	0.13	0.155	0.105	0.03	0.035	0.015	0.01	0.01	0.025
0.12	0.28	0.205	0.14	0.045	0.08	0.05	0.03	0.03	0	0.01	0.01
0.08	0.185	0.36	0.145	0.055	0.05	0.075	0.015	0.01	0.01	0.005	0.01
0.09	0.225	0.105	0.25	0.08	0.035	0.06	0.06	0.04	0.01	0.03	0.015
0.075	0.21	0.175	0.18	0.15	0.07	0.04	0.03	0.035	0	0.005	0.03
0.125	0.32	0.215	0.155	0.06	0.055	0.025	0.015	0.005	0.015	0	0.01
0.11	0.245	0.215	0.16	0.095	0.03	0.09	0.02	0	0.015	0.015	0.005
0.105	0.27	0.23	0.15	0.065	0.06	0.025	0.035	0.025	0.015	0	0.02
0.135	0.3	0.195	0.15	0.085	0.035	0.035	0.02	0.02	0.005	0.005	0.015
0.11	0.315	0.23	0.145	0.065	0.06	0.035	0.015	0	0.015	0.005	0.005
0.12	0.225	0.21	0.18	0.1	0.055	0.05	0.015	0.02	0.005	0.005	0.015
#wt_age_ind						
1 1 1 1 1 1 1 1 1 1 1 1 
1 1 1 1 1 1 1 1 1 1 1 1 
1 1 1 1 1 1 1 1 1 1 1 1 
1 1 1 1 1 1 1 1 1 1 1 1 
1 1 1 1 1 1 1 1 1 1 1 1 
1 1 1 1 1 1 1 1 1 1 1 1 
1 1 1 1 1 1 1 1 1 1 1 1 
1 1 1 1 1 1 1 1 1 1 1 1 
1 1 1 1 1 1 1 1 1 1 1 1 
1 1 1 1 1 1 1 1 1 1 1 1 
1 1 1 1 1 1 1 1 1 1 1 1 
1 1 1 1 1 1 1 1 1 1 1 1 
1 1 1 1 1 1 1 1 1 1 1 1 
1 1 1 1 1 1 1 1 1 1 1 1 
1 1 1 1 1 1 1 1 1 1 1 1 
1 1 1 1 1 1 1 1 1 1 1 1 
1 1 1 1 1 1 1 1 1 1 1 1 
1 1 1 1 1 1 1 1 1 1 1 1 
1 1 1 1 1 1 1 1 1 1 1 1 
1 1 1 1 1 1 1 1 1 1 1 1 
1 1 1 1 1 1 1 1 1 1 1 1 
1 1 1 1 1 1 1 1 1 1 1 1 
1 1 1 1 1 1 1 1 1 1 1 1 
1 1 1 1 1 1 1 1 1 1 1 1 
1 1 1 1 1 1 1 1 1 1 1 1 
1 1 1 1 1 1 1 1 1 1 1 1 
1 1 1 1 1 1 1 1 1 1 1 1 
1 1 1 1 1 1 1 1 1 1 1 1 
1 1 1 1 1 1 1 1 1 1 1 1 
1 1 1 1 1 1 1 1 1 1 1 1 
# wt_pop
0.000530656	0.001196328	0.002058265	0.003034987	0.004055212	0.005064698	0.006026226	0.006916921	0.007724891	0.008446113	0.009081853	0.009636695
#maturity
0.02297737 0.32082130 0.90465054 0.99477987 0.99973881 0.99998699 0.99999935 0.99999997 1 1 1 1
#spmonth						
1		
#age_err						
1	0	0	0	0	0	0	0	0	0	0	0
0	1	0	0	0	0	0	0	0	0	0	0
0	0	1	0	0	0	0	0	0	0	0	0
0	0	0	1	0	0	0	0	0	0	0	0
0	0	0	0	1	0	0	0	0	0	0	0
0	0	0	0	0	1	0	0	0	0	0	0
0	0	0	0	0	0	1	0	0	0	0	0
0	0	0	0	0	0	0	1	0	0	0	0
0	0	0	0	0	0	0	0	1	0	0	0
0	0	0	0	0	0	0	0	0	1	0	0
0	0	0	0	0	0	0	0	0	0	1	0
0	0	0	0	0	0	0	0	0	0	0	1																														
