# Number of parameters = 77  Objective function value = 26328.0  Maximum gradient component = 0.00208298
# sel_params[1]:
1.98445927330
# sel_params[2]:
0.956703501380
# log_Fmult_year1:
 -4.71416693016
# log_Fmult_devs:
 1.06829570539 0.500334278937 0.311713739194 -0.229718544507 0.600993550888 0.0117009979379 0.760135649816 -0.537093144840 0.189820256271 0.136813716492 0.0724347139349 -0.339047578561 0.373886094960 0.0614389086442 -0.108125167769 0.661768937927 -0.204278939276 0.00383391574225 -0.00666001686607 0.332571592938 -0.318879774885 0.481805034328 -0.202430100450 -0.0126090734400 -0.0944300498177 -0.0217794428998 0.336223302550 -0.279118537592 0.401524982324
# log_recruit_devs:
 0.101528933566 0.0618722559517 -0.204451880541 -0.0791945615987 0.187117566317 -0.132641338650 -0.0493126169734 0.0378374929072 -0.324327488488 0.0814039849156 -0.158080648038 0.102765804687 0.190137454713 -0.113054148707 -0.0346467385648 -0.0406586593197 -0.0809384941672 0.0531905638086 -0.0964746639985 -0.00403398987187 -0.391549872527 0.212349749312 0.0291656182896 0.310966677458 0.0139559422247 0.304643533160 0.193382245794 0.0494336355319 -0.00539611199285 -0.214990245200
# log_N_year1_devs:
 -0.0868002989542 0.0701434316577 0.0174877908640 -0.00272662023041 -0.0138797213962 -0.177175997613 0.0226071211860 -0.147819981370 -0.283391907820 0.217422011195 0.00249930822474
# log_q_year1:
 -7.93757550910
# log_q_devs:
 0.00000000000 0.00000000000 0.00000000000 0.00000000000 0.00000000000 0.00000000000 0.00000000000 0.00000000000 0.00000000000 0.00000000000 0.00000000000 0.00000000000 0.00000000000 0.00000000000 0.00000000000 0.00000000000 0.00000000000 0.00000000000 0.00000000000 0.00000000000 0.00000000000 0.00000000000 0.00000000000 0.00000000000 0.00000000000 0.00000000000 0.00000000000 0.00000000000 0.00000000000
# index_sel_params[1]:
1.48375327948
# index_sel_params[2]:
0.496980809318
# log_SR_scaler:
6.85999475881
# SR_steepness:
0.750000000000
