# Number of parameters = 77  Objective function value = 26457.8  Maximum gradient component = 0.000549177
# sel_params[1]:
2.01270035394
# sel_params[2]:
0.977613612491
# log_Fmult_year1:
 -4.66306774602
# log_Fmult_devs:
 1.07954623748 0.542404231682 0.376640699394 -0.264175958577 0.636256847820 -0.0813530067143 0.785632365426 -0.620557898196 0.325194102095 -0.000109637869810 0.0331638694761 -0.160540006780 0.361055083465 -0.0317744077657 -0.0500544014672 0.538935955262 -0.192360771288 0.0364850229017 -0.0114968163520 0.284180737808 -0.273469110156 0.492600580183 -0.149592566157 0.0290140809450 -0.219379924827 0.134656603313 0.306333139200 -0.312618025273 0.416559876822
# log_recruit_devs:
 -0.0397607462045 0.210327799367 0.000838942102548 -0.261750286240 0.276528535993 0.230358731419 -0.0915448337188 0.176146137169 -0.0785792856423 0.0578798452748 0.128289589241 -0.0452178895607 -0.0838768403794 0.0401128232293 0.0433125484377 0.0736584884427 0.107522172493 -0.195633172672 -0.151130385964 -0.255230363892 0.153516689586 0.127888477009 -0.0982222214047 -0.244136363160 -0.0621431979738 -0.233564422061 -0.0354610847608 0.0374664772306 0.283811571998 -0.0714077353585
# log_N_year1_devs:
 -0.0886660421965 -0.0100067834048 -0.0776386032838 -0.148396896349 -0.215605560895 -0.0929792528504 -0.128427236225 0.0521180561269 -0.244363334892 0.139000686078 -0.205632478383
# log_q_year1:
 -7.91041399226
# log_q_devs:
 0.00000000000 0.00000000000 0.00000000000 0.00000000000 0.00000000000 0.00000000000 0.00000000000 0.00000000000 0.00000000000 0.00000000000 0.00000000000 0.00000000000 0.00000000000 0.00000000000 0.00000000000 0.00000000000 0.00000000000 0.00000000000 0.00000000000 0.00000000000 0.00000000000 0.00000000000 0.00000000000 0.00000000000 0.00000000000 0.00000000000 0.00000000000 0.00000000000 0.00000000000
# index_sel_params[1]:
1.59962973652
# index_sel_params[2]:
0.536600857146
# log_SR_scaler:
6.93073739122
# SR_steepness:
0.750000000000
