#######GENERAL HEADER INPUT#######
1
30
1
30
1
30
30
12
1	2	3	4	5	6	7	8	9	10	11	12
12
1	2	3	4	5	6	7	8	9	10	11	12
1
1001
1
1
#######SURVEY DATA#######
30
1	2	3	4	5	6	7	8	9	10	11	12	13	14	15	16	17	18	19	20	21	22	23	24	25	26	27	28	29	30
1.39677186479482	1.41392912579712	1.66066407615443	1.50490976052652	1.63361121905262	1.55733232274807	1.30809625965415	1.33070002386404	1.13925704316583	0.912737857062403	1.06461176439554	0.897592500731101	1.05870368533072	0.81961720232731	1.04622407215274	0.893952043141355	0.997473724777811	1.02638904325115	0.880046879680401	0.992899007378918	0.712693142909702	0.666958786785507	0.822934668287831	0.57806179671433	0.76773847887075	0.667733475622091	0.623506155706767	0.717132358013515	0.655369634731718	0.592264334250645
0.2	0.2	0.2	0.2	0.2	0.2	0.2	0.2	0.2	0.2	0.2	0.2	0.2	0.2	0.2	0.2	0.2	0.2	0.2	0.2	0.2	0.2	0.2	0.2	0.2	0.2	0.2	0.2	0.2	0.2
30
1	2	3	4	5	6	7	8	9	10	11	12	13	14	15	16	17	18	19	20	21	22	23	24	25	26	27	28	29	30
200	200	200	200	200	200	200	200	200	200	200	200	200	200	200	200	200	200	200	200	200	200	200	200	200	200	200	200	200	200
200	200	200	200	200	200	200	200	200	200	200	200	200	200	200	200	200	200	200	200	200	200	200	200	200	200	200	200	200	200
0.055	0.13	0.135	0.15	0.085	0.045	0.08	0.055	0.05	0.03	0.03	0.155
0.03	0.105	0.16	0.135	0.09	0.11	0.08	0.065	0.045	0.055	0.035	0.09
0.05	0.155	0.185	0.095	0.085	0.1	0.03	0.06	0.025	0.045	0.02	0.15
0.085	0.125	0.18	0.125	0.07	0.095	0.045	0.045	0.01	0.045	0.01	0.165
0.04	0.19	0.165	0.12	0.085	0.06	0.075	0.065	0.04	0.04	0.04	0.08
0.02	0.09	0.2	0.125	0.11	0.115	0.1	0.03	0.045	0.02	0.025	0.12
0.06	0.125	0.12	0.17	0.115	0.115	0.06	0.04	0.025	0.045	0.015	0.11
0.07	0.14	0.16	0.105	0.125	0.085	0.095	0.035	0.05	0.025	0.02	0.09
0.11	0.135	0.125	0.125	0.06	0.08	0.075	0.065	0.06	0.025	0.025	0.115
0.115	0.175	0.18	0.085	0.095	0.045	0.04	0.07	0.045	0.045	0.03	0.075
0.05	0.17	0.18	0.12	0.1	0.095	0.045	0.05	0.035	0.05	0.01	0.095
0.06	0.155	0.205	0.155	0.07	0.08	0.075	0.05	0.045	0.015	0.03	0.06
0.1	0.18	0.14	0.18	0.12	0.045	0.055	0.025	0.025	0.025	0.015	0.09
0.08	0.195	0.19	0.105	0.11	0.1	0.045	0.02	0.03	0.02	0.03	0.075
0.06	0.195	0.24	0.1	0.14	0.065	0.035	0.04	0.015	0.025	0.03	0.055
0.095	0.22	0.14	0.18	0.055	0.09	0.045	0.035	0.04	0.035	0.035	0.03
0.11	0.27	0.155	0.13	0.09	0.045	0.055	0.03	0.05	0.01	0.01	0.045
0.1	0.215	0.22	0.13	0.09	0.08	0.04	0.025	0.045	0.02	0.02	0.015
0.135	0.26	0.24	0.135	0.085	0.04	0.02	0.01	0.01	0.03	0.01	0.025
0.09	0.225	0.26	0.14	0.1	0.08	0.02	0.02	0.015	0.025	0.005	0.02
0.115	0.19	0.215	0.225	0.1	0.05	0.03	0.01	0	0.01	0.01	0.045
0.09	0.245	0.19	0.13	0.12	0.09	0.055	0.02	0.005	0.02	0.015	0.02
0.175	0.21	0.185	0.135	0.1	0.095	0.03	0.025	0.025	0	0.005	0.015
0.075	0.36	0.215	0.1	0.085	0.03	0.065	0.015	0.015	0.02	0.005	0.015
0.105	0.195	0.32	0.115	0.055	0.065	0.05	0.05	0.02	0	0	0.025
0.085	0.29	0.19	0.21	0.065	0.04	0.04	0.02	0.03	0.005	0	0.025
0.095	0.205	0.265	0.11	0.165	0.04	0.035	0.025	0.01	0.025	0.01	0.015
0.13	0.325	0.12	0.205	0.07	0.08	0.035	0.005	0.005	0.01	0.01	0.005
0.065	0.215	0.345	0.12	0.14	0.05	0.045	0.005	0.01	0	0	0.005
0.12	0.215	0.16	0.21	0.1	0.105	0.03	0.04	0.005	0	0	0.015
#######LANDINGS DATA#######
1
30
161.041135087574	463.13485350402	761.261366466647	994.014362037443	783.382953391816	1356.07954324055	1281.29238822471	2410.66361157008	1249.02392583941	1395.77036122662	1467.72767472513	1436.90456648907	984.876586616267	1349.90951287802	1365.71691928837	1172.43826278033	2119.47101328872	1571.05276234658	1503.49097719556	1453.49967971842	1886.11165718203	1242.49667840437	1867.16822026644	1384.2619324501	1320.73820205227	1168.23849432053	1139.45839385503	1498.93368152868	1074.42138182771	1524.8909922265
0.01	0.01	0.01	0.01	0.01	0.01	0.01	0.01	0.01	0.01	0.01	0.01	0.01	0.01	0.01	0.01	0.01	0.01	0.01	0.01	0.01	0.01	0.01	0.01	0.01	0.01	0.01	0.01	0.01	0.01
30
1	2	3	4	5	6	7	8	9	10	11	12	13	14	15	16	17	18	19	20	21	22	23	24	25	26	27	28	29	30
200	200	200	200	200	200	200	200	200	200	200	200	200	200	200	200	200	200	200	200	200	200	200	200	200	200	200	200	200	200
200	200	200	200	200	200	200	200	200	200	200	200	200	200	200	200	200	200	200	200	200	200	200	200	200	200	200	200	200	200
0.085	0.14	0.125	0.06	0.095	0.065	0.055	0.065	0.055	0.01	0.065	0.18
0.13	0.155	0.12	0.075	0.09	0.05	0.05	0.065	0.045	0.055	0.045	0.12
0.07	0.15	0.1	0.12	0.065	0.115	0.08	0.08	0.045	0.035	0.015	0.125
0.065	0.145	0.155	0.11	0.08	0.065	0.055	0.035	0.055	0.04	0.02	0.175
0.065	0.145	0.115	0.145	0.075	0.055	0.085	0.075	0.035	0.055	0.045	0.105
0.095	0.095	0.195	0.105	0.16	0.05	0.045	0.04	0.06	0.02	0.025	0.11
0.05	0.14	0.12	0.175	0.07	0.125	0.08	0.025	0.025	0.065	0.03	0.095
0.045	0.11	0.125	0.1	0.07	0.085	0.145	0.095	0.04	0.04	0.025	0.12
0.115	0.07	0.12	0.09	0.08	0.12	0.07	0.115	0.025	0.03	0.03	0.135
0.08	0.105	0.135	0.125	0.105	0.055	0.095	0.065	0.04	0.035	0.035	0.125
0.07	0.16	0.165	0.115	0.085	0.06	0.07	0.04	0.06	0.055	0.02	0.1
0.085	0.11	0.17	0.15	0.105	0.09	0.075	0.04	0.03	0.04	0.01	0.095
0.14	0.14	0.13	0.16	0.095	0.085	0.085	0.03	0.005	0.03	0.03	0.07
0.055	0.165	0.145	0.14	0.13	0.09	0.055	0.035	0.03	0.03	0.015	0.11
0.125	0.16	0.175	0.16	0.065	0.08	0.07	0.04	0.03	0.015	0.02	0.06
0.205	0.2	0.135	0.125	0.085	0.075	0.04	0.04	0.02	0.03	0.01	0.035
0.12	0.17	0.13	0.16	0.11	0.08	0.065	0.035	0.015	0.015	0.02	0.08
0.16	0.155	0.17	0.1	0.165	0.085	0.045	0.05	0.03	0.02	0	0.02
0.125	0.21	0.23	0.125	0.12	0.045	0.05	0.01	0.03	0.025	0.005	0.025
0.085	0.155	0.265	0.15	0.11	0.09	0.04	0.03	0.015	0.005	0.03	0.025
0.14	0.12	0.165	0.22	0.085	0.11	0.03	0.06	0.02	0.005	0.005	0.04
0.11	0.22	0.13	0.195	0.145	0.055	0.07	0.035	0.015	0.015	0	0.01
0.24	0.17	0.155	0.115	0.09	0.085	0.075	0.01	0.02	0.005	0	0.035
0.07	0.28	0.245	0.115	0.085	0.07	0.07	0.04	0.01	0.005	0	0.01
0.095	0.205	0.295	0.14	0.08	0.06	0.06	0.035	0.01	0.01	0	0.01
0.115	0.21	0.125	0.245	0.11	0.045	0.035	0.045	0.02	0.01	0.01	0.03
0.17	0.165	0.24	0.135	0.16	0.055	0.02	0.02	0.015	0.005	0.005	0.01
0.17	0.255	0.135	0.155	0.075	0.105	0.045	0.02	0.005	0.005	0.02	0.01
0.09	0.255	0.26	0.125	0.13	0.055	0.05	0.015	0	0.01	0	0.01
0.145	0.19	0.21	0.15	0.085	0.1	0.06	0.045	0.005	0	0	0.01
#######PARAMETER SECTION#######
800	400	1200	-4	800	-0.25	1
0.18	0.01	1	-4	0.18	-0.25	1
-1.36	-5	-0.001	-4	-1.36	-0.25	1
0.1	0.05	0.3	-4	0.1	-0.25	1
0.2	0.01	0.5	-4	0.2	-0.25	1
0.75	0.20001	1	-3	0.75	-0.25	1
13.815511	-1	200	1	13.815511	-0.25	1
0	-1	1	-4	0	-0.25	1
0.2	1e-04	1.2	-3	0.2	-0.25	1
0	-10	10	-6	0	-1	1
0	-10	10	-6	0	-1	1
2	0	12	2	2	-0.5	1
1	0	12	2	1	-0.5	1
2	0	12	-2	2	-0.5	1
1	0	12	-2	1	-0.5	1
1.5	0	12	2	1.5	-0.5	1
2	0	12	2	2	-0.5	1
-14.8960836313884	-30	5	1	-14.8960836313884	-1	1
1	0.1	2	-1	1	-1	1
-1.54399197800355	-10	1.39	1	-1.54399197800355	-1	1
#######DEV CONSTRAINTS and DEVS#######
-15	15	2
-15	15	2
-15	15	2
0	0	0	0	0	0	0	0	0	0	0	0	0	0	0	0	0	0	0	0	0	0	0	0	0	0	0	0	0	0
0	0	0	0	0	0	0	0	0	0	0	0	0	0	0	0	0	0	0	0	0	0	0	0	0	0	0	0	0	0
0	0	0	0	0	0	0	0	0	0	0
#######LIKELIHOOD WEIGHTS#######
1
1
1
1
0
1
0
0
0
#######MISCELLANEOUS STUFF SECTION#######
2.5e-08
3
0.5	0.5	0.5	0.5	0.5	0.5	0.5	0.5	0.5	0.5	0.5	0.5
0.0229773699100256	0.320821300824607	0.904650535100891	0.994779874306442	0.999738809680904	0.999986992871533	0.999999352405202	0.999999967758134	0.999999998394772	0.99999999992008	0.999999999996021	0.999999999999802
0.2	0.2	0.2	0.2	0.2	0.2	0.2	0.2	0.2	0.2	0.2	0.2
0
1
10
0.2
1
1	0	0	0	0	0	0	0	0	0	0	0
0	1	0	0	0	0	0	0	0	0	0	0
0	0	1	0	0	0	0	0	0	0	0	0
0	0	0	1	0	0	0	0	0	0	0	0
0	0	0	0	1	0	0	0	0	0	0	0
0	0	0	0	0	1	0	0	0	0	0	0
0	0	0	0	0	0	1	0	0	0	0	0
0	0	0	0	0	0	0	1	0	0	0	0
0	0	0	0	0	0	0	0	1	0	0	0
0	0	0	0	0	0	0	0	0	1	0	0
0	0	0	0	0	0	0	0	0	0	1	0
0	0	0	0	0	0	0	0	0	0	0	1
40
31
2
1
#######END OF DATA FILE#######
999
