# Number of parameters = 77  Objective function value = 26243.7  Maximum gradient component = 0.00554106
# sel_params[1]:
2.07983426362
# sel_params[2]:
0.985956409187
# log_Fmult_year1:
 -4.63104881606
# log_Fmult_devs:
 1.05844354101 0.502641165456 0.308859238876 -0.232819535803 0.596451351683 0.00644356041463 0.751282660413 -0.542536685240 0.202528772381 0.125061089899 0.0688979011810 -0.317049434934 0.361646908418 0.0660828150255 -0.117239210773 0.660377528078 -0.202515757315 -0.0114139242920 -0.0158814259800 0.320087159471 -0.323254148819 0.496896480578 -0.177638298369 0.00145396835621 -0.0814239312192 -0.00946875178684 0.345821906342 -0.291028390983 0.393559558403
# log_recruit_devs:
 -0.0147051679646 0.0333203663188 0.101448862291 -0.255007443339 -0.0220621795552 -0.113484817705 -0.236475069212 0.198928964146 -0.0748371413942 -0.199753174524 -0.0986561004362 -0.158900111850 0.00394581771146 0.0837148884491 0.0236520248389 -0.0536873588736 0.149730250949 0.0992909223070 0.222694994133 -0.148084252439 -0.170014012236 -0.159033126899 0.0207290840490 0.229142493257 0.0229618170754 0.251717982720 0.0384854933386 0.0575980790966 -0.120836715951 0.288174631698
# log_N_year1_devs:
 0.0551479518470 -0.117523437706 0.0444693890868 -0.207634619471 -0.0243363289054 -0.128824008634 -0.204782199826 -0.0613049421224 0.0449359504476 -0.272262592254 -0.127131629471
# log_q_year1:
 -7.95534341060
# log_q_devs:
 0.00000000000 0.00000000000 0.00000000000 0.00000000000 0.00000000000 0.00000000000 0.00000000000 0.00000000000 0.00000000000 0.00000000000 0.00000000000 0.00000000000 0.00000000000 0.00000000000 0.00000000000 0.00000000000 0.00000000000 0.00000000000 0.00000000000 0.00000000000 0.00000000000 0.00000000000 0.00000000000 0.00000000000 0.00000000000 0.00000000000 0.00000000000 0.00000000000 0.00000000000
# index_sel_params[1]:
1.49111877759
# index_sel_params[2]:
0.501305596873
# log_SR_scaler:
6.92643889662
# SR_steepness:
0.750000000000
