#styr												
1
#endyr												
30
#rec_age										
1															
#n_ages										
12
# numbers of length intervals
81
#Length	bin
10	11	12	13	14	15	16	17	18	19	20	21	22	23	24	25	26	27	28	29	30	31	32	33	34	35	36	37	38	39	40	41	42	43	44	45	46	47	48	49	50	51	52	53	54	55	56	57	58	59	60	61	62	63	64	65	66	67	68	69	70	71	72	73	74	75	76	77	78	79	80	81	82	83	84	85	86	87	88	89	90
#nfsh
1
#names_fsh
FLEET1												
#catch												
160.463564445722	457.435642259385	742.142533281871	982.213742944846	763.783223466307	1309.74274808048	1237.34839035176	2343.28280559374	1223.76413935373	1410.38139792434	1531.79236852329	1560.27827803654	1103.52813417493	1563.17758253774	1575.54652171254	1338.46427945104	2349.40513718535	1667.46801421064	1490.01907049722	1365.90738341484	1724.86276693381	1151.22126684707	1746.08120668074	1297.47135040399	1220.99638810435	1103.41211712332	1050.72859540249	1372.54592324471	945.351540004263	1281.90372359037
#catch_cv											
0.01	0.01	0.01	0.01	0.01	0.01	0.01	0.01	0.01	0.01	0.01	0.01	0.01	0.01	0.01	0.01	0.01	0.01	0.01	0.01	0.01	0.01	0.01	0.01	0.01	0.01	0.01	0.01	0.01	0.01
#n_ages_fsh								
30		
#n_lengths_fsh								
0															
#yrs_ages_fsh								
1	2	3	4	5	6	7	8	9	10	11	12	13	14	15	16	17	18	19	20	21	22	23	24	25	26	27	28	29	30	
#sample_ages_fsh							
200	200	200	200	200	200	200	200	200	200	200	200	200	200	200	200	200	200	200	200	200	200	200	200	200	200	200	200	200	200
#page_fsh	2	3	4	5	6	7	8	9	10	11						
0.09	0.05	0.155	0.095	0.15	0.08	0.08	0.045	0.025	0.06	0.035	0.135
0.065	0.095	0.08	0.115	0.13	0.08	0.075	0.065	0.05	0.05	0.05	0.145
0.15	0.105	0.115	0.115	0.115	0.08	0.045	0.06	0.035	0.035	0.045	0.1
0.035	0.16	0.125	0.115	0.065	0.1	0.075	0.09	0.025	0.045	0.035	0.13
0.045	0.105	0.19	0.14	0.12	0.055	0.07	0.04	0.03	0.055	0.02	0.13
0.06	0.1	0.055	0.2	0.145	0.09	0.085	0.055	0.09	0.025	0.025	0.07
0.04	0.08	0.11	0.125	0.175	0.1	0.09	0.045	0.02	0.065	0.025	0.125
0.14	0.075	0.08	0.13	0.09	0.12	0.07	0.05	0.05	0.035	0.025	0.135
0.075	0.2	0.11	0.12	0.115	0.065	0.08	0.04	0.035	0.03	0.025	0.105
0.125	0.205	0.19	0.095	0.09	0.06	0.045	0.045	0.03	0.02	0.005	0.09
0.115	0.16	0.145	0.195	0.11	0.095	0.025	0.005	0.02	0.035	0.015	0.08
0.095	0.14	0.2	0.105	0.155	0.045	0.035	0.035	0.035	0.06	0.015	0.08
0.09	0.13	0.195	0.12	0.09	0.1	0.055	0.07	0.02	0.02	0.03	0.08
0.055	0.18	0.145	0.15	0.13	0.07	0.065	0.04	0.04	0.035	0.015	0.075
0.08	0.08	0.24	0.16	0.095	0.11	0.075	0.04	0.03	0.02	0.005	0.065
0.125	0.14	0.165	0.165	0.11	0.1	0.065	0.045	0.035	0.01	0.005	0.035
0.065	0.23	0.165	0.08	0.165	0.06	0.055	0.05	0.025	0.035	0.025	0.045
0.105	0.15	0.195	0.155	0.1	0.095	0.09	0.035	0.015	0.025	0.01	0.025
0.125	0.145	0.13	0.19	0.11	0.04	0.085	0.055	0.02	0.045	0.01	0.045
0.08	0.19	0.2	0.105	0.115	0.1	0.045	0.04	0.045	0.02	0.015	0.045
0.125	0.18	0.205	0.11	0.095	0.105	0.08	0.01	0.02	0.02	0.03	0.02
0.155	0.155	0.225	0.16	0.105	0.055	0.03	0.025	0.01	0.01	0.02	0.05
0.115	0.23	0.125	0.17	0.11	0.11	0.025	0.045	0.035	0.005	0.015	0.015
0.21	0.195	0.19	0.13	0.085	0.055	0.035	0.025	0.045	0	0.02	0.01
0.145	0.24	0.18	0.23	0.075	0.025	0.055	0.015	0.005	0.005	0.005	0.02
0.12	0.15	0.29	0.125	0.125	0.045	0.07	0.04	0.02	0.01	0	0.005
0.09	0.23	0.165	0.21	0.12	0.075	0.045	0.015	0.02	0.005	0	0.025
0.15	0.175	0.255	0.15	0.135	0.065	0.05	0	0.005	0.01	0	0.005
0.145	0.215	0.195	0.18	0.09	0.08	0.02	0.04	0.015	0.015	0	0.005
0.125	0.23	0.17	0.14	0.16	0.055	0.04	0.025	0.005	0.01	0.005	0.035
#wt_age_fsh	1 2	3	4	5	6	7	8	9	10	11						
0.000530656	0.001196328	0.002058265	0.003034987	0.004055212	0.005064698	0.006026226	0.006916921	0.007724891	0.008446113	0.009081853	0.009636695
0.000530656	0.001196328	0.002058265	0.003034987	0.004055212	0.005064698	0.006026226	0.006916921	0.007724891	0.008446113	0.009081853	0.009636695
0.000530656	0.001196328	0.002058265	0.003034987	0.004055212	0.005064698	0.006026226	0.006916921	0.007724891	0.008446113	0.009081853	0.009636695
0.000530656	0.001196328	0.002058265	0.003034987	0.004055212	0.005064698	0.006026226	0.006916921	0.007724891	0.008446113	0.009081853	0.009636695
0.000530656	0.001196328	0.002058265	0.003034987	0.004055212	0.005064698	0.006026226	0.006916921	0.007724891	0.008446113	0.009081853	0.009636695
0.000530656	0.001196328	0.002058265	0.003034987	0.004055212	0.005064698	0.006026226	0.006916921	0.007724891	0.008446113	0.009081853	0.009636695
0.000530656	0.001196328	0.002058265	0.003034987	0.004055212	0.005064698	0.006026226	0.006916921	0.007724891	0.008446113	0.009081853	0.009636695
0.000530656	0.001196328	0.002058265	0.003034987	0.004055212	0.005064698	0.006026226	0.006916921	0.007724891	0.008446113	0.009081853	0.009636695
0.000530656	0.001196328	0.002058265	0.003034987	0.004055212	0.005064698	0.006026226	0.006916921	0.007724891	0.008446113	0.009081853	0.009636695
0.000530656	0.001196328	0.002058265	0.003034987	0.004055212	0.005064698	0.006026226	0.006916921	0.007724891	0.008446113	0.009081853	0.009636695
0.000530656	0.001196328	0.002058265	0.003034987	0.004055212	0.005064698	0.006026226	0.006916921	0.007724891	0.008446113	0.009081853	0.009636695
0.000530656	0.001196328	0.002058265	0.003034987	0.004055212	0.005064698	0.006026226	0.006916921	0.007724891	0.008446113	0.009081853	0.009636695
0.000530656	0.001196328	0.002058265	0.003034987	0.004055212	0.005064698	0.006026226	0.006916921	0.007724891	0.008446113	0.009081853	0.009636695
0.000530656	0.001196328	0.002058265	0.003034987	0.004055212	0.005064698	0.006026226	0.006916921	0.007724891	0.008446113	0.009081853	0.009636695
0.000530656	0.001196328	0.002058265	0.003034987	0.004055212	0.005064698	0.006026226	0.006916921	0.007724891	0.008446113	0.009081853	0.009636695
0.000530656	0.001196328	0.002058265	0.003034987	0.004055212	0.005064698	0.006026226	0.006916921	0.007724891	0.008446113	0.009081853	0.009636695
0.000530656	0.001196328	0.002058265	0.003034987	0.004055212	0.005064698	0.006026226	0.006916921	0.007724891	0.008446113	0.009081853	0.009636695
0.000530656	0.001196328	0.002058265	0.003034987	0.004055212	0.005064698	0.006026226	0.006916921	0.007724891	0.008446113	0.009081853	0.009636695
0.000530656	0.001196328	0.002058265	0.003034987	0.004055212	0.005064698	0.006026226	0.006916921	0.007724891	0.008446113	0.009081853	0.009636695
0.000530656	0.001196328	0.002058265	0.003034987	0.004055212	0.005064698	0.006026226	0.006916921	0.007724891	0.008446113	0.009081853	0.009636695
0.000530656	0.001196328	0.002058265	0.003034987	0.004055212	0.005064698	0.006026226	0.006916921	0.007724891	0.008446113	0.009081853	0.009636695
0.000530656	0.001196328	0.002058265	0.003034987	0.004055212	0.005064698	0.006026226	0.006916921	0.007724891	0.008446113	0.009081853	0.009636695
0.000530656	0.001196328	0.002058265	0.003034987	0.004055212	0.005064698	0.006026226	0.006916921	0.007724891	0.008446113	0.009081853	0.009636695
0.000530656	0.001196328	0.002058265	0.003034987	0.004055212	0.005064698	0.006026226	0.006916921	0.007724891	0.008446113	0.009081853	0.009636695
0.000530656	0.001196328	0.002058265	0.003034987	0.004055212	0.005064698	0.006026226	0.006916921	0.007724891	0.008446113	0.009081853	0.009636695
0.000530656	0.001196328	0.002058265	0.003034987	0.004055212	0.005064698	0.006026226	0.006916921	0.007724891	0.008446113	0.009081853	0.009636695
0.000530656	0.001196328	0.002058265	0.003034987	0.004055212	0.005064698	0.006026226	0.006916921	0.007724891	0.008446113	0.009081853	0.009636695
0.000530656	0.001196328	0.002058265	0.003034987	0.004055212	0.005064698	0.006026226	0.006916921	0.007724891	0.008446113	0.009081853	0.009636695
0.000530656	0.001196328	0.002058265	0.003034987	0.004055212	0.005064698	0.006026226	0.006916921	0.007724891	0.008446113	0.009081853	0.009636695
0.000530656	0.001196328	0.002058265	0.003034987	0.004055212	0.005064698	0.006026226	0.006916921	0.007724891	0.008446113	0.009081853	0.009636695
#nind
1
#ind_names									
SURVEY1									
#nobs_ind
30
#yrs_ind											
1	2	3	4	5	6	7	8	9	10	11	12	13	14	15	16	17	18	19	20	21	22	23	24	25	26	27	28	29	30	
#month_ind										
1															
#biom_ind											
1.78552240662052	1.47616938796225	1.5798093949029	1.47835013264156	1.40839211519239	1.3642934501453	1.21566604715381	1.29387087363171	0.987896426246679	1.03915614932636	1.08779401160957	1.18996736790139	1.24616867122919	1.1541454357228	0.839449050367075	1.05399303614393	0.84503979111099	0.830763146548548	0.824854502658317	0.655023133436966	0.666077443133799	0.82798078894136	0.707876197246387	0.598636759865011	0.846247337114335	0.529735193699005	0.629131303185611	0.65203766723558	0.495346380326596	0.486280356944601
#biom_cv																
0.357104481324103	0.295233877592449	0.315961878980579	0.295670026528313	0.281678423038478	0.27285869002906	0.243133209430761	0.258774174726341	0.197579285249336	0.207831229865273	0.217558802321915	0.237993473580279	0.249233734245837	0.230829087144559	0.167889810073415	0.210798607228785	0.169007958222198	0.16615262930971	0.164970900531663	0.131004626687393	0.13321548862676	0.165596157788272	0.141575239449277	0.119727351973002	0.169249467422867	0.105947038739801	0.125826260637122	0.130407533447116	0.0990692760653192	0.0972560713889202
#n_ages_ind															
30			
#n_lengths_ind															
0															
#yrs_ages_ind															
1	2	3	4	5	6	7	8	9	10	11	12	13	14	15	16	17	18	19	20	21	22	23	24	25	26	27	28	29	30	
#sample_ages_ind					
200	200	200	200	200	200	200	200	200	200	200	200	200	200	200	200	200	200	200	200	200	200	200	200	200	200	200	200	200	200
#page_ind						
0.07	0.135	0.14	0.155	0.11	0.09	0.06	0.035	0.02	0.035	0.015	0.135
0.08	0.145	0.125	0.165	0.06	0.085	0.07	0.075	0.03	0.05	0.01	0.105
0.065	0.11	0.15	0.155	0.135	0.085	0.03	0.065	0.04	0	0.04	0.125
0.035	0.235	0.16	0.105	0.08	0.05	0.07	0.04	0.035	0.025	0.015	0.15
0.06	0.165	0.24	0.095	0.065	0.085	0.065	0.055	0.025	0.035	0.02	0.09
0.045	0.14	0.11	0.245	0.09	0.08	0.065	0.04	0.02	0.015	0.025	0.125
0.05	0.125	0.15	0.1	0.12	0.075	0.055	0.08	0.03	0.035	0.04	0.14
0.1	0.13	0.15	0.135	0.095	0.12	0.06	0.02	0.035	0.035	0.02	0.1
0.055	0.295	0.155	0.105	0.04	0.05	0.06	0.07	0.03	0.035	0.02	0.085
0.05	0.185	0.235	0.155	0.09	0.05	0.045	0.065	0.025	0.015	0.03	0.055
0.05	0.225	0.165	0.175	0.065	0.08	0.035	0.02	0.06	0.015	0.02	0.09
0.13	0.21	0.165	0.14	0.115	0.04	0.02	0.01	0.025	0.04	0.015	0.09
0.105	0.195	0.2	0.155	0.09	0.055	0.03	0.025	0.025	0.015	0.025	0.08
0.08	0.18	0.245	0.125	0.115	0.075	0.035	0.015	0.025	0.03	0.015	0.06
0.085	0.11	0.185	0.17	0.145	0.115	0.06	0.045	0.015	0.015	0.015	0.04
0.09	0.195	0.14	0.175	0.12	0.075	0.065	0.055	0.025	0.015	0.01	0.035
0.05	0.165	0.21	0.1	0.155	0.1	0.045	0.06	0.035	0.025	0.01	0.045
0.11	0.11	0.235	0.185	0.085	0.08	0.075	0.05	0.03	0.02	0.01	0.01
0.085	0.23	0.105	0.185	0.13	0.05	0.075	0.04	0.035	0.02	0.015	0.03
0.08	0.29	0.25	0.085	0.115	0.06	0.02	0.035	0.01	0.025	0	0.03
0.095	0.235	0.22	0.15	0.075	0.08	0.055	0.02	0.015	0.005	0.025	0.025
0.095	0.195	0.225	0.16	0.12	0.09	0.06	0.02	0.005	0	0.015	0.015
0.155	0.25	0.185	0.12	0.1	0.065	0.035	0.05	0.01	0.005	0.01	0.015
0.17	0.165	0.305	0.115	0.095	0.065	0.025	0.01	0.04	0.005	0	0.005
0.11	0.265	0.255	0.16	0.08	0.04	0.04	0.025	0	0.01	0.005	0.01
0.075	0.195	0.27	0.205	0.125	0.04	0.025	0.025	0.01	0.01	0.005	0.015
0.085	0.305	0.145	0.21	0.115	0.065	0.03	0.01	0.005	0.005	0.005	0.02
0.095	0.25	0.22	0.145	0.125	0.07	0.04	0.01	0.005	0.015	0.015	0.01
0.095	0.305	0.15	0.15	0.08	0.075	0.07	0.04	0.01	0.01	0.005	0.01
0.12	0.265	0.22	0.13	0.11	0.045	0.045	0.03	0.025	0.005	0	0.005
#wt_age_ind						
1 1 1 1 1 1 1 1 1 1 1 1 
1 1 1 1 1 1 1 1 1 1 1 1 
1 1 1 1 1 1 1 1 1 1 1 1 
1 1 1 1 1 1 1 1 1 1 1 1 
1 1 1 1 1 1 1 1 1 1 1 1 
1 1 1 1 1 1 1 1 1 1 1 1 
1 1 1 1 1 1 1 1 1 1 1 1 
1 1 1 1 1 1 1 1 1 1 1 1 
1 1 1 1 1 1 1 1 1 1 1 1 
1 1 1 1 1 1 1 1 1 1 1 1 
1 1 1 1 1 1 1 1 1 1 1 1 
1 1 1 1 1 1 1 1 1 1 1 1 
1 1 1 1 1 1 1 1 1 1 1 1 
1 1 1 1 1 1 1 1 1 1 1 1 
1 1 1 1 1 1 1 1 1 1 1 1 
1 1 1 1 1 1 1 1 1 1 1 1 
1 1 1 1 1 1 1 1 1 1 1 1 
1 1 1 1 1 1 1 1 1 1 1 1 
1 1 1 1 1 1 1 1 1 1 1 1 
1 1 1 1 1 1 1 1 1 1 1 1 
1 1 1 1 1 1 1 1 1 1 1 1 
1 1 1 1 1 1 1 1 1 1 1 1 
1 1 1 1 1 1 1 1 1 1 1 1 
1 1 1 1 1 1 1 1 1 1 1 1 
1 1 1 1 1 1 1 1 1 1 1 1 
1 1 1 1 1 1 1 1 1 1 1 1 
1 1 1 1 1 1 1 1 1 1 1 1 
1 1 1 1 1 1 1 1 1 1 1 1 
1 1 1 1 1 1 1 1 1 1 1 1 
1 1 1 1 1 1 1 1 1 1 1 1 
# wt_pop
0.000530656	0.001196328	0.002058265	0.003034987	0.004055212	0.005064698	0.006026226	0.006916921	0.007724891	0.008446113	0.009081853	0.009636695
#maturity
0.02297737 0.32082130 0.90465054 0.99477987 0.99973881 0.99998699 0.99999935 0.99999997 1 1 1 1
#spmonth						
1		
#age_err						
1	0	0	0	0	0	0	0	0	0	0	0
0	1	0	0	0	0	0	0	0	0	0	0
0	0	1	0	0	0	0	0	0	0	0	0
0	0	0	1	0	0	0	0	0	0	0	0
0	0	0	0	1	0	0	0	0	0	0	0
0	0	0	0	0	1	0	0	0	0	0	0
0	0	0	0	0	0	1	0	0	0	0	0
0	0	0	0	0	0	0	1	0	0	0	0
0	0	0	0	0	0	0	0	1	0	0	0
0	0	0	0	0	0	0	0	0	1	0	0
0	0	0	0	0	0	0	0	0	0	1	0
0	0	0	0	0	0	0	0	0	0	0	1																														
