# Number of parameters = 77  Objective function value = 26309.1  Maximum gradient component = 0.00324374
# sel_params[1]:
1.93356722771
# sel_params[2]:
1.00779289945
# log_Fmult_year1:
 -4.68153461108
# log_Fmult_devs:
 1.05874838366 0.503275040637 0.317379627009 -0.232449541686 0.583213640549 0.0116475387541 0.741075731729 -0.537323122191 0.198602533858 0.138408707903 0.0630540371871 -0.311944578483 0.369306063756 0.0502853999706 -0.0986540966757 0.660773361724 -0.211693216086 -0.0152339699793 -0.0278235184200 0.322981062123 -0.315708049638 0.509860394539 -0.198801201352 0.00956225129408 -0.0899020764852 -0.00621658073055 0.342699318317 -0.273398155811 0.413354795253
# log_recruit_devs:
 -0.0474767271550 -0.0592779189485 -0.0486411156813 0.0737070142026 0.264495672025 -0.105235873754 0.255551934411 -0.0257205507546 0.220511331655 0.0472135247336 -0.0967732055526 0.116106900378 -0.292674789840 0.190085656135 -0.211323797054 -0.198644381995 -0.144327871231 0.313892344036 0.0724615176032 0.163907116465 -0.287905660907 -0.346824866610 0.271584170176 -0.421790623579 0.118616582072 0.165349184341 -0.0618578856026 -0.208871255849 0.0428322469936 0.241031329288
# log_N_year1_devs:
 -0.0606913459074 0.0334964789651 0.0355904703155 -0.0531532402467 -0.0318348932682 -0.0418564419106 -0.109340365308 -0.0720126481998 0.290925169824 -0.193552725238 -0.148088713267
# log_q_year1:
 -8.00879517432
# log_q_devs:
 0.00000000000 0.00000000000 0.00000000000 0.00000000000 0.00000000000 0.00000000000 0.00000000000 0.00000000000 0.00000000000 0.00000000000 0.00000000000 0.00000000000 0.00000000000 0.00000000000 0.00000000000 0.00000000000 0.00000000000 0.00000000000 0.00000000000 0.00000000000 0.00000000000 0.00000000000 0.00000000000 0.00000000000 0.00000000000 0.00000000000 0.00000000000 0.00000000000 0.00000000000
# index_sel_params[1]:
1.50585247840
# index_sel_params[2]:
0.507517069907
# log_SR_scaler:
6.96127266432
# SR_steepness:
0.750000000000
