#######GENERAL HEADER INPUT#######
1
30
1
30
1
30
30
12
1	2	3	4	5	6	7	8	9	10	11	12
12
1	2	3	4	5	6	7	8	9	10	11	12
1
1001
1
1
#######SURVEY DATA#######
30
1	2	3	4	5	6	7	8	9	10	11	12	13	14	15	16	17	18	19	20	21	22	23	24	25	26	27	28	29	30
1.4664981218678	1.46806263990895	1.36900550448143	1.49957056004693	1.539340079404	1.47389700610903	0.980366850422718	1.3448371092495	1.23251900001909	0.976860724411958	0.975871056852699	0.957965825185448	1.11602475400819	1.19271566395876	0.873918039815592	0.882950167478868	1.17875502820954	1.02318911874121	0.979578857058719	0.79721857969596	0.811257372483167	0.760735755764484	0.63064396752154	0.677664954047796	0.699941897929298	0.492300901577864	0.563677613765019	0.56458691999631	0.455243453007547	0.520140880657984
0.2	0.2	0.2	0.2	0.2	0.2	0.2	0.2	0.2	0.2	0.2	0.2	0.2	0.2	0.2	0.2	0.2	0.2	0.2	0.2	0.2	0.2	0.2	0.2	0.2	0.2	0.2	0.2	0.2	0.2
30
1	2	3	4	5	6	7	8	9	10	11	12	13	14	15	16	17	18	19	20	21	22	23	24	25	26	27	28	29	30
200	200	200	200	200	200	200	200	200	200	200	200	200	200	200	200	200	200	200	200	200	200	200	200	200	200	200	200	200	200
200	200	200	200	200	200	200	200	200	200	200	200	200	200	200	200	200	200	200	200	200	200	200	200	200	200	200	200	200	200
0.075	0.12	0.16	0.1	0.135	0.095	0.045	0.06	0.025	0.035	0.03	0.12
0.04	0.135	0.145	0.13	0.09	0.1	0.05	0.075	0.04	0.04	0.045	0.11
0.065	0.13	0.13	0.125	0.13	0.095	0.055	0.07	0.045	0.035	0.03	0.09
0.07	0.135	0.13	0.105	0.135	0.09	0.065	0.085	0.015	0.03	0.025	0.115
0.06	0.15	0.22	0.095	0.085	0.085	0.05	0.055	0.04	0.02	0.03	0.11
0.035	0.15	0.135	0.135	0.105	0.075	0.06	0.055	0.055	0.03	0.045	0.12
0.135	0.09	0.13	0.18	0.09	0.075	0.055	0.025	0.05	0.03	0.04	0.1
0.08	0.23	0.11	0.12	0.1	0.09	0.05	0.035	0.03	0.025	0.03	0.1
0.085	0.145	0.185	0.075	0.13	0.07	0.065	0.02	0.02	0.03	0.045	0.13
0.06	0.205	0.17	0.14	0.045	0.08	0.08	0.055	0.035	0.02	0.03	0.08
0.09	0.12	0.14	0.175	0.14	0.06	0.06	0.08	0.025	0.015	0.015	0.08
0.09	0.175	0.125	0.165	0.105	0.13	0.04	0.06	0.035	0.03	0.02	0.025
0.12	0.255	0.17	0.085	0.045	0.075	0.08	0.03	0.025	0.02	0.045	0.05
0.09	0.225	0.21	0.11	0.065	0.055	0.06	0.06	0.025	0.02	0.005	0.075
0.045	0.24	0.235	0.135	0.1	0.065	0.04	0.035	0.03	0.01	0.01	0.055
0.135	0.095	0.22	0.175	0.115	0.07	0.065	0.035	0.04	0.01	0.005	0.035
0.1	0.24	0.15	0.14	0.14	0.07	0.055	0.025	0.015	0.01	0.015	0.04
0.045	0.255	0.275	0.065	0.135	0.09	0.06	0.02	0.02	0.01	0.01	0.015
0.065	0.235	0.225	0.2	0.045	0.08	0.07	0.04	0.01	0.01	0.005	0.015
0.095	0.175	0.165	0.205	0.16	0.04	0.045	0.035	0.025	0.015	0	0.04
0.08	0.225	0.175	0.14	0.135	0.085	0.03	0.03	0.025	0.025	0.01	0.04
0.09	0.14	0.315	0.13	0.065	0.08	0.085	0.01	0.03	0.03	0.01	0.015
0.11	0.24	0.235	0.155	0.075	0.04	0.055	0.035	0.01	0.03	0	0.015
0.135	0.27	0.19	0.15	0.1	0.06	0.03	0.005	0.025	0.005	0.01	0.02
0.115	0.35	0.265	0.085	0.065	0.05	0.01	0.005	0.025	0.01	0.01	0.01
0.08	0.21	0.345	0.145	0.07	0.025	0.05	0.02	0.015	0.01	0.01	0.02
0.145	0.255	0.135	0.235	0.11	0.05	0.045	0.01	0.01	0	0	0.005
0.14	0.22	0.25	0.145	0.1	0.09	0.015	0.005	0.015	0.005	0	0.015
0.13	0.29	0.2	0.155	0.09	0.055	0.04	0.01	0.015	0.005	0.005	0.005
0.115	0.2	0.28	0.15	0.08	0.04	0.095	0.015	0.01	0.005	0.005	0.005
#######LANDINGS DATA#######
1
30
161.708587501647	460.668633914882	739.468703582185	971.598952527017	755.399546595752	1281.74973785835	1226.50191000147	2365.77245631527	1261.07488465907	1470.49531883541	1545.60920639386	1533.48358146679	1066.75107134361	1522.25396979542	1549.97971064655	1372.31998685096	2496.23493851157	1852.85547843645	1699.93275213034	1559.90049140656	1927.16013275998	1263.28513668681	1887.44942187615	1362.13174645925	1264.78677080071	1117.01993608589	1062.23597484944	1380.14900200529	1001.24533579859	1406.23049424347
0.01	0.01	0.01	0.01	0.01	0.01	0.01	0.01	0.01	0.01	0.01	0.01	0.01	0.01	0.01	0.01	0.01	0.01	0.01	0.01	0.01	0.01	0.01	0.01	0.01	0.01	0.01	0.01	0.01	0.01
30
1	2	3	4	5	6	7	8	9	10	11	12	13	14	15	16	17	18	19	20	21	22	23	24	25	26	27	28	29	30
200	200	200	200	200	200	200	200	200	200	200	200	200	200	200	200	200	200	200	200	200	200	200	200	200	200	200	200	200	200
200	200	200	200	200	200	200	200	200	200	200	200	200	200	200	200	200	200	200	200	200	200	200	200	200	200	200	200	200	200
0.105	0.1	0.16	0.09	0.1	0.085	0.055	0.055	0.06	0.02	0.03	0.14
0.05	0.14	0.09	0.18	0.085	0.055	0.08	0.085	0.045	0.035	0.035	0.12
0.055	0.105	0.125	0.13	0.09	0.085	0.065	0.06	0.065	0.035	0.03	0.155
0.06	0.145	0.055	0.13	0.155	0.07	0.105	0.065	0.025	0.03	0.035	0.125
0.06	0.145	0.175	0.11	0.12	0.085	0.035	0.055	0.035	0.05	0.055	0.075
0.045	0.095	0.115	0.17	0.105	0.09	0.045	0.065	0.04	0.05	0.025	0.155
0.11	0.11	0.165	0.14	0.11	0.07	0.04	0.03	0.035	0.03	0.005	0.155
0.11	0.195	0.08	0.095	0.08	0.075	0.06	0.045	0.045	0.05	0.065	0.1
0.06	0.13	0.205	0.08	0.09	0.105	0.08	0.04	0.03	0.035	0.03	0.115
0.055	0.065	0.22	0.205	0.055	0.09	0.075	0.03	0.05	0.035	0.025	0.095
0.125	0.1	0.16	0.135	0.155	0.06	0.075	0.05	0.04	0.01	0.005	0.085
0.12	0.15	0.11	0.16	0.185	0.095	0.035	0.025	0.02	0.035	0.005	0.06
0.11	0.165	0.145	0.095	0.11	0.105	0.095	0.035	0.01	0.035	0.045	0.05
0.105	0.21	0.205	0.15	0.075	0.05	0.085	0.045	0.025	0.01	0.005	0.035
0.065	0.17	0.17	0.14	0.14	0.065	0.08	0.045	0.045	0.02	0.015	0.045
0.15	0.105	0.205	0.2	0.11	0.065	0.035	0.035	0.015	0.03	0.005	0.045
0.115	0.19	0.11	0.18	0.115	0.125	0.035	0.03	0.03	0.025	0.015	0.03
0.105	0.205	0.255	0.085	0.135	0.085	0.055	0.02	0.015	0	0	0.04
0.07	0.135	0.205	0.21	0.05	0.075	0.135	0.04	0.025	0.02	0.005	0.03
0.095	0.135	0.14	0.18	0.195	0.065	0.05	0.04	0.035	0.02	0.02	0.025
0.11	0.22	0.18	0.11	0.14	0.065	0.05	0.045	0.04	0.005	0.015	0.02
0.08	0.16	0.25	0.125	0.095	0.1	0.07	0.02	0.045	0.03	0.01	0.015
0.12	0.175	0.16	0.235	0.085	0.035	0.065	0.07	0.01	0.015	0.01	0.02
0.215	0.195	0.155	0.12	0.1	0.06	0.08	0.02	0.025	0	0.005	0.025
0.085	0.235	0.215	0.155	0.1	0.1	0.03	0.025	0.01	0.02	0	0.025
0.135	0.15	0.24	0.175	0.1	0.055	0.05	0.025	0.025	0.015	0.01	0.02
0.145	0.16	0.17	0.185	0.11	0.065	0.05	0.04	0.015	0.02	0.015	0.025
0.185	0.21	0.185	0.135	0.12	0.035	0.045	0.035	0.015	0.015	0.005	0.015
0.125	0.28	0.175	0.165	0.085	0.1	0.01	0.025	0.005	0.015	0.005	0.01
0.175	0.2	0.25	0.165	0.065	0.045	0.065	0.02	0.01	0.005	0	0
#######PARAMETER SECTION#######
800	400	1200	-4	800	-0.25	1
0.18	0.01	1	-4	0.18	-0.25	1
-1.36	-5	-0.001	-4	-1.36	-0.25	1
0.1	0.05	0.3	-4	0.1	-0.25	1
0.2	0.01	0.5	-4	0.2	-0.25	1
0.75	0.20001	1	-3	0.75	-0.25	1
13.815511	-1	200	1	13.815511	-0.25	1
0	-1	1	-4	0	-0.25	1
0.2	1e-04	1.2	-3	0.2	-0.25	1
0	-10	10	-6	0	-1	1
0	-10	10	-6	0	-1	1
2	0	12	2	2	-0.5	1
1	0	12	2	1	-0.5	1
2	0	12	-2	2	-0.5	1
1	0	12	-2	1	-0.5	1
1.5	0	12	2	1.5	-0.5	1
2	0	12	2	2	-0.5	1
-14.9213714866969	-30	5	1	-14.9213714866969	-1	1
1	0.1	2	-1	1	-1	1
-1.54399197800355	-10	1.39	1	-1.54399197800355	-1	1
#######DEV CONSTRAINTS and DEVS#######
-15	15	2
-15	15	2
-15	15	2
0	0	0	0	0	0	0	0	0	0	0	0	0	0	0	0	0	0	0	0	0	0	0	0	0	0	0	0	0	0
0	0	0	0	0	0	0	0	0	0	0	0	0	0	0	0	0	0	0	0	0	0	0	0	0	0	0	0	0	0
0	0	0	0	0	0	0	0	0	0	0
#######LIKELIHOOD WEIGHTS#######
1
1
1
1
0
1
0
0
0
#######MISCELLANEOUS STUFF SECTION#######
2.5e-08
3
0.5	0.5	0.5	0.5	0.5	0.5	0.5	0.5	0.5	0.5	0.5	0.5
0.0229773699100256	0.320821300824607	0.904650535100891	0.994779874306442	0.999738809680904	0.999986992871533	0.999999352405202	0.999999967758134	0.999999998394772	0.99999999992008	0.999999999996021	0.999999999999802
0.2	0.2	0.2	0.2	0.2	0.2	0.2	0.2	0.2	0.2	0.2	0.2
0
1
10
0.2
1
1	0	0	0	0	0	0	0	0	0	0	0
0	1	0	0	0	0	0	0	0	0	0	0
0	0	1	0	0	0	0	0	0	0	0	0
0	0	0	1	0	0	0	0	0	0	0	0
0	0	0	0	1	0	0	0	0	0	0	0
0	0	0	0	0	1	0	0	0	0	0	0
0	0	0	0	0	0	1	0	0	0	0	0
0	0	0	0	0	0	0	1	0	0	0	0
0	0	0	0	0	0	0	0	1	0	0	0
0	0	0	0	0	0	0	0	0	1	0	0
0	0	0	0	0	0	0	0	0	0	1	0
0	0	0	0	0	0	0	0	0	0	0	1
40
31
2
1
#######END OF DATA FILE#######
999
