# Number of parameters = 77  Objective function value = 26495.9  Maximum gradient component = 0.00461325
# sel_params[1]:
1.94094330928
# sel_params[2]:
1.01908581094
# log_Fmult_year1:
 -4.68914400598
# log_Fmult_devs:
 1.06121078423 0.502935688443 0.304665248508 -0.229824259241 0.580335961770 0.0157340442908 0.747948889604 -0.540279231610 0.179630334119 0.133191309474 0.0682147125643 -0.322886911006 0.381908292923 0.0647136122468 -0.107940634893 0.670509024045 -0.190265897170 -0.0110289962748 -0.0202174726852 0.325056233467 -0.310109263672 0.494720405748 -0.208493688968 -0.0260284757991 -0.0932837259031 -0.0236836905245 0.327692939885 -0.274893071232 0.434714786552
# log_recruit_devs:
 0.0585302869362 0.0705687623187 -0.0336403772793 0.339174165757 0.154116563461 -0.0101885388524 -0.292959002776 0.0717442608194 0.199415986824 -0.0518353670331 0.0684139823530 -0.176509971786 -0.0933191676824 0.173478142523 0.0264443735962 0.187619623305 0.0974028999294 -0.222509291387 -0.322969856657 0.0569451730687 0.104993713049 -0.291176228216 0.00336558554992 -0.171800137499 0.0605561486250 -0.289973084847 -0.162724788091 0.0903772759690 0.150132287600 0.206326580422
# log_N_year1_devs:
 0.0206085212900 -0.0497506964598 0.0357116381895 -0.0596062641160 0.0690235391506 -0.165632363028 0.0452785744134 -0.0977987463822 0.0543627187730 -0.0798590283602 -0.140672943865
# log_q_year1:
 -7.99343869410
# log_q_devs:
 0.00000000000 0.00000000000 0.00000000000 0.00000000000 0.00000000000 0.00000000000 0.00000000000 0.00000000000 0.00000000000 0.00000000000 0.00000000000 0.00000000000 0.00000000000 0.00000000000 0.00000000000 0.00000000000 0.00000000000 0.00000000000 0.00000000000 0.00000000000 0.00000000000 0.00000000000 0.00000000000 0.00000000000 0.00000000000 0.00000000000 0.00000000000 0.00000000000 0.00000000000
# index_sel_params[1]:
1.52088705724
# index_sel_params[2]:
0.525911201714
# log_SR_scaler:
6.92401030925
# SR_steepness:
0.750000000000
