#######GENERAL HEADER INPUT#######
1
30
1
30
1
30
30
12
1	2	3	4	5	6	7	8	9	10	11	12
12
1	2	3	4	5	6	7	8	9	10	11	12
1
1001
1
1
#######SURVEY DATA#######
30
1	2	3	4	5	6	7	8	9	10	11	12	13	14	15	16	17	18	19	20	21	22	23	24	25	26	27	28	29	30
1.3451257386509	1.62989180247507	1.43485849523062	1.25997990945662	1.25113369708132	1.52976200229147	1.44689701555226	1.04534711116555	1.05696803886033	0.9232917521002	1.33945097190876	1.17878634129739	1.04892598952907	1.03917932892099	0.885016643087277	0.926913505531161	0.867464600539961	0.923544013645582	0.722917996032308	0.768133441649913	0.713982710459761	0.533282892350708	0.711583979736901	0.641576323672764	0.548340029568994	0.642624336887847	0.647217495736112	0.658991295696143	0.528470003582355	0.508810764301367
0.2	0.2	0.2	0.2	0.2	0.2	0.2	0.2	0.2	0.2	0.2	0.2	0.2	0.2	0.2	0.2	0.2	0.2	0.2	0.2	0.2	0.2	0.2	0.2	0.2	0.2	0.2	0.2	0.2	0.2
30
1	2	3	4	5	6	7	8	9	10	11	12	13	14	15	16	17	18	19	20	21	22	23	24	25	26	27	28	29	30
200	200	200	200	200	200	200	200	200	200	200	200	200	200	200	200	200	200	200	200	200	200	200	200	200	200	200	200	200	200
200	200	200	200	200	200	200	200	200	200	200	200	200	200	200	200	200	200	200	200	200	200	200	200	200	200	200	200	200	200
0.085	0.17	0.15	0.12	0.085	0.095	0.08	0.05	0.025	0.02	0.01	0.11
0.06	0.135	0.17	0.09	0.06	0.1	0.09	0.07	0.04	0.03	0.01	0.145
0.05	0.15	0.185	0.145	0.095	0.08	0.035	0.055	0.04	0.025	0.025	0.115
0.06	0.155	0.16	0.105	0.105	0.08	0.07	0.055	0.025	0.03	0.01	0.145
0.055	0.125	0.16	0.19	0.08	0.075	0.075	0.06	0.03	0.035	0.035	0.08
0.09	0.125	0.13	0.155	0.12	0.06	0.05	0.09	0.04	0.015	0.03	0.095
0.05	0.115	0.165	0.13	0.135	0.1	0.045	0.05	0.055	0.045	0.015	0.095
0.045	0.135	0.15	0.13	0.115	0.105	0.045	0.065	0.025	0.025	0.03	0.13
0.09	0.165	0.17	0.12	0.115	0.075	0.075	0.05	0.025	0.025	0.015	0.075
0.115	0.22	0.13	0.075	0.095	0.07	0.055	0.055	0.035	0.04	0.005	0.105
0.045	0.275	0.18	0.095	0.065	0.065	0.04	0.03	0.02	0.035	0.025	0.125
0.055	0.125	0.255	0.16	0.055	0.085	0.065	0.035	0.035	0.02	0.015	0.095
0.07	0.215	0.145	0.185	0.15	0.045	0.07	0.03	0.005	0.01	0.01	0.065
0.09	0.13	0.195	0.13	0.16	0.065	0.05	0.045	0.03	0.02	0.03	0.055
0.13	0.155	0.175	0.13	0.08	0.11	0.07	0.04	0.02	0.01	0.02	0.06
0.115	0.205	0.23	0.115	0.1	0.08	0.045	0.055	0.015	0.005	0.015	0.02
0.09	0.215	0.225	0.12	0.08	0.055	0.05	0.055	0.025	0.005	0.025	0.055
0.075	0.2	0.205	0.175	0.11	0.07	0.035	0.03	0.03	0.03	0.01	0.03
0.095	0.23	0.22	0.125	0.185	0.04	0.015	0.035	0.005	0.02	0.005	0.025
0.08	0.17	0.195	0.215	0.1	0.07	0.06	0.01	0.035	0.01	0.02	0.035
0.095	0.215	0.17	0.135	0.135	0.07	0.045	0.035	0.035	0.01	0	0.055
0.16	0.185	0.255	0.12	0.115	0.065	0.025	0.01	0.02	0.005	0.005	0.035
0.06	0.345	0.185	0.115	0.07	0.06	0.085	0.03	0.025	0.005	0	0.02
0.115	0.21	0.33	0.105	0.07	0.04	0.065	0.015	0.02	0.015	0.005	0.01
0.135	0.18	0.21	0.26	0.065	0.055	0.02	0.02	0.015	0.03	0.005	0.005
0.2	0.205	0.2	0.135	0.135	0.05	0.01	0.02	0.015	0	0.01	0.02
0.055	0.34	0.25	0.13	0.065	0.075	0.02	0.02	0.005	0	0.01	0.03
0.125	0.14	0.3	0.125	0.165	0.06	0.05	0.01	0	0.015	0.005	0.005
0.08	0.225	0.185	0.245	0.12	0.07	0.025	0.02	0.005	0.005	0.01	0.01
0.145	0.24	0.225	0.12	0.135	0.065	0.035	0.015	0.015	0	0	0.005
#######LANDINGS DATA#######
1
30
162.087281218857	461.588364013752	744.792148921587	974.584508646656	759.504054092575	1299.0775328471	1241.04453218462	2356.97655430752	1208.410277185	1375.42858939651	1467.17950005718	1470.71241150589	1027.51397883194	1441.67219188543	1416.95432241402	1208.43856350228	2171.70370369054	1591.31033084651	1483.42001288305	1348.24944322572	1678.77104959521	1110.0569737627	1683.30922994841	1266.98354422862	1197.05130826695	1070.7738513532	1043.521911635	1385.5144693707	971.361669796469	1365.6620309795
0.01	0.01	0.01	0.01	0.01	0.01	0.01	0.01	0.01	0.01	0.01	0.01	0.01	0.01	0.01	0.01	0.01	0.01	0.01	0.01	0.01	0.01	0.01	0.01	0.01	0.01	0.01	0.01	0.01	0.01
30
1	2	3	4	5	6	7	8	9	10	11	12	13	14	15	16	17	18	19	20	21	22	23	24	25	26	27	28	29	30
200	200	200	200	200	200	200	200	200	200	200	200	200	200	200	200	200	200	200	200	200	200	200	200	200	200	200	200	200	200
200	200	200	200	200	200	200	200	200	200	200	200	200	200	200	200	200	200	200	200	200	200	200	200	200	200	200	200	200	200
0.045	0.105	0.13	0.14	0.065	0.085	0.095	0.095	0.065	0.025	0.035	0.115
0.065	0.145	0.095	0.125	0.12	0.055	0.045	0.06	0.045	0.04	0.03	0.175
0.07	0.15	0.1	0.115	0.08	0.075	0.065	0.05	0.055	0.045	0.04	0.155
0.075	0.12	0.145	0.12	0.045	0.105	0.09	0.02	0.06	0.05	0.03	0.14
0.035	0.1	0.145	0.09	0.12	0.11	0.05	0.055	0.04	0.05	0.04	0.165
0.055	0.175	0.085	0.14	0.15	0.095	0.045	0.045	0.06	0.045	0.03	0.075
0.065	0.135	0.165	0.115	0.12	0.1	0.045	0.045	0.03	0.04	0.035	0.105
0.055	0.115	0.115	0.105	0.135	0.1	0.09	0.055	0.035	0.035	0.005	0.155
0.08	0.07	0.095	0.125	0.1	0.08	0.08	0.095	0.05	0.03	0.035	0.16
0.14	0.165	0.125	0.1	0.085	0.045	0.055	0.04	0.055	0.035	0.04	0.115
0.095	0.17	0.23	0.115	0.06	0.085	0.06	0.035	0.015	0.01	0.035	0.09
0.105	0.115	0.185	0.155	0.12	0.065	0.06	0.03	0.03	0.015	0.02	0.1
0.08	0.155	0.145	0.17	0.14	0.05	0.04	0.04	0.05	0.015	0.025	0.09
0.11	0.12	0.155	0.13	0.165	0.075	0.04	0.025	0.025	0.04	0.02	0.095
0.145	0.14	0.11	0.16	0.105	0.115	0.075	0.045	0.005	0.025	0.005	0.07
0.09	0.2	0.15	0.14	0.095	0.055	0.065	0.055	0.02	0.025	0.03	0.075
0.13	0.135	0.225	0.16	0.08	0.06	0.065	0.08	0.015	0.02	0.01	0.02
0.08	0.195	0.175	0.14	0.115	0.095	0.045	0.02	0.045	0.03	0.02	0.04
0.1	0.15	0.2	0.175	0.15	0.075	0.055	0.025	0.01	0.015	0.01	0.035
0.1	0.125	0.22	0.185	0.11	0.075	0.065	0.04	0.015	0	0.02	0.045
0.145	0.165	0.135	0.15	0.15	0.065	0.07	0.025	0.04	0.015	0.015	0.025
0.17	0.17	0.2	0.12	0.1	0.06	0.075	0.025	0.03	0	0.005	0.045
0.125	0.265	0.165	0.18	0.09	0.055	0.05	0.015	0.025	0.005	0.005	0.02
0.15	0.18	0.3	0.13	0.095	0.03	0.035	0.035	0.02	0.01	0.005	0.01
0.145	0.155	0.195	0.2	0.085	0.065	0.035	0.015	0.045	0.025	0.005	0.03
0.17	0.27	0.175	0.16	0.105	0.03	0.035	0.02	0.01	0.005	0	0.02
0.085	0.245	0.22	0.175	0.125	0.09	0.015	0.015	0.005	0.01	0	0.015
0.165	0.095	0.285	0.17	0.07	0.11	0.065	0.015	0.01	0	0	0.015
0.16	0.205	0.15	0.245	0.11	0.035	0.04	0.04	0.01	0	0	0.005
0.2	0.16	0.23	0.09	0.14	0.065	0.045	0.03	0.01	0.015	0	0.015
#######PARAMETER SECTION#######
800	400	1200	-4	800	-0.25	1
0.18	0.01	1	-4	0.18	-0.25	1
-1.36	-5	-0.001	-4	-1.36	-0.25	1
0.1	0.05	0.3	-4	0.1	-0.25	1
0.2	0.01	0.5	-4	0.2	-0.25	1
0.75	0.20001	1	-3	0.75	-0.25	1
13.815511	-1	200	1	13.815511	-0.25	1
0	-1	1	-4	0	-0.25	1
0.2	1e-04	1.2	-3	0.2	-0.25	1
0	-10	10	-6	0	-1	1
0	-10	10	-6	0	-1	1
2	0	12	2	2	-0.5	1
1	0	12	2	1	-0.5	1
2	0	12	-2	2	-0.5	1
1	0	12	-2	1	-0.5	1
1.5	0	12	2	1.5	-0.5	1
2	0	12	2	2	-0.5	1
-14.865333861977	-30	5	1	-14.865333861977	-1	1
1	0.1	2	-1	1	-1	1
-1.54399197800355	-10	1.39	1	-1.54399197800355	-1	1
#######DEV CONSTRAINTS and DEVS#######
-15	15	2
-15	15	2
-15	15	2
0	0	0	0	0	0	0	0	0	0	0	0	0	0	0	0	0	0	0	0	0	0	0	0	0	0	0	0	0	0
0	0	0	0	0	0	0	0	0	0	0	0	0	0	0	0	0	0	0	0	0	0	0	0	0	0	0	0	0	0
0	0	0	0	0	0	0	0	0	0	0
#######LIKELIHOOD WEIGHTS#######
1
1
1
1
0
1
0
0
0
#######MISCELLANEOUS STUFF SECTION#######
2.5e-08
3
0.5	0.5	0.5	0.5	0.5	0.5	0.5	0.5	0.5	0.5	0.5	0.5
0.0229773699100256	0.320821300824607	0.904650535100891	0.994779874306442	0.999738809680904	0.999986992871533	0.999999352405202	0.999999967758134	0.999999998394772	0.99999999992008	0.999999999996021	0.999999999999802
0.2	0.2	0.2	0.2	0.2	0.2	0.2	0.2	0.2	0.2	0.2	0.2
0
1
10
0.2
1
1	0	0	0	0	0	0	0	0	0	0	0
0	1	0	0	0	0	0	0	0	0	0	0
0	0	1	0	0	0	0	0	0	0	0	0
0	0	0	1	0	0	0	0	0	0	0	0
0	0	0	0	1	0	0	0	0	0	0	0
0	0	0	0	0	1	0	0	0	0	0	0
0	0	0	0	0	0	1	0	0	0	0	0
0	0	0	0	0	0	0	1	0	0	0	0
0	0	0	0	0	0	0	0	1	0	0	0
0	0	0	0	0	0	0	0	0	1	0	0
0	0	0	0	0	0	0	0	0	0	1	0
0	0	0	0	0	0	0	0	0	0	0	1
40
31
2
1
#######END OF DATA FILE#######
999
