# Number of parameters = 77  Objective function value = 26083.5  Maximum gradient component = 0.000585829
# sel_params[1]:
2.10441682743
# sel_params[2]:
1.08247150552
# log_Fmult_year1:
 -4.69744083758
# log_Fmult_devs:
 1.06020343028 0.504067492094 0.318222822086 -0.238897162784 0.594432045136 0.0205667641911 0.744817587546 -0.527495602600 0.203269612156 0.125709249126 0.0788834904441 -0.319251591117 0.370880233796 0.0617346816051 -0.0949355365846 0.669587691447 -0.205484800601 -0.00731081526900 -0.0151033626478 0.341729628512 -0.322341871554 0.499244481071 -0.183700767946 -0.0132055255929 -0.0763205632211 0.0184254094188 0.372720670624 -0.223608089467 0.480416505622
# log_recruit_devs:
 -0.143462284010 0.00943091299466 -0.0819909547969 -0.101358615599 0.317046315056 0.0281115952614 -0.0630633576377 0.441209590073 -0.0466721562657 0.425082463818 0.255153544089 -0.144923696889 -0.503784407758 0.488911570597 0.221661416131 0.0104030227141 -0.329360087203 -0.304974718491 0.399929703503 -0.347101274888 -0.520117328590 -0.639105291750 -0.191300003225 0.247142215015 0.472869390233 0.308522998694 0.0723173995405 -0.262016998446 -0.132709437848 0.114148475679
# log_N_year1_devs:
 -0.0180830629339 -0.0322977371811 0.0474935309944 0.121078864529 -0.149536574574 -0.0670805711839 0.0890058892499 0.0165906567136 0.103370623491 -0.389235970820 -0.0588385945934
# log_q_year1:
 -8.03458206516
# log_q_devs:
 0.00000000000 0.00000000000 0.00000000000 0.00000000000 0.00000000000 0.00000000000 0.00000000000 0.00000000000 0.00000000000 0.00000000000 0.00000000000 0.00000000000 0.00000000000 0.00000000000 0.00000000000 0.00000000000 0.00000000000 0.00000000000 0.00000000000 0.00000000000 0.00000000000 0.00000000000 0.00000000000 0.00000000000 0.00000000000 0.00000000000 0.00000000000 0.00000000000 0.00000000000
# index_sel_params[1]:
1.41043073748
# index_sel_params[2]:
0.459101017652
# log_SR_scaler:
6.95506114071
# SR_steepness:
0.750000000000
