#######GENERAL HEADER INPUT#######
1
30
1
30
1
30
30
12
1	2	3	4	5	6	7	8	9	10	11	12
12
1	2	3	4	5	6	7	8	9	10	11	12
1
1001
1
1
#######SURVEY DATA#######
30
1	2	3	4	5	6	7	8	9	10	11	12	13	14	15	16	17	18	19	20	21	22	23	24	25	26	27	28	29	30
1.50155756398744	1.43815792669775	1.31324558224379	1.21487956549631	1.31035444642063	1.33728738807733	1.07375174232588	1.02413020498148	1.24510665577296	1.17599868996067	1.25837026292743	1.19654916724987	1.2279590901457	0.975884481881756	0.992808452805251	0.941123000371265	0.92807341601607	0.836775084604561	0.730200566370237	0.829509058517138	0.673119418705724	0.854780984111622	0.7057593996536	0.804850780136872	0.685092983142947	0.560807194010172	0.64828690587927	0.66134815212443	0.616049541464008	0.542720901215051
0.2	0.2	0.2	0.2	0.2	0.2	0.2	0.2	0.2	0.2	0.2	0.2	0.2	0.2	0.2	0.2	0.2	0.2	0.2	0.2	0.2	0.2	0.2	0.2	0.2	0.2	0.2	0.2	0.2	0.2
30
1	2	3	4	5	6	7	8	9	10	11	12	13	14	15	16	17	18	19	20	21	22	23	24	25	26	27	28	29	30
200	200	200	200	200	200	200	200	200	200	200	200	200	200	200	200	200	200	200	200	200	200	200	200	200	200	200	200	200	200
200	200	200	200	200	200	200	200	200	200	200	200	200	200	200	200	200	200	200	200	200	200	200	200	200	200	200	200	200	200
0.06	0.14	0.14	0.115	0.095	0.11	0.075	0.065	0.03	0.03	0.005	0.135
0.035	0.17	0.175	0.145	0.095	0.07	0.065	0.035	0.035	0.02	0.05	0.105
0.055	0.09	0.145	0.135	0.095	0.085	0.08	0.075	0.04	0.025	0.015	0.16
0.075	0.12	0.12	0.11	0.11	0.105	0.045	0.025	0.07	0.045	0.04	0.135
0.055	0.12	0.095	0.135	0.09	0.09	0.095	0.06	0.07	0.05	0.02	0.12
0.03	0.155	0.185	0.105	0.08	0.065	0.09	0.035	0.065	0.04	0.055	0.095
0.055	0.125	0.12	0.16	0.1	0.085	0.065	0.07	0.045	0.025	0.05	0.1
0.06	0.26	0.145	0.14	0.11	0.07	0.045	0.045	0.03	0.02	0.005	0.07
0.12	0.22	0.145	0.09	0.1	0.055	0.025	0.045	0.065	0.02	0.045	0.07
0.065	0.2	0.135	0.165	0.075	0.075	0.08	0.05	0.035	0.025	0.005	0.09
0.05	0.13	0.275	0.145	0.12	0.07	0.035	0.07	0.025	0.005	0	0.075
0.055	0.195	0.15	0.185	0.125	0.085	0.055	0.025	0.025	0.02	0.01	0.07
0.07	0.165	0.265	0.085	0.15	0.065	0.06	0.025	0.03	0.02	0.015	0.05
0.125	0.14	0.145	0.225	0.07	0.095	0.08	0.05	0.025	0.01	0.01	0.025
0.085	0.225	0.165	0.11	0.125	0.065	0.075	0.06	0.025	0.01	0.025	0.03
0.1	0.18	0.205	0.115	0.115	0.06	0.06	0.035	0.035	0.03	0.005	0.06
0.115	0.18	0.17	0.17	0.1	0.06	0.055	0.035	0.045	0.015	0.02	0.035
0.11	0.2	0.19	0.13	0.115	0.075	0.04	0.035	0.01	0.035	0.02	0.04
0.115	0.245	0.165	0.135	0.08	0.07	0.06	0.025	0.04	0.015	0.025	0.025
0.155	0.165	0.22	0.125	0.105	0.065	0.05	0.01	0.035	0.03	0.015	0.025
0.09	0.235	0.205	0.175	0.07	0.06	0.04	0.05	0.025	0.005	0.015	0.03
0.11	0.23	0.245	0.19	0.125	0.035	0.02	0	0.015	0.01	0	0.02
0.155	0.265	0.19	0.165	0.075	0.07	0.025	0.02	0.01	0.005	0.01	0.01
0.115	0.295	0.205	0.155	0.065	0.07	0.035	0.02	0.005	0.02	0.005	0.01
0.13	0.22	0.255	0.195	0.045	0.06	0.04	0.02	0.02	0.005	0	0.01
0.145	0.225	0.2	0.185	0.16	0.035	0.01	0.02	0	0.005	0.005	0.01
0.105	0.26	0.215	0.14	0.1	0.07	0.03	0.03	0.025	0.015	0	0.01
0.14	0.235	0.23	0.19	0.05	0.095	0.03	0.01	0.005	0	0.005	0.01
0.14	0.335	0.21	0.12	0.07	0.05	0.03	0.01	0.005	0.005	0.005	0.02
0.105	0.26	0.245	0.2	0.08	0.07	0.025	0.01	0.005	0	0	0
#######LANDINGS DATA#######
1
30
160.813935989919	456.578770833211	732.169712690207	958.786213070365	728.926825755131	1232.56307113998	1164.25552357071	2246.28430726621	1209.66806426081	1387.77706294972	1515.60336982687	1551.50717795935	1102.24153773373	1560.26193937167	1572.20128	1342.29902911348	2374.58782644981	1681.14992475605	1513.55249959245	1409.30456869418	1775.70776815609	1177.58882778688	1791.9129574298	1370.81709508259	1311.96917778342	1184.45468213946	1144.73708203816	1537.85459624742	1122.11558302571	1608.32826785923
0.01	0.01	0.01	0.01	0.01	0.01	0.01	0.01	0.01	0.01	0.01	0.01	0.01	0.01	0.01	0.01	0.01	0.01	0.01	0.01	0.01	0.01	0.01	0.01	0.01	0.01	0.01	0.01	0.01	0.01
30
1	2	3	4	5	6	7	8	9	10	11	12	13	14	15	16	17	18	19	20	21	22	23	24	25	26	27	28	29	30
200	200	200	200	200	200	200	200	200	200	200	200	200	200	200	200	200	200	200	200	200	200	200	200	200	200	200	200	200	200
200	200	200	200	200	200	200	200	200	200	200	200	200	200	200	200	200	200	200	200	200	200	200	200	200	200	200	200	200	200
0.08	0.085	0.125	0.105	0.12	0.085	0.08	0.055	0.05	0.04	0.035	0.14
0.07	0.125	0.085	0.14	0.11	0.11	0.05	0.045	0.04	0.05	0.04	0.135
0.035	0.085	0.165	0.125	0.15	0.095	0.055	0.1	0.025	0.03	0.035	0.1
0.085	0.08	0.135	0.12	0.135	0.09	0.06	0.045	0.04	0.035	0.04	0.135
0.065	0.14	0.115	0.085	0.07	0.095	0.09	0.07	0.055	0.025	0.055	0.135
0.07	0.125	0.14	0.095	0.105	0.065	0.085	0.06	0.04	0.035	0.03	0.15
0.06	0.115	0.125	0.115	0.095	0.1	0.07	0.085	0.045	0.01	0.01	0.17
0.105	0.16	0.145	0.145	0.11	0.04	0.03	0.035	0.045	0.05	0.03	0.105
0.14	0.145	0.175	0.045	0.09	0.045	0.04	0.055	0.095	0.01	0.045	0.115
0.09	0.14	0.17	0.16	0.105	0.08	0.07	0.025	0.025	0.035	0.03	0.07
0.125	0.115	0.18	0.145	0.135	0.035	0.045	0.06	0.035	0.005	0.035	0.085
0.085	0.22	0.125	0.165	0.1	0.09	0.035	0.045	0.015	0.015	0.015	0.09
0.1	0.145	0.17	0.115	0.145	0.12	0.07	0.02	0.035	0.015	0.01	0.055
0.115	0.15	0.16	0.165	0.09	0.09	0.055	0.055	0.03	0.025	0.01	0.055
0.1	0.18	0.175	0.105	0.135	0.085	0.04	0.04	0.055	0.02	0.02	0.045
0.085	0.155	0.175	0.165	0.115	0.105	0.04	0.06	0.03	0.02	0.01	0.04
0.1	0.13	0.16	0.145	0.14	0.07	0.075	0.05	0.04	0.025	0.015	0.05
0.175	0.18	0.17	0.11	0.12	0.075	0.045	0.02	0.015	0.02	0.005	0.065
0.095	0.18	0.105	0.12	0.095	0.14	0.075	0.035	0.075	0.025	0.025	0.03
0.105	0.22	0.2	0.14	0.05	0.075	0.06	0.04	0.02	0.04	0.005	0.045
0.11	0.19	0.145	0.16	0.095	0.075	0.07	0.05	0.06	0.01	0.01	0.025
0.19	0.13	0.2	0.115	0.1	0.08	0.04	0.035	0.045	0.01	0.015	0.04
0.215	0.245	0.15	0.09	0.1	0.085	0.05	0.015	0.02	0.015	0.005	0.01
0.12	0.275	0.255	0.105	0.095	0.06	0.035	0.02	0.005	0.015	0.01	0.005
0.21	0.15	0.235	0.19	0.06	0.06	0.04	0.035	0	0	0.005	0.015
0.17	0.245	0.16	0.125	0.135	0.08	0.03	0.015	0.015	0.01	0.01	0.005
0.175	0.255	0.15	0.13	0.11	0.06	0.02	0.015	0.03	0.025	0.015	0.015
0.14	0.195	0.27	0.16	0.08	0.065	0.05	0.015	0.005	0.005	0.005	0.01
0.14	0.26	0.185	0.155	0.1	0.075	0.045	0.01	0.01	0.01	0.005	0.005
0.105	0.26	0.21	0.15	0.1	0.08	0.035	0.04	0.01	0	0.005	0.005
#######PARAMETER SECTION#######
800	400	1200	-4	800	-0.25	1
0.18	0.01	1	-4	0.18	-0.25	1
-1.36	-5	-0.001	-4	-1.36	-0.25	1
0.1	0.05	0.3	-4	0.1	-0.25	1
0.2	0.01	0.5	-4	0.2	-0.25	1
0.75	0.20001	1	-3	0.75	-0.25	1
13.815511	-1	200	1	13.815511	-0.25	1
0	-1	1	-4	0	-0.25	1
0.2	1e-04	1.2	-3	0.2	-0.25	1
0	-10	10	-6	0	-1	1
0	-10	10	-6	0	-1	1
2	0	12	2	2	-0.5	1
1	0	12	2	1	-0.5	1
2	0	12	-2	2	-0.5	1
1	0	12	-2	1	-0.5	1
1.5	0	12	2	1.5	-0.5	1
2	0	12	2	2	-0.5	1
-14.9056503578342	-30	5	1	-14.9056503578342	-1	1
1	0.1	2	-1	1	-1	1
-1.54399197800355	-10	1.39	1	-1.54399197800355	-1	1
#######DEV CONSTRAINTS and DEVS#######
-15	15	2
-15	15	2
-15	15	2
0	0	0	0	0	0	0	0	0	0	0	0	0	0	0	0	0	0	0	0	0	0	0	0	0	0	0	0	0	0
0	0	0	0	0	0	0	0	0	0	0	0	0	0	0	0	0	0	0	0	0	0	0	0	0	0	0	0	0	0
0	0	0	0	0	0	0	0	0	0	0
#######LIKELIHOOD WEIGHTS#######
1
1
1
1
0
1
0
0
0
#######MISCELLANEOUS STUFF SECTION#######
2.5e-08
3
0.5	0.5	0.5	0.5	0.5	0.5	0.5	0.5	0.5	0.5	0.5	0.5
0.0229773699100256	0.320821300824607	0.904650535100891	0.994779874306442	0.999738809680904	0.999986992871533	0.999999352405202	0.999999967758134	0.999999998394772	0.99999999992008	0.999999999996021	0.999999999999802
0.2	0.2	0.2	0.2	0.2	0.2	0.2	0.2	0.2	0.2	0.2	0.2
0
1
10
0.2
1
1	0	0	0	0	0	0	0	0	0	0	0
0	1	0	0	0	0	0	0	0	0	0	0
0	0	1	0	0	0	0	0	0	0	0	0
0	0	0	1	0	0	0	0	0	0	0	0
0	0	0	0	1	0	0	0	0	0	0	0
0	0	0	0	0	1	0	0	0	0	0	0
0	0	0	0	0	0	1	0	0	0	0	0
0	0	0	0	0	0	0	1	0	0	0	0
0	0	0	0	0	0	0	0	1	0	0	0
0	0	0	0	0	0	0	0	0	1	0	0
0	0	0	0	0	0	0	0	0	0	1	0
0	0	0	0	0	0	0	0	0	0	0	1
40
31
2
1
#######END OF DATA FILE#######
999
