# Number of parameters = 77  Objective function value = 26409.3  Maximum gradient component = 0.00154075
# sel_params[1]:
1.96377416682
# sel_params[2]:
1.00456169167
# log_Fmult_year1:
 -4.70392418253
# log_Fmult_devs:
 1.06932118620 0.492424265714 0.297316164234 -0.231201820598 0.579712887156 0.00675188765154 0.740180176767 -0.539049042956 0.194259467417 0.138985274161 0.0604680717002 -0.309024337622 0.375717122104 0.0621059746784 -0.0964720323354 0.683105836143 -0.197999519735 -0.00408613662886 -0.00429774270874 0.323455312539 -0.332371451232 0.499726948969 -0.207868259959 -0.00769693089624 -0.116361042766 -0.0299303780299 0.307069077444 -0.314227355453 0.374259911862
# log_recruit_devs:
 0.0633013307364 -0.0738703237038 0.150150925730 -0.100437868387 0.216010747208 0.0605025265053 -0.0341926403605 0.0856966234185 -0.0283011685518 0.140876297738 -0.164317142025 0.217277735670 -0.106486651459 0.0687026779781 0.157267461086 -0.0803524318184 -0.122810949902 -0.152566761155 -0.168390592276 0.110337813675 -0.0811569282962 0.134832715926 -0.322929273077 -0.191442900691 0.188981018623 0.0967892279455 0.263275483559 -0.431221341111 0.123203170165 -0.0187287831524
# log_N_year1_devs:
 0.0144886896436 0.105967700946 0.0576584600936 -0.154851574160 -0.0740532534766 0.0496894473060 0.0485845236657 -0.298536957316 -0.0300316912810 0.100297582504 -0.0604533289093
# log_q_year1:
 -8.01334503491
# log_q_devs:
 0.00000000000 0.00000000000 0.00000000000 0.00000000000 0.00000000000 0.00000000000 0.00000000000 0.00000000000 0.00000000000 0.00000000000 0.00000000000 0.00000000000 0.00000000000 0.00000000000 0.00000000000 0.00000000000 0.00000000000 0.00000000000 0.00000000000 0.00000000000 0.00000000000 0.00000000000 0.00000000000 0.00000000000 0.00000000000 0.00000000000 0.00000000000 0.00000000000 0.00000000000
# index_sel_params[1]:
1.44602630320
# index_sel_params[2]:
0.463116829898
# log_SR_scaler:
6.93567060092
# SR_steepness:
0.750000000000
