#styr												
1
#endyr												
30
#rec_age										
1															
#n_ages										
12
# numbers of length intervals
81
#Length	bin
10	11	12	13	14	15	16	17	18	19	20	21	22	23	24	25	26	27	28	29	30	31	32	33	34	35	36	37	38	39	40	41	42	43	44	45	46	47	48	49	50	51	52	53	54	55	56	57	58	59	60	61	62	63	64	65	66	67	68	69	70	71	72	73	74	75	76	77	78	79	80	81	82	83	84	85	86	87	88	89	90
#nfsh
1
#names_fsh
FLEET1												
#catch												
160.947243860467	459.283635584289	751.63216313399	967.687418147502	738.186211341826	1291.53180144689	1234.10119259996	2432.08496479327	1312.33468258355	1502.44693059506	1590.74686576847	1579.65024478684	1077.98700362198	1484.70117461706	1453.1086686948	1222.94076895898	2102.03108000937	1480.04698919008	1334.67659276937	1265.58356224126	1650.34761970918	1118.99186858986	1684.27612025841	1262.25946077972	1215.11982867334	1089.3861245136	1034.63353911185	1339.7694694393	929.606277868976	1305.6947472696
#catch_cv											
0.01	0.01	0.01	0.01	0.01	0.01	0.01	0.01	0.01	0.01	0.01	0.01	0.01	0.01	0.01	0.01	0.01	0.01	0.01	0.01	0.01	0.01	0.01	0.01	0.01	0.01	0.01	0.01	0.01	0.01
#n_ages_fsh								
30		
#n_lengths_fsh								
0															
#yrs_ages_fsh								
1	2	3	4	5	6	7	8	9	10	11	12	13	14	15	16	17	18	19	20	21	22	23	24	25	26	27	28	29	30	
#sample_ages_fsh							
200	200	200	200	200	200	200	200	200	200	200	200	200	200	200	200	200	200	200	200	200	200	200	200	200	200	200	200	200	200
#page_fsh	2	3	4	5	6	7	8	9	10	11						
0.085	0.105	0.1	0.1	0.105	0.14	0.04	0.07	0.03	0.035	0.03	0.16
0.085	0.125	0.11	0.16	0.08	0.065	0.075	0.075	0.055	0.03	0.03	0.11
0.03	0.12	0.095	0.145	0.105	0.09	0.105	0.045	0.05	0.045	0.03	0.14
0.105	0.095	0.14	0.1	0.115	0.095	0.025	0.065	0.045	0.03	0.05	0.135
0.07	0.135	0.09	0.105	0.125	0.07	0.07	0.06	0.045	0.06	0.04	0.13
0.085	0.105	0.15	0.12	0.125	0.085	0.055	0.05	0.04	0.04	0.025	0.12
0.065	0.14	0.145	0.165	0.085	0.055	0.05	0.07	0.07	0.035	0.03	0.09
0.06	0.15	0.165	0.19	0.105	0.05	0.045	0.055	0.065	0.03	0	0.085
0.075	0.15	0.125	0.155	0.12	0.09	0.035	0.04	0.02	0.02	0.03	0.14
0.09	0.115	0.095	0.155	0.15	0.095	0.085	0.055	0.035	0.04	0.015	0.07
0.125	0.135	0.09	0.16	0.12	0.075	0.08	0.05	0.01	0.025	0.035	0.095
0.06	0.135	0.16	0.16	0.12	0.1	0.06	0.055	0.05	0.015	0.015	0.07
0.075	0.095	0.2	0.09	0.14	0.09	0.08	0.06	0.045	0.05	0.02	0.055
0.055	0.13	0.14	0.175	0.09	0.085	0.065	0.06	0.045	0.04	0.035	0.08
0.09	0.14	0.165	0.16	0.135	0.065	0.045	0.08	0.035	0.025	0.02	0.04
0.115	0.215	0.075	0.125	0.115	0.075	0.05	0.05	0.055	0.04	0.02	0.065
0.065	0.21	0.165	0.11	0.135	0.06	0.07	0.05	0.01	0.025	0.025	0.075
0.155	0.14	0.17	0.155	0.075	0.06	0.06	0.055	0.02	0.025	0.015	0.07
0.185	0.215	0.08	0.125	0.095	0.07	0.075	0.045	0.055	0.01	0.01	0.035
0.05	0.335	0.2	0.055	0.12	0.07	0.045	0.025	0.045	0.025	0.01	0.02
0.085	0.12	0.335	0.24	0.065	0.04	0.035	0.025	0.025	0.005	0.005	0.02
0.165	0.125	0.15	0.255	0.11	0.04	0.04	0.05	0.01	0.01	0.005	0.04
0.18	0.21	0.105	0.13	0.215	0.05	0.02	0.04	0.03	0	0.005	0.015
0.165	0.24	0.23	0.085	0.075	0.085	0.07	0.005	0.015	0.015	0.01	0.005
0.135	0.17	0.265	0.18	0.065	0.06	0.035	0.04	0.01	0.015	0.005	0.02
0.125	0.155	0.245	0.205	0.115	0.04	0.025	0.025	0.035	0	0.005	0.025
0.185	0.13	0.205	0.175	0.135	0.06	0.04	0.03	0.03	0	0.005	0.005
0.125	0.205	0.16	0.155	0.14	0.06	0.05	0.045	0.035	0.015	0.005	0.005
0.145	0.14	0.26	0.125	0.115	0.11	0.03	0.02	0.015	0.01	0.01	0.02
0.205	0.195	0.185	0.15	0.06	0.08	0.055	0.02	0.02	0.02	0.005	0.005
#wt_age_fsh	1 2	3	4	5	6	7	8	9	10	11						
0.000530656	0.001196328	0.002058265	0.003034987	0.004055212	0.005064698	0.006026226	0.006916921	0.007724891	0.008446113	0.009081853	0.009636695
0.000530656	0.001196328	0.002058265	0.003034987	0.004055212	0.005064698	0.006026226	0.006916921	0.007724891	0.008446113	0.009081853	0.009636695
0.000530656	0.001196328	0.002058265	0.003034987	0.004055212	0.005064698	0.006026226	0.006916921	0.007724891	0.008446113	0.009081853	0.009636695
0.000530656	0.001196328	0.002058265	0.003034987	0.004055212	0.005064698	0.006026226	0.006916921	0.007724891	0.008446113	0.009081853	0.009636695
0.000530656	0.001196328	0.002058265	0.003034987	0.004055212	0.005064698	0.006026226	0.006916921	0.007724891	0.008446113	0.009081853	0.009636695
0.000530656	0.001196328	0.002058265	0.003034987	0.004055212	0.005064698	0.006026226	0.006916921	0.007724891	0.008446113	0.009081853	0.009636695
0.000530656	0.001196328	0.002058265	0.003034987	0.004055212	0.005064698	0.006026226	0.006916921	0.007724891	0.008446113	0.009081853	0.009636695
0.000530656	0.001196328	0.002058265	0.003034987	0.004055212	0.005064698	0.006026226	0.006916921	0.007724891	0.008446113	0.009081853	0.009636695
0.000530656	0.001196328	0.002058265	0.003034987	0.004055212	0.005064698	0.006026226	0.006916921	0.007724891	0.008446113	0.009081853	0.009636695
0.000530656	0.001196328	0.002058265	0.003034987	0.004055212	0.005064698	0.006026226	0.006916921	0.007724891	0.008446113	0.009081853	0.009636695
0.000530656	0.001196328	0.002058265	0.003034987	0.004055212	0.005064698	0.006026226	0.006916921	0.007724891	0.008446113	0.009081853	0.009636695
0.000530656	0.001196328	0.002058265	0.003034987	0.004055212	0.005064698	0.006026226	0.006916921	0.007724891	0.008446113	0.009081853	0.009636695
0.000530656	0.001196328	0.002058265	0.003034987	0.004055212	0.005064698	0.006026226	0.006916921	0.007724891	0.008446113	0.009081853	0.009636695
0.000530656	0.001196328	0.002058265	0.003034987	0.004055212	0.005064698	0.006026226	0.006916921	0.007724891	0.008446113	0.009081853	0.009636695
0.000530656	0.001196328	0.002058265	0.003034987	0.004055212	0.005064698	0.006026226	0.006916921	0.007724891	0.008446113	0.009081853	0.009636695
0.000530656	0.001196328	0.002058265	0.003034987	0.004055212	0.005064698	0.006026226	0.006916921	0.007724891	0.008446113	0.009081853	0.009636695
0.000530656	0.001196328	0.002058265	0.003034987	0.004055212	0.005064698	0.006026226	0.006916921	0.007724891	0.008446113	0.009081853	0.009636695
0.000530656	0.001196328	0.002058265	0.003034987	0.004055212	0.005064698	0.006026226	0.006916921	0.007724891	0.008446113	0.009081853	0.009636695
0.000530656	0.001196328	0.002058265	0.003034987	0.004055212	0.005064698	0.006026226	0.006916921	0.007724891	0.008446113	0.009081853	0.009636695
0.000530656	0.001196328	0.002058265	0.003034987	0.004055212	0.005064698	0.006026226	0.006916921	0.007724891	0.008446113	0.009081853	0.009636695
0.000530656	0.001196328	0.002058265	0.003034987	0.004055212	0.005064698	0.006026226	0.006916921	0.007724891	0.008446113	0.009081853	0.009636695
0.000530656	0.001196328	0.002058265	0.003034987	0.004055212	0.005064698	0.006026226	0.006916921	0.007724891	0.008446113	0.009081853	0.009636695
0.000530656	0.001196328	0.002058265	0.003034987	0.004055212	0.005064698	0.006026226	0.006916921	0.007724891	0.008446113	0.009081853	0.009636695
0.000530656	0.001196328	0.002058265	0.003034987	0.004055212	0.005064698	0.006026226	0.006916921	0.007724891	0.008446113	0.009081853	0.009636695
0.000530656	0.001196328	0.002058265	0.003034987	0.004055212	0.005064698	0.006026226	0.006916921	0.007724891	0.008446113	0.009081853	0.009636695
0.000530656	0.001196328	0.002058265	0.003034987	0.004055212	0.005064698	0.006026226	0.006916921	0.007724891	0.008446113	0.009081853	0.009636695
0.000530656	0.001196328	0.002058265	0.003034987	0.004055212	0.005064698	0.006026226	0.006916921	0.007724891	0.008446113	0.009081853	0.009636695
0.000530656	0.001196328	0.002058265	0.003034987	0.004055212	0.005064698	0.006026226	0.006916921	0.007724891	0.008446113	0.009081853	0.009636695
0.000530656	0.001196328	0.002058265	0.003034987	0.004055212	0.005064698	0.006026226	0.006916921	0.007724891	0.008446113	0.009081853	0.009636695
0.000530656	0.001196328	0.002058265	0.003034987	0.004055212	0.005064698	0.006026226	0.006916921	0.007724891	0.008446113	0.009081853	0.009636695
#nind
1
#ind_names									
SURVEY1									
#nobs_ind
30
#yrs_ind											
1	2	3	4	5	6	7	8	9	10	11	12	13	14	15	16	17	18	19	20	21	22	23	24	25	26	27	28	29	30	
#month_ind										
1															
#biom_ind											
1.51600161232254	1.40035277386915	1.60764211691311	1.24991242025342	1.53467931045497	1.61308457576588	1.40420054329676	1.44989929148986	1.19994302530037	1.28370262535265	1.00303775528679	1.08122710883445	0.967610389216073	0.98562619097367	0.805112830669966	0.877834331055029	0.823404105748021	0.786703818770404	0.755165014969573	0.842119899740866	0.85454277773716	0.650607368399553	0.712974075114619	0.760301111375273	0.660081371435243	0.657789256389072	0.492343217127632	0.558196005139526	0.551527547028477	0.525202779152228
#biom_cv																
0.303200322464507	0.280070554773831	0.321528423382621	0.249982484050684	0.306935862090994	0.322616915153177	0.280840108659352	0.289979858297973	0.239988605060074	0.25674052507053	0.200607551057357	0.216245421766889	0.193522077843215	0.197125238194734	0.161022566133993	0.175566866211006	0.164680821149604	0.157340763754081	0.151033002993915	0.168423979948173	0.170908555547432	0.130121473679911	0.142594815022924	0.152060222275055	0.132016274287049	0.131557851277814	0.0984686434255265	0.111639201027905	0.110305509405695	0.105040555830446
#n_ages_ind															
30			
#n_lengths_ind															
0															
#yrs_ages_ind															
1	2	3	4	5	6	7	8	9	10	11	12	13	14	15	16	17	18	19	20	21	22	23	24	25	26	27	28	29	30	
#sample_ages_ind					
200	200	200	200	200	200	200	200	200	200	200	200	200	200	200	200	200	200	200	200	200	200	200	200	200	200	200	200	200	200
#page_ind						
0.065	0.13	0.125	0.145	0.125	0.095	0.07	0.05	0.05	0.015	0.025	0.105
0.04	0.1	0.115	0.13	0.125	0.105	0.095	0.065	0.06	0.03	0.015	0.12
0.04	0.1	0.16	0.145	0.11	0.115	0.08	0.045	0.045	0.045	0.03	0.085
0.05	0.115	0.165	0.125	0.105	0.08	0.05	0.045	0.035	0.03	0.025	0.175
0.06	0.18	0.1	0.14	0.065	0.065	0.095	0.055	0.045	0.02	0.015	0.16
0.065	0.17	0.2	0.075	0.1	0.08	0.04	0.08	0.07	0.03	0.015	0.075
0.065	0.14	0.2	0.145	0.085	0.08	0.085	0.02	0.045	0.02	0.015	0.1
0.05	0.2	0.15	0.135	0.145	0.035	0.065	0.055	0.035	0.01	0.025	0.095
0.065	0.185	0.195	0.135	0.095	0.09	0.05	0.055	0.02	0.03	0.04	0.04
0.065	0.18	0.15	0.13	0.12	0.095	0.02	0.04	0.045	0.01	0.015	0.13
0.1	0.22	0.145	0.1	0.12	0.09	0.065	0.02	0.01	0.01	0.015	0.105
0.05	0.17	0.195	0.15	0.105	0.08	0.05	0.06	0.025	0.02	0.015	0.08
0.1	0.17	0.23	0.135	0.09	0.075	0.025	0.045	0.025	0.04	0.005	0.06
0.055	0.215	0.19	0.135	0.09	0.065	0.1	0.025	0.015	0.04	0.01	0.06
0.125	0.145	0.175	0.105	0.115	0.085	0.06	0.035	0.04	0.025	0.015	0.075
0.07	0.22	0.185	0.14	0.08	0.07	0.045	0.05	0.025	0.03	0.03	0.055
0.07	0.19	0.165	0.14	0.11	0.105	0.055	0.055	0.005	0.015	0.03	0.06
0.135	0.115	0.245	0.17	0.09	0.035	0.075	0.015	0.035	0.025	0.01	0.05
0.15	0.205	0.115	0.12	0.15	0.075	0.05	0.025	0.03	0.04	0.015	0.025
0.07	0.335	0.245	0.095	0.075	0.055	0.025	0.02	0.015	0.02	0.01	0.035
0.05	0.21	0.31	0.19	0.065	0.065	0.025	0.015	0.01	0.02	0.005	0.035
0.145	0.13	0.195	0.21	0.13	0.05	0.02	0.035	0.04	0.02	0	0.025
0.09	0.31	0.135	0.105	0.17	0.075	0.025	0.015	0.03	0.02	0	0.025
0.17	0.25	0.215	0.135	0.075	0.085	0.015	0.03	0.005	0.01	0	0.01
0.095	0.29	0.205	0.2	0.065	0.045	0.055	0.015	0.005	0.02	0	0.005
0.105	0.15	0.295	0.21	0.12	0.06	0	0.025	0.005	0.01	0	0.02
0.13	0.17	0.215	0.225	0.095	0.065	0.025	0.025	0.02	0.015	0	0.015
0.09	0.29	0.14	0.155	0.15	0.06	0.035	0.02	0.015	0.035	0.005	0.005
0.11	0.235	0.27	0.17	0.055	0.095	0.035	0.015	0.005	0.005	0.005	0
0.155	0.265	0.18	0.185	0.06	0.065	0.05	0.01	0.02	0	0	0.01
#wt_age_ind						
1 1 1 1 1 1 1 1 1 1 1 1 
1 1 1 1 1 1 1 1 1 1 1 1 
1 1 1 1 1 1 1 1 1 1 1 1 
1 1 1 1 1 1 1 1 1 1 1 1 
1 1 1 1 1 1 1 1 1 1 1 1 
1 1 1 1 1 1 1 1 1 1 1 1 
1 1 1 1 1 1 1 1 1 1 1 1 
1 1 1 1 1 1 1 1 1 1 1 1 
1 1 1 1 1 1 1 1 1 1 1 1 
1 1 1 1 1 1 1 1 1 1 1 1 
1 1 1 1 1 1 1 1 1 1 1 1 
1 1 1 1 1 1 1 1 1 1 1 1 
1 1 1 1 1 1 1 1 1 1 1 1 
1 1 1 1 1 1 1 1 1 1 1 1 
1 1 1 1 1 1 1 1 1 1 1 1 
1 1 1 1 1 1 1 1 1 1 1 1 
1 1 1 1 1 1 1 1 1 1 1 1 
1 1 1 1 1 1 1 1 1 1 1 1 
1 1 1 1 1 1 1 1 1 1 1 1 
1 1 1 1 1 1 1 1 1 1 1 1 
1 1 1 1 1 1 1 1 1 1 1 1 
1 1 1 1 1 1 1 1 1 1 1 1 
1 1 1 1 1 1 1 1 1 1 1 1 
1 1 1 1 1 1 1 1 1 1 1 1 
1 1 1 1 1 1 1 1 1 1 1 1 
1 1 1 1 1 1 1 1 1 1 1 1 
1 1 1 1 1 1 1 1 1 1 1 1 
1 1 1 1 1 1 1 1 1 1 1 1 
1 1 1 1 1 1 1 1 1 1 1 1 
1 1 1 1 1 1 1 1 1 1 1 1 
# wt_pop
0.000530656	0.001196328	0.002058265	0.003034987	0.004055212	0.005064698	0.006026226	0.006916921	0.007724891	0.008446113	0.009081853	0.009636695
#maturity
0.02297737 0.32082130 0.90465054 0.99477987 0.99973881 0.99998699 0.99999935 0.99999997 1 1 1 1
#spmonth						
1		
#age_err						
1	0	0	0	0	0	0	0	0	0	0	0
0	1	0	0	0	0	0	0	0	0	0	0
0	0	1	0	0	0	0	0	0	0	0	0
0	0	0	1	0	0	0	0	0	0	0	0
0	0	0	0	1	0	0	0	0	0	0	0
0	0	0	0	0	1	0	0	0	0	0	0
0	0	0	0	0	0	1	0	0	0	0	0
0	0	0	0	0	0	0	1	0	0	0	0
0	0	0	0	0	0	0	0	1	0	0	0
0	0	0	0	0	0	0	0	0	1	0	0
0	0	0	0	0	0	0	0	0	0	1	0
0	0	0	0	0	0	0	0	0	0	0	1																														
