# Number of parameters = 77  Objective function value = 26241.6  Maximum gradient component = 0.00135039
# sel_params[1]:
2.10005140436
# sel_params[2]:
0.992590337121
# log_Fmult_year1:
 -4.60846367661
# log_Fmult_devs:
 1.05472651874 0.503214916457 0.309344509611 -0.225883548955 0.579465256690 0.00858254171187 0.747325732485 -0.544765784861 0.193347639807 0.133356151285 0.0660606241738 -0.327723873200 0.364954019518 0.0571670494015 -0.116542782088 0.663353513179 -0.205142012024 -0.0163286862692 -0.0116522007141 0.332198275464 -0.318114009729 0.506539805371 -0.201175519515 -0.0287049952963 -0.0905494572415 -0.0429460134756 0.323711777137 -0.312462339778 0.359340961088
# log_recruit_devs:
 -0.0561981124836 -0.00371559605697 0.385387429195 -0.252716042263 -0.187455145817 -0.175927303795 -0.231463556083 0.285933964649 0.0359810092054 0.188131498779 0.141056656284 0.178058612402 0.211686670076 -0.294305271225 0.0665351176036 0.175134630988 -0.343833406667 -0.0123311248990 0.0627252752932 -0.0611389583691 -0.182516945576 0.177002388833 0.0612342206866 0.244261575276 -0.162000835218 0.0750315571373 -0.187861664185 -0.0344158506302 -0.0397427092283 -0.0625380839127
# log_N_year1_devs:
 -0.111469477341 0.00389761201862 -0.0149570322856 -0.106322358986 -0.0435999246151 -0.0869956617663 -0.407388140833 -0.0580682491418 0.0173762888862 -0.336690243115 -0.158159375157
# log_q_year1:
 -8.00297776115
# log_q_devs:
 0.00000000000 0.00000000000 0.00000000000 0.00000000000 0.00000000000 0.00000000000 0.00000000000 0.00000000000 0.00000000000 0.00000000000 0.00000000000 0.00000000000 0.00000000000 0.00000000000 0.00000000000 0.00000000000 0.00000000000 0.00000000000 0.00000000000 0.00000000000 0.00000000000 0.00000000000 0.00000000000 0.00000000000 0.00000000000 0.00000000000 0.00000000000 0.00000000000 0.00000000000
# index_sel_params[1]:
1.50017722634
# index_sel_params[2]:
0.457686101655
# log_SR_scaler:
6.93504126060
# SR_steepness:
0.750000000000
