#######GENERAL HEADER INPUT#######
1
30
1
30
1
30
30
12
1	2	3	4	5	6	7	8	9	10	11	12
12
1	2	3	4	5	6	7	8	9	10	11	12
1
1001
1
1
#######SURVEY DATA#######
30
1	2	3	4	5	6	7	8	9	10	11	12	13	14	15	16	17	18	19	20	21	22	23	24	25	26	27	28	29	30
1.54654886870416	1.85863070239286	1.53527857691964	1.44503841722798	1.21138349197393	1.47739916863613	1.15995429278453	1.29426411636289	1.35074186677878	1.13409550307434	1.02352734982406	0.919556974929447	1.1326498660696	1.00769834173603	1.02293178910631	0.968769819804975	1.00534164449617	0.971548104567614	0.784418293245567	0.652930731449292	0.704035358083236	0.692825602460648	0.568200250379311	0.660701662386525	0.74476829540118	0.661254773082798	0.589393152874635	0.620715143541843	0.576329673206217	0.677834712136311
0.2	0.2	0.2	0.2	0.2	0.2	0.2	0.2	0.2	0.2	0.2	0.2	0.2	0.2	0.2	0.2	0.2	0.2	0.2	0.2	0.2	0.2	0.2	0.2	0.2	0.2	0.2	0.2	0.2	0.2
30
1	2	3	4	5	6	7	8	9	10	11	12	13	14	15	16	17	18	19	20	21	22	23	24	25	26	27	28	29	30
200	200	200	200	200	200	200	200	200	200	200	200	200	200	200	200	200	200	200	200	200	200	200	200	200	200	200	200	200	200
200	200	200	200	200	200	200	200	200	200	200	200	200	200	200	200	200	200	200	200	200	200	200	200	200	200	200	200	200	200
0.095	0.14	0.165	0.12	0.12	0.045	0.065	0.045	0.025	0.015	0.02	0.145
0.09	0.13	0.095	0.115	0.155	0.08	0.06	0.045	0.04	0.04	0.035	0.115
0.07	0.16	0.1	0.13	0.075	0.08	0.11	0.055	0.07	0.025	0.03	0.095
0.045	0.105	0.14	0.13	0.095	0.055	0.095	0.065	0.055	0.04	0.04	0.135
0.09	0.14	0.15	0.155	0.09	0.1	0.055	0.055	0.055	0.02	0.01	0.08
0.06	0.19	0.145	0.125	0.15	0.065	0.075	0.035	0.025	0.05	0.01	0.07
0.015	0.205	0.255	0.11	0.065	0.07	0.08	0.045	0.015	0.02	0.01	0.11
0.095	0.075	0.15	0.175	0.105	0.04	0.085	0.045	0.04	0.025	0.02	0.145
0.1	0.215	0.095	0.16	0.12	0.09	0.05	0.03	0.03	0.03	0.005	0.075
0.1	0.165	0.205	0.065	0.09	0.105	0.045	0.04	0.035	0.05	0.015	0.085
0.075	0.19	0.255	0.145	0.085	0.085	0.045	0.04	0.02	0.01	0.02	0.03
0.08	0.2	0.16	0.14	0.11	0.055	0.07	0.04	0.02	0	0.03	0.095
0.11	0.16	0.155	0.17	0.135	0.075	0.055	0.03	0.04	0.015	0.02	0.035
0.08	0.24	0.16	0.11	0.095	0.135	0.05	0.02	0.015	0.04	0.02	0.035
0.06	0.21	0.25	0.115	0.065	0.08	0.07	0.04	0.005	0.035	0.025	0.045
0.145	0.17	0.115	0.165	0.09	0.08	0.04	0.045	0.045	0.015	0.015	0.075
0.09	0.265	0.135	0.155	0.12	0.06	0.04	0.01	0.055	0.02	0.01	0.04
0.075	0.12	0.26	0.1	0.125	0.1	0.06	0.035	0.03	0.04	0.015	0.04
0.115	0.16	0.17	0.205	0.135	0.06	0.06	0.02	0.01	0.025	0.01	0.03
0.14	0.22	0.175	0.105	0.15	0.055	0.055	0.045	0.02	0	0.02	0.015
0.125	0.255	0.21	0.14	0.055	0.085	0.03	0.04	0.035	0.01	0.005	0.01
0.11	0.19	0.235	0.175	0.11	0.05	0.04	0.025	0.02	0.01	0.015	0.02
0.1	0.25	0.225	0.19	0.095	0.015	0.025	0.03	0.015	0.02	0.02	0.015
0.13	0.215	0.255	0.15	0.11	0.06	0.03	0.015	0.01	0	0	0.025
0.125	0.275	0.19	0.13	0.075	0.1	0.025	0.02	0.01	0.025	0.01	0.015
0.155	0.185	0.27	0.14	0.075	0.075	0.03	0.02	0.01	0.02	0.005	0.015
0.17	0.29	0.175	0.13	0.07	0.045	0.05	0.01	0.045	0.005	0	0.01
0.155	0.255	0.28	0.11	0.105	0.045	0.015	0.01	0.01	0.005	0	0.01
0.08	0.265	0.25	0.195	0.08	0.065	0.02	0.01	0.02	0.015	0	0
0.16	0.19	0.25	0.185	0.095	0.05	0.025	0.03	0.01	0	0	0.005
#######LANDINGS DATA#######
1
30
160.962390668521	464.14331393468	744.449855872756	970.848382036843	735.405132857855	1287.94273692046	1229.58687159568	2361.49635776536	1265.11125029845	1435.42364963141	1540.90587564836	1534.19557317176	1074.67235237298	1506.13426846025	1512.01469127592	1315.42678373521	2370.62329679293	1694.42753567329	1518.04440687147	1360.50801060226	1685.63619289497	1121.84020808482	1677.85102385442	1228.49322475885	1148.19969360549	1003.29446561531	989.191625213942	1358.04191787228	1015.7150566331	1451.85573871506
0.01	0.01	0.01	0.01	0.01	0.01	0.01	0.01	0.01	0.01	0.01	0.01	0.01	0.01	0.01	0.01	0.01	0.01	0.01	0.01	0.01	0.01	0.01	0.01	0.01	0.01	0.01	0.01	0.01	0.01
30
1	2	3	4	5	6	7	8	9	10	11	12	13	14	15	16	17	18	19	20	21	22	23	24	25	26	27	28	29	30
200	200	200	200	200	200	200	200	200	200	200	200	200	200	200	200	200	200	200	200	200	200	200	200	200	200	200	200	200	200
200	200	200	200	200	200	200	200	200	200	200	200	200	200	200	200	200	200	200	200	200	200	200	200	200	200	200	200	200	200
0.075	0.075	0.15	0.115	0.09	0.125	0.08	0.075	0.035	0.04	0.03	0.11
0.075	0.1	0.125	0.105	0.105	0.105	0.105	0.05	0.045	0.015	0.04	0.13
0.045	0.175	0.13	0.115	0.1	0.07	0.06	0.06	0.03	0.02	0.05	0.145
0.045	0.08	0.135	0.11	0.07	0.09	0.075	0.065	0.065	0.075	0.045	0.145
0.095	0.09	0.095	0.12	0.105	0.085	0.075	0.05	0.06	0.055	0.02	0.15
0.105	0.165	0.105	0.07	0.09	0.12	0.095	0.04	0.055	0.005	0.025	0.125
0.04	0.12	0.195	0.11	0.095	0.125	0.05	0.05	0.02	0.035	0.045	0.115
0.07	0.12	0.11	0.215	0.11	0.09	0.06	0.06	0.06	0.015	0.01	0.08
0.1	0.145	0.125	0.14	0.13	0.075	0.025	0.045	0.04	0.035	0.02	0.12
0.115	0.15	0.165	0.11	0.09	0.08	0.04	0.05	0.055	0.04	0.015	0.09
0.085	0.16	0.23	0.08	0.09	0.09	0.09	0.035	0.02	0.025	0.02	0.075
0.1	0.155	0.165	0.13	0.09	0.065	0.065	0.03	0.035	0.025	0.035	0.105
0.175	0.1	0.175	0.165	0.135	0.07	0.015	0.055	0.03	0.015	0.015	0.05
0.155	0.125	0.11	0.13	0.16	0.05	0.065	0.04	0.05	0.03	0.015	0.07
0.085	0.145	0.155	0.15	0.09	0.07	0.085	0.065	0.005	0.04	0.045	0.065
0.105	0.14	0.19	0.155	0.145	0.055	0.045	0.055	0.02	0.01	0.02	0.06
0.095	0.23	0.165	0.13	0.115	0.08	0.04	0.06	0.02	0.015	0.01	0.04
0.1	0.13	0.18	0.145	0.11	0.11	0.045	0.055	0.025	0.03	0.005	0.065
0.145	0.12	0.18	0.19	0.08	0.055	0.055	0.035	0.03	0.04	0.025	0.045
0.16	0.18	0.135	0.095	0.15	0.055	0.065	0.05	0.02	0.015	0.015	0.06
0.09	0.135	0.23	0.08	0.1	0.135	0.055	0.055	0.045	0.025	0.015	0.035
0.15	0.16	0.22	0.165	0.085	0.085	0.04	0.03	0.015	0.01	0.01	0.03
0.18	0.205	0.165	0.155	0.095	0.06	0.035	0.045	0.02	0.015	0.02	0.005
0.175	0.2	0.21	0.13	0.095	0.1	0.025	0.01	0.015	0.015	0.005	0.02
0.17	0.215	0.225	0.135	0.075	0.07	0.02	0.04	0.005	0.005	0	0.04
0.185	0.16	0.17	0.165	0.145	0.075	0.025	0.03	0.005	0.015	0.01	0.015
0.205	0.275	0.145	0.145	0.085	0.045	0.03	0.035	0.015	0.01	0.005	0.005
0.225	0.205	0.19	0.115	0.135	0.05	0.035	0.015	0.005	0.015	0	0.01
0.1	0.25	0.205	0.185	0.105	0.065	0.03	0.04	0	0.005	0.005	0.01
0.2	0.14	0.255	0.17	0.08	0.065	0.05	0.015	0.005	0.005	0.015	0
#######PARAMETER SECTION#######
800	400	1200	-4	800	-0.25	1
0.18	0.01	1	-4	0.18	-0.25	1
-1.36	-5	-0.001	-4	-1.36	-0.25	1
0.1	0.05	0.3	-4	0.1	-0.25	1
0.2	0.01	0.5	-4	0.2	-0.25	1
0.75	0.20001	1	-3	0.75	-0.25	1
13.815511	-1	200	1	13.815511	-0.25	1
0	-1	1	-4	0	-0.25	1
0.2	1e-04	1.2	-3	0.2	-0.25	1
0	-10	10	-6	0	-1	1
0	-10	10	-6	0	-1	1
2	0	12	2	2	-0.5	1
1	0	12	2	1	-0.5	1
2	0	12	-2	2	-0.5	1
1	0	12	-2	1	-0.5	1
1.5	0	12	2	1.5	-0.5	1
2	0	12	2	2	-0.5	1
-14.8851889062997	-30	5	1	-14.8851889062997	-1	1
1	0.1	2	-1	1	-1	1
-1.54399197800355	-10	1.39	1	-1.54399197800355	-1	1
#######DEV CONSTRAINTS and DEVS#######
-15	15	2
-15	15	2
-15	15	2
0	0	0	0	0	0	0	0	0	0	0	0	0	0	0	0	0	0	0	0	0	0	0	0	0	0	0	0	0	0
0	0	0	0	0	0	0	0	0	0	0	0	0	0	0	0	0	0	0	0	0	0	0	0	0	0	0	0	0	0
0	0	0	0	0	0	0	0	0	0	0
#######LIKELIHOOD WEIGHTS#######
1
1
1
1
0
1
0
0
0
#######MISCELLANEOUS STUFF SECTION#######
2.5e-08
3
0.5	0.5	0.5	0.5	0.5	0.5	0.5	0.5	0.5	0.5	0.5	0.5
0.0229773699100256	0.320821300824607	0.904650535100891	0.994779874306442	0.999738809680904	0.999986992871533	0.999999352405202	0.999999967758134	0.999999998394772	0.99999999992008	0.999999999996021	0.999999999999802
0.2	0.2	0.2	0.2	0.2	0.2	0.2	0.2	0.2	0.2	0.2	0.2
0
1
10
0.2
1
1	0	0	0	0	0	0	0	0	0	0	0
0	1	0	0	0	0	0	0	0	0	0	0
0	0	1	0	0	0	0	0	0	0	0	0
0	0	0	1	0	0	0	0	0	0	0	0
0	0	0	0	1	0	0	0	0	0	0	0
0	0	0	0	0	1	0	0	0	0	0	0
0	0	0	0	0	0	1	0	0	0	0	0
0	0	0	0	0	0	0	1	0	0	0	0
0	0	0	0	0	0	0	0	1	0	0	0
0	0	0	0	0	0	0	0	0	1	0	0
0	0	0	0	0	0	0	0	0	0	1	0
0	0	0	0	0	0	0	0	0	0	0	1
40
31
2
1
#######END OF DATA FILE#######
999
