# Number of parameters = 77  Objective function value = 25051.2  Maximum gradient component = 0.00219333
# sel_params[1]:
1.83756619469
# sel_params[2]:
0.955742039195
# log_Fmult_year1:
 -4.68774362629
# log_Fmult_devs:
 1.06574346191 0.501005840912 0.304037265580 -0.222699536145 0.586675323898 0.00845310578805 0.735336019248 -0.528243084883 0.192562728374 0.124508771805 0.0638163795561 -0.314813560854 0.368083555625 0.0556467681722 -0.113493000965 0.649642723123 -0.207121338204 -0.0286403546267 -0.0215306048389 0.321404999746 -0.319888041238 0.500162080442 -0.195551926427 -0.00690169946507 -0.0775723179277 -0.00714920307436 0.321902921268 -0.293701608047 0.390114834547
# log_recruit_devs:
 -0.403598604506 0.755134478229 -0.260130459692 -0.524253741665 0.238870820085 0.480101703378 0.718874709581 0.367878753410 0.0206317110183 -0.793370132888 0.883358995111 -0.158033617828 -0.126264206213 0.104900305557 -0.692011210169 0.483316387292 -0.440021142349 -0.270595264388 -0.337043211690 0.409834002957 -0.932997414301 -1.00322362318 -0.0442307486577 1.16451929949 -0.0385191809916 -0.162361333441 -0.0934673745372 0.285576090177 0.235333335839 0.131790674372
# log_N_year1_devs:
 -0.0197837500017 -0.0354094716362 -0.105197877302 -0.0704568120282 -0.0133103192738 0.151808312299 -0.145819815418 0.0622118840894 0.174581362812 -0.346554512270 -0.139527263653
# log_q_year1:
 -8.31100415966
# log_q_devs:
 0.00000000000 0.00000000000 0.00000000000 0.00000000000 0.00000000000 0.00000000000 0.00000000000 0.00000000000 0.00000000000 0.00000000000 0.00000000000 0.00000000000 0.00000000000 0.00000000000 0.00000000000 0.00000000000 0.00000000000 0.00000000000 0.00000000000 0.00000000000 0.00000000000 0.00000000000 0.00000000000 0.00000000000 0.00000000000 0.00000000000 0.00000000000 0.00000000000 0.00000000000
# index_sel_params[1]:
1.48860849947
# index_sel_params[2]:
0.508225771709
# log_SR_scaler:
7.21520278219
# SR_steepness:
0.750000000000
