# Number of parameters = 77  Objective function value = 26400.9  Maximum gradient component = 0.000686431
# sel_params[1]:
1.88503393116
# sel_params[2]:
0.909225049892
# log_Fmult_year1:
 -4.71617224462
# log_Fmult_devs:
 1.07542513419 0.497657619931 0.315894204932 -0.226411024345 0.581421422897 0.0122637836280 0.753326386467 -0.547065611108 0.206654243391 0.135393451523 0.0588377980003 -0.328665627468 0.378844135385 0.0636170309330 -0.102151836244 0.668343131219 -0.203508153770 -0.0124975287984 -0.0345644137516 0.321343628734 -0.333466235634 0.499543422223 -0.224999499898 -0.0194504244763 -0.0985968403813 -0.0332148517731 0.306376311671 -0.297576634748 0.382224938487
# log_recruit_devs:
 -0.0144034714065 -0.133999930944 -0.109837544653 -0.233852695901 0.0713980824499 0.278996793943 0.0145551450226 0.0120012125697 -0.101422229995 0.150037075852 0.369891114468 0.0206593339566 -0.313064857029 -0.0602555765392 0.0579004289764 0.299933977416 0.0560808006825 0.0255133946232 0.0594806112817 -0.268251804580 -0.205320906636 0.543263142191 -0.226563273892 0.00900533759824 -0.0925300704423 -0.157743863306 -0.0940116550167 -0.0255022607434 0.0534900781919 0.0145536118622
# log_N_year1_devs:
 -0.0326033122799 0.0102619557343 -0.0943507600130 0.0958243021882 0.135190481506 -0.196528572072 -0.0345242781568 -0.171245564206 0.255288437722 0.0605227188772 -0.116112500831
# log_q_year1:
 -7.94564370731
# log_q_devs:
 0.00000000000 0.00000000000 0.00000000000 0.00000000000 0.00000000000 0.00000000000 0.00000000000 0.00000000000 0.00000000000 0.00000000000 0.00000000000 0.00000000000 0.00000000000 0.00000000000 0.00000000000 0.00000000000 0.00000000000 0.00000000000 0.00000000000 0.00000000000 0.00000000000 0.00000000000 0.00000000000 0.00000000000 0.00000000000 0.00000000000 0.00000000000 0.00000000000 0.00000000000
# index_sel_params[1]:
1.57518221767
# index_sel_params[2]:
0.513345637781
# log_SR_scaler:
6.87328464980
# SR_steepness:
0.750000000000
