#styr												
1
#endyr												
30
#rec_age										
1															
#n_ages										
12
# numbers of length intervals
81
#Length	bin
10	11	12	13	14	15	16	17	18	19	20	21	22	23	24	25	26	27	28	29	30	31	32	33	34	35	36	37	38	39	40	41	42	43	44	45	46	47	48	49	50	51	52	53	54	55	56	57	58	59	60	61	62	63	64	65	66	67	68	69	70	71	72	73	74	75	76	77	78	79	80	81	82	83	84	85	86	87	88	89	90
#nfsh
1
#names_fsh
FLEET1												
#catch												
160.748004548085	459.999703020264	748.676306648272	955.602584187372	731.644034199138	1263.41785286352	1203.97333145722	2319.31773325373	1208.55278580841	1374.27509270317	1442.57076597808	1413.38227129819	967.612740362583	1383.67057844815	1405.04377951792	1209.97355302177	2127.66867214984	1545.10684701002	1418.64330563302	1358.71892221098	1778.49210579503	1205.38188422791	1819.84643111646	1375.18928766736	1306.38509023584	1161.25864702849	1108.47551496502	1447.8674611119	1020.12301719776	1440.95677616214
#catch_cv											
0.01	0.01	0.01	0.01	0.01	0.01	0.01	0.01	0.01	0.01	0.01	0.01	0.01	0.01	0.01	0.01	0.01	0.01	0.01	0.01	0.01	0.01	0.01	0.01	0.01	0.01	0.01	0.01	0.01	0.01
#n_ages_fsh								
30		
#n_lengths_fsh								
0															
#yrs_ages_fsh								
1	2	3	4	5	6	7	8	9	10	11	12	13	14	15	16	17	18	19	20	21	22	23	24	25	26	27	28	29	30	
#sample_ages_fsh							
200	200	200	200	200	200	200	200	200	200	200	200	200	200	200	200	200	200	200	200	200	200	200	200	200	200	200	200	200	200
#page_fsh	2	3	4	5	6	7	8	9	10	11						
0.105	0.09	0.14	0.115	0.115	0.095	0.08	0.03	0.04	0.055	0.025	0.11
0.08	0.11	0.105	0.17	0.11	0.06	0.095	0.05	0.04	0.03	0.04	0.11
0.07	0.09	0.1	0.14	0.14	0.115	0.095	0.05	0.03	0.02	0.03	0.12
0.055	0.15	0.08	0.13	0.1	0.065	0.03	0.07	0.075	0.035	0.05	0.16
0.08	0.135	0.11	0.095	0.08	0.105	0.105	0.055	0.035	0.05	0.03	0.12
0.07	0.13	0.115	0.15	0.065	0.08	0.08	0.035	0.025	0.07	0.02	0.16
0.06	0.155	0.16	0.125	0.08	0.075	0.08	0.085	0.05	0.025	0.015	0.09
0.12	0.115	0.11	0.185	0.095	0.07	0.065	0.04	0.02	0.03	0.04	0.11
0.06	0.115	0.115	0.1	0.125	0.1	0.1	0.05	0.035	0.02	0.03	0.15
0.105	0.12	0.145	0.115	0.07	0.125	0.055	0.06	0.05	0.035	0.02	0.1
0.075	0.155	0.13	0.14	0.07	0.08	0.1	0.075	0.035	0.01	0.02	0.11
0.145	0.13	0.15	0.11	0.095	0.08	0.065	0.07	0.015	0.025	0.015	0.1
0.19	0.19	0.13	0.125	0.07	0.08	0.05	0.045	0.04	0.005	0.02	0.055
0.055	0.195	0.24	0.12	0.06	0.08	0.065	0.02	0.045	0.035	0.015	0.07
0.1	0.06	0.25	0.215	0.1	0.06	0.04	0.055	0.025	0.005	0.035	0.055
0.105	0.14	0.105	0.27	0.16	0.065	0.04	0.015	0.02	0.025	0.015	0.04
0.09	0.215	0.195	0.065	0.12	0.135	0.04	0.035	0.025	0.025	0.015	0.04
0.12	0.19	0.185	0.13	0.065	0.09	0.09	0.03	0.025	0.035	0.005	0.035
0.14	0.18	0.225	0.16	0.065	0.05	0.055	0.07	0.025	0.005	0	0.025
0.14	0.195	0.205	0.165	0.135	0.04	0.01	0.04	0.015	0.005	0.01	0.04
0.095	0.21	0.195	0.12	0.11	0.1	0.04	0.02	0.025	0.03	0.015	0.04
0.115	0.18	0.25	0.185	0.105	0.06	0.045	0.015	0.02	0	0.005	0.02
0.18	0.135	0.16	0.18	0.13	0.055	0.065	0.015	0.015	0.005	0.03	0.03
0.155	0.24	0.18	0.14	0.09	0.1	0.025	0.015	0.01	0.01	0	0.035
0.05	0.2	0.35	0.14	0.075	0.07	0.065	0.01	0.015	0.005	0.005	0.015
0.18	0.14	0.19	0.215	0.1	0.055	0.045	0.025	0.025	0.01	0	0.015
0.1	0.255	0.13	0.225	0.15	0.055	0.04	0.005	0.025	0.005	0	0.01
0.145	0.185	0.27	0.11	0.11	0.09	0.03	0.025	0.015	0.01	0	0.01
0.155	0.225	0.205	0.18	0.095	0.045	0.045	0.02	0.005	0.01	0.005	0.01
0.165	0.225	0.2	0.14	0.13	0.06	0.035	0.01	0.005	0.01	0.005	0.015
#wt_age_fsh	1 2	3	4	5	6	7	8	9	10	11						
0.000530656	0.001196328	0.002058265	0.003034987	0.004055212	0.005064698	0.006026226	0.006916921	0.007724891	0.008446113	0.009081853	0.009636695
0.000530656	0.001196328	0.002058265	0.003034987	0.004055212	0.005064698	0.006026226	0.006916921	0.007724891	0.008446113	0.009081853	0.009636695
0.000530656	0.001196328	0.002058265	0.003034987	0.004055212	0.005064698	0.006026226	0.006916921	0.007724891	0.008446113	0.009081853	0.009636695
0.000530656	0.001196328	0.002058265	0.003034987	0.004055212	0.005064698	0.006026226	0.006916921	0.007724891	0.008446113	0.009081853	0.009636695
0.000530656	0.001196328	0.002058265	0.003034987	0.004055212	0.005064698	0.006026226	0.006916921	0.007724891	0.008446113	0.009081853	0.009636695
0.000530656	0.001196328	0.002058265	0.003034987	0.004055212	0.005064698	0.006026226	0.006916921	0.007724891	0.008446113	0.009081853	0.009636695
0.000530656	0.001196328	0.002058265	0.003034987	0.004055212	0.005064698	0.006026226	0.006916921	0.007724891	0.008446113	0.009081853	0.009636695
0.000530656	0.001196328	0.002058265	0.003034987	0.004055212	0.005064698	0.006026226	0.006916921	0.007724891	0.008446113	0.009081853	0.009636695
0.000530656	0.001196328	0.002058265	0.003034987	0.004055212	0.005064698	0.006026226	0.006916921	0.007724891	0.008446113	0.009081853	0.009636695
0.000530656	0.001196328	0.002058265	0.003034987	0.004055212	0.005064698	0.006026226	0.006916921	0.007724891	0.008446113	0.009081853	0.009636695
0.000530656	0.001196328	0.002058265	0.003034987	0.004055212	0.005064698	0.006026226	0.006916921	0.007724891	0.008446113	0.009081853	0.009636695
0.000530656	0.001196328	0.002058265	0.003034987	0.004055212	0.005064698	0.006026226	0.006916921	0.007724891	0.008446113	0.009081853	0.009636695
0.000530656	0.001196328	0.002058265	0.003034987	0.004055212	0.005064698	0.006026226	0.006916921	0.007724891	0.008446113	0.009081853	0.009636695
0.000530656	0.001196328	0.002058265	0.003034987	0.004055212	0.005064698	0.006026226	0.006916921	0.007724891	0.008446113	0.009081853	0.009636695
0.000530656	0.001196328	0.002058265	0.003034987	0.004055212	0.005064698	0.006026226	0.006916921	0.007724891	0.008446113	0.009081853	0.009636695
0.000530656	0.001196328	0.002058265	0.003034987	0.004055212	0.005064698	0.006026226	0.006916921	0.007724891	0.008446113	0.009081853	0.009636695
0.000530656	0.001196328	0.002058265	0.003034987	0.004055212	0.005064698	0.006026226	0.006916921	0.007724891	0.008446113	0.009081853	0.009636695
0.000530656	0.001196328	0.002058265	0.003034987	0.004055212	0.005064698	0.006026226	0.006916921	0.007724891	0.008446113	0.009081853	0.009636695
0.000530656	0.001196328	0.002058265	0.003034987	0.004055212	0.005064698	0.006026226	0.006916921	0.007724891	0.008446113	0.009081853	0.009636695
0.000530656	0.001196328	0.002058265	0.003034987	0.004055212	0.005064698	0.006026226	0.006916921	0.007724891	0.008446113	0.009081853	0.009636695
0.000530656	0.001196328	0.002058265	0.003034987	0.004055212	0.005064698	0.006026226	0.006916921	0.007724891	0.008446113	0.009081853	0.009636695
0.000530656	0.001196328	0.002058265	0.003034987	0.004055212	0.005064698	0.006026226	0.006916921	0.007724891	0.008446113	0.009081853	0.009636695
0.000530656	0.001196328	0.002058265	0.003034987	0.004055212	0.005064698	0.006026226	0.006916921	0.007724891	0.008446113	0.009081853	0.009636695
0.000530656	0.001196328	0.002058265	0.003034987	0.004055212	0.005064698	0.006026226	0.006916921	0.007724891	0.008446113	0.009081853	0.009636695
0.000530656	0.001196328	0.002058265	0.003034987	0.004055212	0.005064698	0.006026226	0.006916921	0.007724891	0.008446113	0.009081853	0.009636695
0.000530656	0.001196328	0.002058265	0.003034987	0.004055212	0.005064698	0.006026226	0.006916921	0.007724891	0.008446113	0.009081853	0.009636695
0.000530656	0.001196328	0.002058265	0.003034987	0.004055212	0.005064698	0.006026226	0.006916921	0.007724891	0.008446113	0.009081853	0.009636695
0.000530656	0.001196328	0.002058265	0.003034987	0.004055212	0.005064698	0.006026226	0.006916921	0.007724891	0.008446113	0.009081853	0.009636695
0.000530656	0.001196328	0.002058265	0.003034987	0.004055212	0.005064698	0.006026226	0.006916921	0.007724891	0.008446113	0.009081853	0.009636695
0.000530656	0.001196328	0.002058265	0.003034987	0.004055212	0.005064698	0.006026226	0.006916921	0.007724891	0.008446113	0.009081853	0.009636695
#nind
1
#ind_names									
SURVEY1									
#nobs_ind
30
#yrs_ind											
1	2	3	4	5	6	7	8	9	10	11	12	13	14	15	16	17	18	19	20	21	22	23	24	25	26	27	28	29	30	
#month_ind										
1															
#biom_ind											
1.35053637102219	1.58825000232913	1.68443640024075	1.28781693933411	1.2651267347742	1.62583748953175	1.32451649252838	1.18191005198456	1.22609849427634	1.02091077761439	1.1803524984094	0.962543778128202	1.01804497761696	1.09495861271983	0.825873614572526	0.970453552859829	1.30002362093317	0.778442843794192	0.917160980824772	0.913598264365219	0.863013119150158	0.751220771663713	0.765844402341355	0.726720643630325	0.620090301770232	0.61552234197348	0.574903852882503	0.597026970879514	0.55463872053758	0.578248560671532
#biom_cv																
0.270107274204439	0.317650000465827	0.336887280048151	0.257563387866822	0.25302534695484	0.325167497906349	0.264903298505677	0.236382010396913	0.245219698855268	0.204182155522878	0.23607049968188	0.19250875562564	0.203608995523392	0.218991722543967	0.165174722914505	0.194090710571966	0.260004724186635	0.155688568758838	0.183432196164954	0.182719652873044	0.172602623830032	0.150244154332743	0.153168880468271	0.145344128726065	0.124018060354046	0.123104468394696	0.114980770576501	0.119405394175903	0.110927744107516	0.115649712134306
#n_ages_ind															
30			
#n_lengths_ind															
0															
#yrs_ages_ind															
1	2	3	4	5	6	7	8	9	10	11	12	13	14	15	16	17	18	19	20	21	22	23	24	25	26	27	28	29	30	
#sample_ages_ind					
200	200	200	200	200	200	200	200	200	200	200	200	200	200	200	200	200	200	200	200	200	200	200	200	200	200	200	200	200	200
#page_ind						
0.055	0.15	0.19	0.125	0.115	0.08	0.04	0.035	0.01	0.04	0.04	0.12
0.06	0.115	0.145	0.16	0.115	0.11	0.035	0.05	0.065	0.025	0.025	0.095
0.045	0.125	0.145	0.135	0.115	0.1	0.09	0.02	0.05	0.02	0.01	0.145
0.055	0.155	0.11	0.11	0.1	0.085	0.075	0.045	0.035	0.035	0.045	0.15
0.085	0.1	0.13	0.105	0.105	0.12	0.05	0.025	0.04	0.05	0.04	0.15
0.075	0.17	0.14	0.14	0.075	0.065	0.045	0.05	0.025	0.04	0.04	0.135
0.075	0.115	0.18	0.13	0.075	0.04	0.075	0.06	0.045	0.04	0.015	0.15
0.09	0.14	0.155	0.14	0.075	0.055	0.05	0.025	0.06	0.05	0.03	0.13
0.085	0.19	0.14	0.115	0.125	0.085	0.08	0.035	0.025	0.015	0.03	0.075
0.06	0.13	0.23	0.11	0.075	0.125	0.08	0.035	0.025	0.035	0.03	0.065
0.035	0.165	0.15	0.17	0.115	0.085	0.065	0.06	0.03	0.015	0.03	0.08
0.125	0.195	0.175	0.13	0.085	0.025	0.065	0.055	0.03	0.04	0	0.075
0.09	0.335	0.115	0.115	0.09	0.05	0.04	0.025	0.035	0.035	0.02	0.05
0.06	0.2	0.2	0.085	0.11	0.03	0.075	0.05	0.045	0.025	0.02	0.1
0.06	0.13	0.29	0.175	0.095	0.08	0.015	0.055	0.015	0.015	0.02	0.05
0.14	0.2	0.11	0.22	0.145	0.035	0.04	0.02	0.025	0.005	0.005	0.055
0.105	0.25	0.15	0.09	0.15	0.08	0.035	0.03	0.025	0.025	0	0.06
0.14	0.205	0.235	0.115	0.07	0.105	0.035	0.005	0.02	0.005	0.015	0.05
0.145	0.22	0.155	0.16	0.06	0.06	0.105	0.035	0.01	0.02	0	0.03
0.08	0.23	0.205	0.15	0.125	0.05	0.03	0.035	0.05	0.015	0.01	0.02
0.095	0.25	0.235	0.14	0.08	0.07	0.03	0.03	0.005	0.035	0	0.03
0.105	0.19	0.27	0.145	0.095	0.07	0.05	0.03	0.015	0	0.01	0.02
0.165	0.205	0.155	0.135	0.115	0.095	0.02	0.05	0.035	0	0	0.025
0.11	0.31	0.2	0.12	0.095	0.05	0.045	0.015	0.025	0.01	0.005	0.015
0.105	0.27	0.26	0.11	0.055	0.095	0.035	0.02	0.025	0.01	0	0.015
0.17	0.16	0.23	0.165	0.105	0.05	0.055	0.035	0.02	0	0	0.01
0.1	0.35	0.175	0.105	0.115	0.035	0.025	0.05	0.015	0.015	0	0.015
0.075	0.15	0.36	0.165	0.105	0.08	0.04	0.005	0.01	0.01	0	0
0.18	0.285	0.115	0.2	0.035	0.075	0.06	0.005	0.015	0	0.005	0.025
0.09	0.235	0.24	0.155	0.09	0.065	0.04	0.03	0.03	0.005	0.005	0.015
#wt_age_ind						
1 1 1 1 1 1 1 1 1 1 1 1 
1 1 1 1 1 1 1 1 1 1 1 1 
1 1 1 1 1 1 1 1 1 1 1 1 
1 1 1 1 1 1 1 1 1 1 1 1 
1 1 1 1 1 1 1 1 1 1 1 1 
1 1 1 1 1 1 1 1 1 1 1 1 
1 1 1 1 1 1 1 1 1 1 1 1 
1 1 1 1 1 1 1 1 1 1 1 1 
1 1 1 1 1 1 1 1 1 1 1 1 
1 1 1 1 1 1 1 1 1 1 1 1 
1 1 1 1 1 1 1 1 1 1 1 1 
1 1 1 1 1 1 1 1 1 1 1 1 
1 1 1 1 1 1 1 1 1 1 1 1 
1 1 1 1 1 1 1 1 1 1 1 1 
1 1 1 1 1 1 1 1 1 1 1 1 
1 1 1 1 1 1 1 1 1 1 1 1 
1 1 1 1 1 1 1 1 1 1 1 1 
1 1 1 1 1 1 1 1 1 1 1 1 
1 1 1 1 1 1 1 1 1 1 1 1 
1 1 1 1 1 1 1 1 1 1 1 1 
1 1 1 1 1 1 1 1 1 1 1 1 
1 1 1 1 1 1 1 1 1 1 1 1 
1 1 1 1 1 1 1 1 1 1 1 1 
1 1 1 1 1 1 1 1 1 1 1 1 
1 1 1 1 1 1 1 1 1 1 1 1 
1 1 1 1 1 1 1 1 1 1 1 1 
1 1 1 1 1 1 1 1 1 1 1 1 
1 1 1 1 1 1 1 1 1 1 1 1 
1 1 1 1 1 1 1 1 1 1 1 1 
1 1 1 1 1 1 1 1 1 1 1 1 
# wt_pop
0.000530656	0.001196328	0.002058265	0.003034987	0.004055212	0.005064698	0.006026226	0.006916921	0.007724891	0.008446113	0.009081853	0.009636695
#maturity
0.02297737 0.32082130 0.90465054 0.99477987 0.99973881 0.99998699 0.99999935 0.99999997 1 1 1 1
#spmonth						
1		
#age_err						
1	0	0	0	0	0	0	0	0	0	0	0
0	1	0	0	0	0	0	0	0	0	0	0
0	0	1	0	0	0	0	0	0	0	0	0
0	0	0	1	0	0	0	0	0	0	0	0
0	0	0	0	1	0	0	0	0	0	0	0
0	0	0	0	0	1	0	0	0	0	0	0
0	0	0	0	0	0	1	0	0	0	0	0
0	0	0	0	0	0	0	1	0	0	0	0
0	0	0	0	0	0	0	0	1	0	0	0
0	0	0	0	0	0	0	0	0	1	0	0
0	0	0	0	0	0	0	0	0	0	1	0
0	0	0	0	0	0	0	0	0	0	0	1																														
