# Number of parameters = 77  Objective function value = 26404.4  Maximum gradient component = 0.000411055
# sel_params[1]:
2.04663392911
# sel_params[2]:
0.996857344877
# log_Fmult_year1:
 -4.67118230663
# log_Fmult_devs:
 1.06711015397 0.512228324724 0.298403966291 -0.224441561735 0.573022555883 0.0259888571622 0.729155881378 -0.536862442243 0.200260334441 0.136797903466 0.0649353249471 -0.329215094238 0.366062923247 0.0842231024036 -0.121252835585 0.668389239716 -0.188098722401 -0.0170049722511 -0.0258060894828 0.316882569422 -0.319175714422 0.500619005288 -0.179580478778 0.00359583460648 -0.0844766593112 -0.0158080698738 0.346680586516 -0.288370656603 0.433458231211
# log_recruit_devs:
 -0.0151679412433 -0.164083862325 0.101867645121 0.411116084020 0.0182999967586 0.112048583542 -0.110498805720 0.332354212345 -0.150661924360 0.205043061150 0.174049583717 -0.194805837824 -0.0801462948558 -0.00121811041178 -0.272101988372 -0.0843558662680 0.0518240252219 -0.217753722082 0.269238434889 -0.0707941711306 -0.105928797627 0.261457888972 -0.330848859584 -0.365911793342 0.100054188768 -0.0162374292085 -0.164228954160 0.0942023602183 0.0108362326592 0.202352061131
# log_N_year1_devs:
 -0.0138366639755 0.0455202994478 0.0183078676874 -0.0397371922576 -0.196445478497 -0.0302621587377 -0.124886525289 -0.0262133870385 -0.260807217403 -0.240347787216 -0.0136649747058
# log_q_year1:
 -7.96589596219
# log_q_devs:
 0.00000000000 0.00000000000 0.00000000000 0.00000000000 0.00000000000 0.00000000000 0.00000000000 0.00000000000 0.00000000000 0.00000000000 0.00000000000 0.00000000000 0.00000000000 0.00000000000 0.00000000000 0.00000000000 0.00000000000 0.00000000000 0.00000000000 0.00000000000 0.00000000000 0.00000000000 0.00000000000 0.00000000000 0.00000000000 0.00000000000 0.00000000000 0.00000000000 0.00000000000
# index_sel_params[1]:
1.52991835110
# index_sel_params[2]:
0.526926904354
# log_SR_scaler:
6.88459497702
# SR_steepness:
0.750000000000
