#styr												
1
#endyr												
30
#rec_age										
1															
#n_ages										
12
# numbers of length intervals
81
#Length	bin
10	11	12	13	14	15	16	17	18	19	20	21	22	23	24	25	26	27	28	29	30	31	32	33	34	35	36	37	38	39	40	41	42	43	44	45	46	47	48	49	50	51	52	53	54	55	56	57	58	59	60	61	62	63	64	65	66	67	68	69	70	71	72	73	74	75	76	77	78	79	80	81	82	83	84	85	86	87	88	89	90
#nfsh
1
#names_fsh
FLEET1												
#catch												
160.301229598923	459.405016157027	744.923144228656	960.377247596438	748.966294156432	1266.74509120666	1218.64357769466	2326.36719968393	1229.36336374956	1399.33971434965	1469.11116212576	1438.11173116079	991.589815948684	1361.90312681719	1351.88752877535	1140.25042627464	2036.31640467651	1473.01240066405	1353.18379417191	1233.12725384675	1536.21676452438	1010.48391774972	1512.3217838138	1104.00068886038	1019.83341016684	895.075898433038	858.379908110946	1175.29127540502	833.426948478712	1200.26677610353
#catch_cv											
0.01	0.01	0.01	0.01	0.01	0.01	0.01	0.01	0.01	0.01	0.01	0.01	0.01	0.01	0.01	0.01	0.01	0.01	0.01	0.01	0.01	0.01	0.01	0.01	0.01	0.01	0.01	0.01	0.01	0.01
#n_ages_fsh								
30		
#n_lengths_fsh								
0															
#yrs_ages_fsh								
1	2	3	4	5	6	7	8	9	10	11	12	13	14	15	16	17	18	19	20	21	22	23	24	25	26	27	28	29	30	
#sample_ages_fsh							
200	200	200	200	200	200	200	200	200	200	200	200	200	200	200	200	200	200	200	200	200	200	200	200	200	200	200	200	200	200
#page_fsh	2	3	4	5	6	7	8	9	10	11						
0.055	0.115	0.145	0.095	0.1	0.08	0.1	0.08	0.035	0.045	0.02	0.13
0.075	0.1	0.18	0.12	0.075	0.08	0.045	0.085	0.05	0.015	0.045	0.13
0.055	0.085	0.12	0.14	0.125	0.08	0.065	0.025	0.05	0.065	0.04	0.15
0.04	0.095	0.16	0.155	0.105	0.07	0.08	0.055	0.055	0.025	0.05	0.11
0.065	0.11	0.1	0.16	0.115	0.08	0.08	0.07	0.035	0.04	0.025	0.12
0.06	0.105	0.13	0.085	0.115	0.09	0.055	0.05	0.09	0.055	0.06	0.105
0.065	0.11	0.145	0.1	0.06	0.155	0.06	0.045	0.05	0.035	0.025	0.15
0.085	0.13	0.135	0.115	0.115	0.07	0.13	0.03	0.045	0.035	0.02	0.09
0.07	0.17	0.105	0.16	0.1	0.05	0.05	0.06	0.04	0.03	0.035	0.13
0.09	0.14	0.15	0.135	0.115	0.095	0.075	0.02	0.035	0.015	0.04	0.09
0.095	0.135	0.12	0.155	0.155	0.09	0.06	0.05	0.025	0.02	0.02	0.075
0.09	0.185	0.14	0.115	0.105	0.06	0.075	0.045	0.04	0.02	0.025	0.1
0.1	0.135	0.205	0.13	0.1	0.07	0.05	0.045	0.03	0.025	0.01	0.1
0.07	0.15	0.175	0.11	0.13	0.05	0.08	0.06	0.045	0.04	0.015	0.075
0.115	0.135	0.185	0.15	0.09	0.075	0.045	0.04	0.03	0.03	0.025	0.08
0.115	0.185	0.15	0.155	0.135	0.06	0.045	0.03	0.015	0.01	0.01	0.09
0.095	0.165	0.22	0.115	0.085	0.085	0.065	0.055	0.015	0.035	0.015	0.05
0.125	0.205	0.125	0.16	0.075	0.065	0.075	0.055	0.055	0.015	0.005	0.04
0.07	0.205	0.225	0.135	0.135	0.085	0.03	0.02	0.015	0.025	0.01	0.045
0.09	0.07	0.205	0.23	0.115	0.08	0.045	0.045	0.025	0.015	0.02	0.06
0.165	0.135	0.155	0.175	0.115	0.09	0.055	0.02	0.015	0.035	0.01	0.03
0.135	0.265	0.15	0.115	0.09	0.085	0.04	0.015	0.03	0.015	0.03	0.03
0.125	0.175	0.22	0.115	0.085	0.09	0.065	0.03	0.03	0.01	0.02	0.035
0.16	0.165	0.22	0.17	0.065	0.045	0.035	0.075	0.015	0.02	0	0.03
0.16	0.19	0.165	0.115	0.14	0.065	0.04	0.04	0.04	0.01	0.02	0.015
0.14	0.24	0.125	0.165	0.14	0.075	0.03	0.025	0.01	0.015	0.02	0.015
0.2	0.18	0.235	0.15	0.07	0.075	0.015	0.02	0.01	0.005	0.02	0.02
0.165	0.24	0.17	0.225	0.085	0.02	0.035	0.035	0.01	0.005	0	0.01
0.125	0.27	0.18	0.145	0.12	0.03	0.05	0.03	0.01	0.025	0.01	0.005
0.235	0.15	0.24	0.15	0.065	0.065	0.025	0.035	0.015	0.01	0	0.01
#wt_age_fsh	1 2	3	4	5	6	7	8	9	10	11						
0.000530656	0.001196328	0.002058265	0.003034987	0.004055212	0.005064698	0.006026226	0.006916921	0.007724891	0.008446113	0.009081853	0.009636695
0.000530656	0.001196328	0.002058265	0.003034987	0.004055212	0.005064698	0.006026226	0.006916921	0.007724891	0.008446113	0.009081853	0.009636695
0.000530656	0.001196328	0.002058265	0.003034987	0.004055212	0.005064698	0.006026226	0.006916921	0.007724891	0.008446113	0.009081853	0.009636695
0.000530656	0.001196328	0.002058265	0.003034987	0.004055212	0.005064698	0.006026226	0.006916921	0.007724891	0.008446113	0.009081853	0.009636695
0.000530656	0.001196328	0.002058265	0.003034987	0.004055212	0.005064698	0.006026226	0.006916921	0.007724891	0.008446113	0.009081853	0.009636695
0.000530656	0.001196328	0.002058265	0.003034987	0.004055212	0.005064698	0.006026226	0.006916921	0.007724891	0.008446113	0.009081853	0.009636695
0.000530656	0.001196328	0.002058265	0.003034987	0.004055212	0.005064698	0.006026226	0.006916921	0.007724891	0.008446113	0.009081853	0.009636695
0.000530656	0.001196328	0.002058265	0.003034987	0.004055212	0.005064698	0.006026226	0.006916921	0.007724891	0.008446113	0.009081853	0.009636695
0.000530656	0.001196328	0.002058265	0.003034987	0.004055212	0.005064698	0.006026226	0.006916921	0.007724891	0.008446113	0.009081853	0.009636695
0.000530656	0.001196328	0.002058265	0.003034987	0.004055212	0.005064698	0.006026226	0.006916921	0.007724891	0.008446113	0.009081853	0.009636695
0.000530656	0.001196328	0.002058265	0.003034987	0.004055212	0.005064698	0.006026226	0.006916921	0.007724891	0.008446113	0.009081853	0.009636695
0.000530656	0.001196328	0.002058265	0.003034987	0.004055212	0.005064698	0.006026226	0.006916921	0.007724891	0.008446113	0.009081853	0.009636695
0.000530656	0.001196328	0.002058265	0.003034987	0.004055212	0.005064698	0.006026226	0.006916921	0.007724891	0.008446113	0.009081853	0.009636695
0.000530656	0.001196328	0.002058265	0.003034987	0.004055212	0.005064698	0.006026226	0.006916921	0.007724891	0.008446113	0.009081853	0.009636695
0.000530656	0.001196328	0.002058265	0.003034987	0.004055212	0.005064698	0.006026226	0.006916921	0.007724891	0.008446113	0.009081853	0.009636695
0.000530656	0.001196328	0.002058265	0.003034987	0.004055212	0.005064698	0.006026226	0.006916921	0.007724891	0.008446113	0.009081853	0.009636695
0.000530656	0.001196328	0.002058265	0.003034987	0.004055212	0.005064698	0.006026226	0.006916921	0.007724891	0.008446113	0.009081853	0.009636695
0.000530656	0.001196328	0.002058265	0.003034987	0.004055212	0.005064698	0.006026226	0.006916921	0.007724891	0.008446113	0.009081853	0.009636695
0.000530656	0.001196328	0.002058265	0.003034987	0.004055212	0.005064698	0.006026226	0.006916921	0.007724891	0.008446113	0.009081853	0.009636695
0.000530656	0.001196328	0.002058265	0.003034987	0.004055212	0.005064698	0.006026226	0.006916921	0.007724891	0.008446113	0.009081853	0.009636695
0.000530656	0.001196328	0.002058265	0.003034987	0.004055212	0.005064698	0.006026226	0.006916921	0.007724891	0.008446113	0.009081853	0.009636695
0.000530656	0.001196328	0.002058265	0.003034987	0.004055212	0.005064698	0.006026226	0.006916921	0.007724891	0.008446113	0.009081853	0.009636695
0.000530656	0.001196328	0.002058265	0.003034987	0.004055212	0.005064698	0.006026226	0.006916921	0.007724891	0.008446113	0.009081853	0.009636695
0.000530656	0.001196328	0.002058265	0.003034987	0.004055212	0.005064698	0.006026226	0.006916921	0.007724891	0.008446113	0.009081853	0.009636695
0.000530656	0.001196328	0.002058265	0.003034987	0.004055212	0.005064698	0.006026226	0.006916921	0.007724891	0.008446113	0.009081853	0.009636695
0.000530656	0.001196328	0.002058265	0.003034987	0.004055212	0.005064698	0.006026226	0.006916921	0.007724891	0.008446113	0.009081853	0.009636695
0.000530656	0.001196328	0.002058265	0.003034987	0.004055212	0.005064698	0.006026226	0.006916921	0.007724891	0.008446113	0.009081853	0.009636695
0.000530656	0.001196328	0.002058265	0.003034987	0.004055212	0.005064698	0.006026226	0.006916921	0.007724891	0.008446113	0.009081853	0.009636695
0.000530656	0.001196328	0.002058265	0.003034987	0.004055212	0.005064698	0.006026226	0.006916921	0.007724891	0.008446113	0.009081853	0.009636695
0.000530656	0.001196328	0.002058265	0.003034987	0.004055212	0.005064698	0.006026226	0.006916921	0.007724891	0.008446113	0.009081853	0.009636695
#nind
1
#ind_names									
SURVEY1									
#nobs_ind
30
#yrs_ind											
1	2	3	4	5	6	7	8	9	10	11	12	13	14	15	16	17	18	19	20	21	22	23	24	25	26	27	28	29	30	
#month_ind										
1															
#biom_ind											
1.17421668081474	1.49763986215676	1.81745709006128	1.78182400939669	1.28787191729964	1.25799508545787	1.50038352049752	1.29041549749475	1.36157500981713	1.20674894474819	1.00354022090854	1.01422902798484	1.07925783541961	0.960984174301436	1.08194225317363	0.957481828799053	0.957473596282876	0.950464819902151	0.789806764441784	0.709019306941487	0.778878964160022	0.576061890042412	0.66109058707272	0.596227701380591	0.538979747159808	0.466214355691325	0.570751260319276	0.546249706358991	0.561189363137886	0.519678861009196
#biom_cv																
0.234843336162947	0.299527972431352	0.363491418012257	0.356364801879338	0.257574383459929	0.251599017091575	0.300076704099504	0.258083099498949	0.272315001963426	0.241349788949638	0.200708044181708	0.202845805596969	0.215851567083921	0.192196834860287	0.216388450634725	0.191496365759811	0.191494719256575	0.19009296398043	0.157961352888357	0.141803861388297	0.155775792832004	0.115212378008482	0.132218117414544	0.119245540276118	0.107795949431962	0.093242871138265	0.114150252063855	0.109249941271798	0.112237872627577	0.103935772201839
#n_ages_ind															
30			
#n_lengths_ind															
0															
#yrs_ages_ind															
1	2	3	4	5	6	7	8	9	10	11	12	13	14	15	16	17	18	19	20	21	22	23	24	25	26	27	28	29	30	
#sample_ages_ind					
200	200	200	200	200	200	200	200	200	200	200	200	200	200	200	200	200	200	200	200	200	200	200	200	200	200	200	200	200	200
#page_ind						
0.09	0.145	0.13	0.125	0.095	0.105	0.06	0.055	0.035	0.02	0.025	0.115
0.09	0.155	0.12	0.105	0.125	0.045	0.095	0.055	0.025	0.02	0.025	0.14
0.045	0.145	0.165	0.135	0.075	0.085	0.035	0.035	0.04	0.045	0.02	0.175
0.075	0.115	0.17	0.13	0.1	0.095	0.06	0.06	0.04	0.035	0.015	0.105
0.045	0.195	0.155	0.115	0.115	0.05	0.055	0.075	0.04	0.015	0.02	0.12
0.09	0.175	0.155	0.075	0.105	0.085	0.08	0.025	0.03	0.045	0.015	0.12
0.055	0.165	0.18	0.11	0.105	0.09	0.08	0.04	0.05	0.025	0.015	0.085
0.065	0.19	0.135	0.135	0.095	0.085	0.055	0.04	0.045	0.045	0.02	0.09
0.06	0.185	0.135	0.135	0.095	0.09	0.07	0.05	0.04	0	0.015	0.125
0.06	0.135	0.18	0.12	0.105	0.125	0.06	0.04	0.03	0.015	0.01	0.12
0.06	0.215	0.165	0.15	0.105	0.065	0.035	0.035	0.025	0.025	0.02	0.1
0.065	0.24	0.14	0.125	0.115	0.1	0.025	0.04	0.055	0.015	0.01	0.07
0.075	0.18	0.195	0.125	0.1	0.065	0.06	0.02	0.03	0.04	0.04	0.07
0.09	0.175	0.17	0.18	0.1	0.04	0.055	0.02	0.035	0.03	0.035	0.07
0.115	0.175	0.12	0.18	0.15	0.1	0.04	0.045	0.02	0.015	0.005	0.035
0.105	0.21	0.14	0.165	0.065	0.09	0.05	0.02	0.05	0.015	0.015	0.075
0.1	0.18	0.23	0.135	0.065	0.105	0.045	0.03	0.015	0.02	0.01	0.065
0.105	0.21	0.21	0.19	0.065	0.065	0.045	0.05	0.035	0.01	0	0.015
0.07	0.235	0.23	0.115	0.12	0.04	0.05	0.05	0.04	0	0.015	0.035
0.085	0.18	0.19	0.19	0.135	0.08	0.045	0.03	0.02	0.015	0.005	0.025
0.08	0.175	0.16	0.195	0.12	0.085	0.07	0.04	0.045	0.005	0.01	0.015
0.095	0.325	0.16	0.13	0.145	0.06	0.015	0.03	0.01	0.01	0.015	0.005
0.105	0.275	0.16	0.145	0.07	0.09	0.04	0.025	0.03	0.02	0.015	0.025
0.13	0.175	0.275	0.18	0.07	0.03	0.045	0.065	0.015	0.01	0	0.005
0.165	0.275	0.18	0.155	0.08	0.045	0.02	0.035	0.01	0.005	0.01	0.02
0.1	0.255	0.235	0.125	0.095	0.085	0.04	0.02	0.025	0.005	0	0.015
0.095	0.2	0.3	0.155	0.09	0.055	0.04	0.015	0.005	0.025	0.005	0.015
0.14	0.25	0.215	0.205	0.075	0.035	0.025	0.025	0.01	0.005	0.01	0.005
0.09	0.325	0.19	0.135	0.11	0.05	0.04	0.025	0.01	0.005	0.005	0.015
0.15	0.205	0.265	0.155	0.09	0.075	0.025	0.015	0.01	0.005	0	0.005
#wt_age_ind						
1 1 1 1 1 1 1 1 1 1 1 1 
1 1 1 1 1 1 1 1 1 1 1 1 
1 1 1 1 1 1 1 1 1 1 1 1 
1 1 1 1 1 1 1 1 1 1 1 1 
1 1 1 1 1 1 1 1 1 1 1 1 
1 1 1 1 1 1 1 1 1 1 1 1 
1 1 1 1 1 1 1 1 1 1 1 1 
1 1 1 1 1 1 1 1 1 1 1 1 
1 1 1 1 1 1 1 1 1 1 1 1 
1 1 1 1 1 1 1 1 1 1 1 1 
1 1 1 1 1 1 1 1 1 1 1 1 
1 1 1 1 1 1 1 1 1 1 1 1 
1 1 1 1 1 1 1 1 1 1 1 1 
1 1 1 1 1 1 1 1 1 1 1 1 
1 1 1 1 1 1 1 1 1 1 1 1 
1 1 1 1 1 1 1 1 1 1 1 1 
1 1 1 1 1 1 1 1 1 1 1 1 
1 1 1 1 1 1 1 1 1 1 1 1 
1 1 1 1 1 1 1 1 1 1 1 1 
1 1 1 1 1 1 1 1 1 1 1 1 
1 1 1 1 1 1 1 1 1 1 1 1 
1 1 1 1 1 1 1 1 1 1 1 1 
1 1 1 1 1 1 1 1 1 1 1 1 
1 1 1 1 1 1 1 1 1 1 1 1 
1 1 1 1 1 1 1 1 1 1 1 1 
1 1 1 1 1 1 1 1 1 1 1 1 
1 1 1 1 1 1 1 1 1 1 1 1 
1 1 1 1 1 1 1 1 1 1 1 1 
1 1 1 1 1 1 1 1 1 1 1 1 
1 1 1 1 1 1 1 1 1 1 1 1 
# wt_pop
0.000530656	0.001196328	0.002058265	0.003034987	0.004055212	0.005064698	0.006026226	0.006916921	0.007724891	0.008446113	0.009081853	0.009636695
#maturity
0.02297737 0.32082130 0.90465054 0.99477987 0.99973881 0.99998699 0.99999935 0.99999997 1 1 1 1
#spmonth						
1		
#age_err						
1	0	0	0	0	0	0	0	0	0	0	0
0	1	0	0	0	0	0	0	0	0	0	0
0	0	1	0	0	0	0	0	0	0	0	0
0	0	0	1	0	0	0	0	0	0	0	0
0	0	0	0	1	0	0	0	0	0	0	0
0	0	0	0	0	1	0	0	0	0	0	0
0	0	0	0	0	0	1	0	0	0	0	0
0	0	0	0	0	0	0	1	0	0	0	0
0	0	0	0	0	0	0	0	1	0	0	0
0	0	0	0	0	0	0	0	0	1	0	0
0	0	0	0	0	0	0	0	0	0	1	0
0	0	0	0	0	0	0	0	0	0	0	1																														
