#styr												
1
#endyr												
30
#rec_age										
1															
#n_ages										
12
# numbers of length intervals
81
#Length	bin
10	11	12	13	14	15	16	17	18	19	20	21	22	23	24	25	26	27	28	29	30	31	32	33	34	35	36	37	38	39	40	41	42	43	44	45	46	47	48	49	50	51	52	53	54	55	56	57	58	59	60	61	62	63	64	65	66	67	68	69	70	71	72	73	74	75	76	77	78	79	80	81	82	83	84	85	86	87	88	89	90
#nfsh
1
#names_fsh
FLEET1												
#catch												
160.560388003253	464.974392999293	746.49080392768	985.435552852629	748.398343419408	1287.7497083256	1236.07745536001	2405.59312835944	1290.47138642868	1518.28837004265	1623.97577143915	1628.6801096262	1101.44933498466	1532.20990093904	1504.11529125365	1288.67952810097	2230.193894745	1583.78398216354	1397.62459362194	1272.20916717303	1567.54460431782	1051.79018146411	1602.24036073016	1187.40360793385	1139.78150450527	1010.74048911858	975.559449100487	1312.1772933329	965.493493041045	1413.9045182439
#catch_cv											
0.01	0.01	0.01	0.01	0.01	0.01	0.01	0.01	0.01	0.01	0.01	0.01	0.01	0.01	0.01	0.01	0.01	0.01	0.01	0.01	0.01	0.01	0.01	0.01	0.01	0.01	0.01	0.01	0.01	0.01
#n_ages_fsh								
30		
#n_lengths_fsh								
0															
#yrs_ages_fsh								
1	2	3	4	5	6	7	8	9	10	11	12	13	14	15	16	17	18	19	20	21	22	23	24	25	26	27	28	29	30	
#sample_ages_fsh							
200	200	200	200	200	200	200	200	200	200	200	200	200	200	200	200	200	200	200	200	200	200	200	200	200	200	200	200	200	200
#page_fsh	2	3	4	5	6	7	8	9	10	11						
0.025	0.145	0.07	0.12	0.13	0.1	0.095	0.095	0.04	0.045	0.02	0.115
0.085	0.095	0.16	0.14	0.07	0.07	0.065	0.065	0.055	0.06	0.03	0.105
0.055	0.13	0.115	0.145	0.1	0.09	0.04	0.035	0.055	0.02	0.025	0.19
0.06	0.09	0.155	0.115	0.1	0.095	0.065	0.055	0.07	0.055	0.015	0.125
0.055	0.1	0.11	0.15	0.08	0.13	0.045	0.06	0.05	0.045	0.025	0.15
0.065	0.11	0.155	0.14	0.115	0.11	0.055	0.07	0.005	0.035	0.03	0.11
0.065	0.145	0.055	0.145	0.13	0.105	0.08	0.055	0.05	0.035	0.03	0.105
0.12	0.095	0.14	0.16	0.125	0.06	0.065	0.045	0.055	0.025	0.035	0.075
0.09	0.155	0.155	0.16	0.065	0.05	0.07	0.035	0.065	0.01	0.025	0.12
0.08	0.15	0.205	0.14	0.14	0.05	0.06	0.045	0.01	0.03	0.01	0.08
0.1	0.12	0.175	0.21	0.06	0.095	0.04	0.045	0.025	0.025	0.02	0.085
0.1	0.105	0.1	0.19	0.205	0.065	0.085	0.005	0.045	0.03	0.005	0.065
0.1	0.18	0.115	0.075	0.15	0.115	0.045	0.06	0.055	0.02	0.02	0.065
0.075	0.13	0.22	0.14	0.085	0.085	0.095	0.04	0.03	0.025	0.02	0.055
0.135	0.115	0.13	0.155	0.09	0.08	0.08	0.075	0.03	0.04	0.02	0.05
0.145	0.195	0.175	0.115	0.085	0.08	0.045	0.03	0.035	0.005	0.02	0.07
0.08	0.15	0.205	0.13	0.12	0.085	0.06	0.045	0.04	0.025	0.005	0.055
0.11	0.24	0.145	0.145	0.095	0.085	0.03	0.06	0.015	0.025	0.015	0.035
0.08	0.17	0.165	0.15	0.115	0.095	0.055	0.045	0.03	0.035	0.015	0.045
0.155	0.11	0.185	0.155	0.11	0.115	0.065	0.045	0.005	0.02	0.005	0.03
0.13	0.26	0.105	0.155	0.09	0.12	0.055	0.02	0.01	0.02	0.005	0.03
0.16	0.23	0.21	0.1	0.095	0.045	0.035	0.045	0.035	0.015	0	0.03
0.2	0.19	0.2	0.125	0.065	0.06	0.05	0.06	0.01	0.01	0.005	0.025
0.2	0.215	0.165	0.14	0.115	0.055	0.02	0.035	0.025	0.01	0	0.02
0.215	0.185	0.23	0.135	0.085	0.065	0.02	0.02	0.02	0.005	0.01	0.01
0.1	0.21	0.19	0.185	0.1	0.08	0.07	0.005	0.02	0.02	0.01	0.01
0.165	0.145	0.225	0.17	0.135	0.075	0.04	0.02	0.005	0.015	0	0.005
0.175	0.305	0.15	0.13	0.095	0.055	0.05	0.015	0.02	0.005	0	0
0.19	0.25	0.255	0.095	0.1	0.03	0.01	0.03	0.015	0.01	0	0.015
0.13	0.245	0.245	0.195	0.05	0.035	0.03	0.015	0.02	0.025	0.005	0.005
#wt_age_fsh	1 2	3	4	5	6	7	8	9	10	11						
0.000530656	0.001196328	0.002058265	0.003034987	0.004055212	0.005064698	0.006026226	0.006916921	0.007724891	0.008446113	0.009081853	0.009636695
0.000530656	0.001196328	0.002058265	0.003034987	0.004055212	0.005064698	0.006026226	0.006916921	0.007724891	0.008446113	0.009081853	0.009636695
0.000530656	0.001196328	0.002058265	0.003034987	0.004055212	0.005064698	0.006026226	0.006916921	0.007724891	0.008446113	0.009081853	0.009636695
0.000530656	0.001196328	0.002058265	0.003034987	0.004055212	0.005064698	0.006026226	0.006916921	0.007724891	0.008446113	0.009081853	0.009636695
0.000530656	0.001196328	0.002058265	0.003034987	0.004055212	0.005064698	0.006026226	0.006916921	0.007724891	0.008446113	0.009081853	0.009636695
0.000530656	0.001196328	0.002058265	0.003034987	0.004055212	0.005064698	0.006026226	0.006916921	0.007724891	0.008446113	0.009081853	0.009636695
0.000530656	0.001196328	0.002058265	0.003034987	0.004055212	0.005064698	0.006026226	0.006916921	0.007724891	0.008446113	0.009081853	0.009636695
0.000530656	0.001196328	0.002058265	0.003034987	0.004055212	0.005064698	0.006026226	0.006916921	0.007724891	0.008446113	0.009081853	0.009636695
0.000530656	0.001196328	0.002058265	0.003034987	0.004055212	0.005064698	0.006026226	0.006916921	0.007724891	0.008446113	0.009081853	0.009636695
0.000530656	0.001196328	0.002058265	0.003034987	0.004055212	0.005064698	0.006026226	0.006916921	0.007724891	0.008446113	0.009081853	0.009636695
0.000530656	0.001196328	0.002058265	0.003034987	0.004055212	0.005064698	0.006026226	0.006916921	0.007724891	0.008446113	0.009081853	0.009636695
0.000530656	0.001196328	0.002058265	0.003034987	0.004055212	0.005064698	0.006026226	0.006916921	0.007724891	0.008446113	0.009081853	0.009636695
0.000530656	0.001196328	0.002058265	0.003034987	0.004055212	0.005064698	0.006026226	0.006916921	0.007724891	0.008446113	0.009081853	0.009636695
0.000530656	0.001196328	0.002058265	0.003034987	0.004055212	0.005064698	0.006026226	0.006916921	0.007724891	0.008446113	0.009081853	0.009636695
0.000530656	0.001196328	0.002058265	0.003034987	0.004055212	0.005064698	0.006026226	0.006916921	0.007724891	0.008446113	0.009081853	0.009636695
0.000530656	0.001196328	0.002058265	0.003034987	0.004055212	0.005064698	0.006026226	0.006916921	0.007724891	0.008446113	0.009081853	0.009636695
0.000530656	0.001196328	0.002058265	0.003034987	0.004055212	0.005064698	0.006026226	0.006916921	0.007724891	0.008446113	0.009081853	0.009636695
0.000530656	0.001196328	0.002058265	0.003034987	0.004055212	0.005064698	0.006026226	0.006916921	0.007724891	0.008446113	0.009081853	0.009636695
0.000530656	0.001196328	0.002058265	0.003034987	0.004055212	0.005064698	0.006026226	0.006916921	0.007724891	0.008446113	0.009081853	0.009636695
0.000530656	0.001196328	0.002058265	0.003034987	0.004055212	0.005064698	0.006026226	0.006916921	0.007724891	0.008446113	0.009081853	0.009636695
0.000530656	0.001196328	0.002058265	0.003034987	0.004055212	0.005064698	0.006026226	0.006916921	0.007724891	0.008446113	0.009081853	0.009636695
0.000530656	0.001196328	0.002058265	0.003034987	0.004055212	0.005064698	0.006026226	0.006916921	0.007724891	0.008446113	0.009081853	0.009636695
0.000530656	0.001196328	0.002058265	0.003034987	0.004055212	0.005064698	0.006026226	0.006916921	0.007724891	0.008446113	0.009081853	0.009636695
0.000530656	0.001196328	0.002058265	0.003034987	0.004055212	0.005064698	0.006026226	0.006916921	0.007724891	0.008446113	0.009081853	0.009636695
0.000530656	0.001196328	0.002058265	0.003034987	0.004055212	0.005064698	0.006026226	0.006916921	0.007724891	0.008446113	0.009081853	0.009636695
0.000530656	0.001196328	0.002058265	0.003034987	0.004055212	0.005064698	0.006026226	0.006916921	0.007724891	0.008446113	0.009081853	0.009636695
0.000530656	0.001196328	0.002058265	0.003034987	0.004055212	0.005064698	0.006026226	0.006916921	0.007724891	0.008446113	0.009081853	0.009636695
0.000530656	0.001196328	0.002058265	0.003034987	0.004055212	0.005064698	0.006026226	0.006916921	0.007724891	0.008446113	0.009081853	0.009636695
0.000530656	0.001196328	0.002058265	0.003034987	0.004055212	0.005064698	0.006026226	0.006916921	0.007724891	0.008446113	0.009081853	0.009636695
0.000530656	0.001196328	0.002058265	0.003034987	0.004055212	0.005064698	0.006026226	0.006916921	0.007724891	0.008446113	0.009081853	0.009636695
#nind
1
#ind_names									
SURVEY1									
#nobs_ind
30
#yrs_ind											
1	2	3	4	5	6	7	8	9	10	11	12	13	14	15	16	17	18	19	20	21	22	23	24	25	26	27	28	29	30	
#month_ind										
1															
#biom_ind											
1.66659484925513	1.43365449904674	1.4168373791174	1.48609621493537	1.43946391544121	1.55069693950148	1.38106379455956	1.27221147725746	1.37591204913493	1.50910580519039	1.33334703555388	1.04081259705116	1.05146330795112	1.03549976134617	0.930231934479564	0.992724978569224	0.911156830571668	0.789094934520031	0.742176620047933	0.675297566506649	0.599897840382984	0.58526342320968	0.803340742686004	0.705941887893748	0.610792932953726	0.680313307700015	0.586176898077149	0.560767488670309	0.564657443194724	0.499448835140073
#biom_cv																
0.333318969851027	0.286730899809347	0.283367475823481	0.297219242987074	0.287892783088243	0.310139387900296	0.276212758911911	0.254442295451491	0.275182409826987	0.301821161038077	0.266669407110775	0.208162519410232	0.210292661590224	0.207099952269235	0.186046386895913	0.198544995713845	0.182231366114334	0.157818986904006	0.148435324009587	0.13505951330133	0.119979568076597	0.117052684641936	0.160668148537201	0.14118837757875	0.122158586590745	0.136062661540003	0.11723537961543	0.112153497734062	0.112931488638945	0.0998897670280146
#n_ages_ind															
30			
#n_lengths_ind															
0															
#yrs_ages_ind															
1	2	3	4	5	6	7	8	9	10	11	12	13	14	15	16	17	18	19	20	21	22	23	24	25	26	27	28	29	30	
#sample_ages_ind					
200	200	200	200	200	200	200	200	200	200	200	200	200	200	200	200	200	200	200	200	200	200	200	200	200	200	200	200	200	200
#page_ind						
0.05	0.19	0.095	0.1	0.135	0.1	0.06	0.05	0.025	0.015	0.02	0.16
0.04	0.17	0.145	0.135	0.085	0.065	0.095	0.05	0.05	0.015	0.03	0.12
0.075	0.165	0.175	0.12	0.065	0.075	0.055	0.075	0.035	0.025	0.03	0.105
0.075	0.15	0.17	0.165	0.11	0.04	0.085	0.06	0.02	0.02	0.015	0.09
0.02	0.14	0.14	0.15	0.08	0.075	0.07	0.05	0.035	0.07	0.02	0.15
0.06	0.1	0.16	0.13	0.12	0.105	0.055	0.03	0.05	0.03	0.025	0.135
0.045	0.19	0.12	0.165	0.105	0.07	0.05	0.05	0.035	0.045	0.02	0.105
0.11	0.185	0.17	0.09	0.09	0.115	0.04	0.035	0.03	0.01	0.03	0.095
0.095	0.2	0.16	0.125	0.08	0.07	0.07	0.04	0.025	0.005	0.025	0.105
0.06	0.2	0.23	0.12	0.13	0.04	0.035	0.055	0.01	0.025	0.02	0.075
0.065	0.145	0.2	0.17	0.105	0.07	0.05	0.025	0.065	0.02	0.005	0.08
0.115	0.14	0.135	0.18	0.13	0.04	0.075	0.02	0.015	0.025	0.025	0.1
0.09	0.19	0.155	0.115	0.115	0.11	0.045	0.065	0.03	0.025	0.02	0.04
0.105	0.15	0.175	0.15	0.065	0.07	0.065	0.05	0.065	0.025	0.015	0.065
0.095	0.195	0.16	0.14	0.085	0.075	0.08	0.06	0.03	0.03	0.005	0.045
0.09	0.19	0.21	0.1	0.1	0.09	0.05	0.04	0.03	0.025	0.025	0.05
0.1	0.185	0.205	0.105	0.11	0.105	0.03	0.035	0.005	0.025	0.02	0.075
0.1	0.19	0.19	0.165	0.105	0.085	0.055	0.025	0.025	0.01	0.02	0.03
0.06	0.28	0.18	0.15	0.115	0.065	0.02	0.025	0.03	0.02	0.01	0.045
0.135	0.145	0.23	0.15	0.11	0.085	0.04	0.025	0.03	0.025	0.015	0.01
0.105	0.24	0.15	0.18	0.055	0.1	0.05	0.035	0.025	0.03	0	0.03
0.19	0.2	0.27	0.12	0.085	0.035	0.03	0.015	0.015	0.02	0.005	0.015
0.135	0.225	0.18	0.155	0.08	0.115	0.015	0.025	0.025	0.02	0.005	0.02
0.135	0.22	0.24	0.195	0.1	0.02	0.03	0.005	0.015	0.015	0.005	0.02
0.11	0.24	0.205	0.145	0.09	0.095	0.035	0.025	0.015	0	0	0.04
0.135	0.275	0.235	0.145	0.07	0.055	0.04	0	0.02	0.01	0.005	0.01
0.155	0.215	0.25	0.135	0.11	0.065	0.02	0.01	0.02	0.01	0.01	0
0.125	0.26	0.195	0.19	0.13	0.035	0.03	0.02	0.01	0	0	0.005
0.15	0.31	0.205	0.15	0.085	0.055	0.025	0.01	0	0.005	0	0.005
0.065	0.325	0.24	0.16	0.075	0.05	0.035	0.01	0.03	0.005	0.005	0
#wt_age_ind						
1 1 1 1 1 1 1 1 1 1 1 1 
1 1 1 1 1 1 1 1 1 1 1 1 
1 1 1 1 1 1 1 1 1 1 1 1 
1 1 1 1 1 1 1 1 1 1 1 1 
1 1 1 1 1 1 1 1 1 1 1 1 
1 1 1 1 1 1 1 1 1 1 1 1 
1 1 1 1 1 1 1 1 1 1 1 1 
1 1 1 1 1 1 1 1 1 1 1 1 
1 1 1 1 1 1 1 1 1 1 1 1 
1 1 1 1 1 1 1 1 1 1 1 1 
1 1 1 1 1 1 1 1 1 1 1 1 
1 1 1 1 1 1 1 1 1 1 1 1 
1 1 1 1 1 1 1 1 1 1 1 1 
1 1 1 1 1 1 1 1 1 1 1 1 
1 1 1 1 1 1 1 1 1 1 1 1 
1 1 1 1 1 1 1 1 1 1 1 1 
1 1 1 1 1 1 1 1 1 1 1 1 
1 1 1 1 1 1 1 1 1 1 1 1 
1 1 1 1 1 1 1 1 1 1 1 1 
1 1 1 1 1 1 1 1 1 1 1 1 
1 1 1 1 1 1 1 1 1 1 1 1 
1 1 1 1 1 1 1 1 1 1 1 1 
1 1 1 1 1 1 1 1 1 1 1 1 
1 1 1 1 1 1 1 1 1 1 1 1 
1 1 1 1 1 1 1 1 1 1 1 1 
1 1 1 1 1 1 1 1 1 1 1 1 
1 1 1 1 1 1 1 1 1 1 1 1 
1 1 1 1 1 1 1 1 1 1 1 1 
1 1 1 1 1 1 1 1 1 1 1 1 
1 1 1 1 1 1 1 1 1 1 1 1 
# wt_pop
0.000530656	0.001196328	0.002058265	0.003034987	0.004055212	0.005064698	0.006026226	0.006916921	0.007724891	0.008446113	0.009081853	0.009636695
#maturity
0.02297737 0.32082130 0.90465054 0.99477987 0.99973881 0.99998699 0.99999935 0.99999997 1 1 1 1
#spmonth						
1		
#age_err						
1	0	0	0	0	0	0	0	0	0	0	0
0	1	0	0	0	0	0	0	0	0	0	0
0	0	1	0	0	0	0	0	0	0	0	0
0	0	0	1	0	0	0	0	0	0	0	0
0	0	0	0	1	0	0	0	0	0	0	0
0	0	0	0	0	1	0	0	0	0	0	0
0	0	0	0	0	0	1	0	0	0	0	0
0	0	0	0	0	0	0	1	0	0	0	0
0	0	0	0	0	0	0	0	1	0	0	0
0	0	0	0	0	0	0	0	0	1	0	0
0	0	0	0	0	0	0	0	0	0	1	0
0	0	0	0	0	0	0	0	0	0	0	1																														
