# Number of parameters = 77  Objective function value = 26247.3  Maximum gradient component = 0.00134066
# sel_params[1]:
2.18004462726
# sel_params[2]:
1.08805089360
# log_Fmult_year1:
 -4.61521277397
# log_Fmult_devs:
 1.06089037186 0.511039106970 0.293664382445 -0.213066209994 0.585519811926 0.00891485930880 0.742846706728 -0.542010211332 0.195280806307 0.119985592406 0.0684521817153 -0.331188284349 0.377609231391 0.0633500054459 -0.107008189071 0.666309873780 -0.205470236183 -0.0134333332141 -0.0274596732830 0.345989363711 -0.319243562449 0.484388442093 -0.194048942620 0.00960643487134 -0.0921178799611 -0.00770377901656 0.339058501469 -0.272576473973 0.428079771476
# log_recruit_devs:
 0.0491616387405 -0.149812429451 -0.123530806751 0.351075186628 -0.0908258326641 0.166232245476 0.264600212033 -0.0840354452500 -0.0588083063166 -0.527538101502 0.0580239008251 0.124366191429 0.0508076923608 -0.155000823751 -0.0866837508931 -0.0730546956953 0.194032341477 -0.109578439972 0.195576588971 -0.0694971055616 -0.157270461763 -0.162990943819 -0.325689185585 0.308566792522 -0.0631163494924 0.183214278042 0.212032415029 0.229092142693 -0.0830413811588 -0.0663075665992
# log_N_year1_devs:
 0.0277158364689 -0.262960961844 -0.0768832276329 -0.0873461106850 -0.0761465058170 -0.0216617648152 -0.0501501799245 -0.173143049447 -0.343101029799 -0.240155309373 -0.0433568879405
# log_q_year1:
 -7.99534347165
# log_q_devs:
 0.00000000000 0.00000000000 0.00000000000 0.00000000000 0.00000000000 0.00000000000 0.00000000000 0.00000000000 0.00000000000 0.00000000000 0.00000000000 0.00000000000 0.00000000000 0.00000000000 0.00000000000 0.00000000000 0.00000000000 0.00000000000 0.00000000000 0.00000000000 0.00000000000 0.00000000000 0.00000000000 0.00000000000 0.00000000000 0.00000000000 0.00000000000 0.00000000000 0.00000000000
# index_sel_params[1]:
1.46014148051
# index_sel_params[2]:
0.462705310382
# log_SR_scaler:
6.92245098026
# SR_steepness:
0.750000000000
