#######GENERAL HEADER INPUT#######
1
30
1
30
1
30
30
12
1	2	3	4	5	6	7	8	9	10	11	12
12
1	2	3	4	5	6	7	8	9	10	11	12
1
1001
1
1
#######SURVEY DATA#######
30
1	2	3	4	5	6	7	8	9	10	11	12	13	14	15	16	17	18	19	20	21	22	23	24	25	26	27	28	29	30
1.40093771254707	1.50937263009757	1.52325586401812	1.51347042418295	1.37598854900657	1.64024711684549	1.81993266980426	1.54012809290112	1.18077983702646	1.31339979130713	1.30644262824368	1.31803410211509	1.03363185883456	1.08965528626102	0.946360021864013	0.888148764531966	1.06299503910683	0.853453729593475	0.865615134805909	0.713278036456423	0.64582169733201	0.731704499110702	0.667346851145659	0.494030280185247	0.443320093952488	0.575716515940982	0.471470210773688	0.572022781263257	0.494353083720404	0.531352576901842
0.2	0.2	0.2	0.2	0.2	0.2	0.2	0.2	0.2	0.2	0.2	0.2	0.2	0.2	0.2	0.2	0.2	0.2	0.2	0.2	0.2	0.2	0.2	0.2	0.2	0.2	0.2	0.2	0.2	0.2
30
1	2	3	4	5	6	7	8	9	10	11	12	13	14	15	16	17	18	19	20	21	22	23	24	25	26	27	28	29	30
200	200	200	200	200	200	200	200	200	200	200	200	200	200	200	200	200	200	200	200	200	200	200	200	200	200	200	200	200	200
200	200	200	200	200	200	200	200	200	200	200	200	200	200	200	200	200	200	200	200	200	200	200	200	200	200	200	200	200	200
0.035	0.15	0.16	0.115	0.085	0.085	0.065	0.06	0.045	0.025	0.03	0.145
0.08	0.17	0.145	0.1	0.07	0.075	0.09	0.05	0.035	0.02	0.015	0.15
0.06	0.205	0.07	0.115	0.105	0.07	0.07	0.08	0.045	0.02	0.02	0.14
0.025	0.095	0.23	0.14	0.105	0.095	0.085	0.06	0.015	0.025	0.03	0.095
0.11	0.095	0.165	0.19	0.065	0.07	0.045	0.055	0.035	0.02	0.03	0.12
0.145	0.22	0.06	0.095	0.17	0.07	0.065	0.06	0.015	0.02	0.02	0.06
0.07	0.21	0.225	0.055	0.085	0.09	0.015	0.055	0.05	0.03	0.04	0.075
0.08	0.08	0.225	0.24	0.055	0.06	0.095	0.05	0.025	0.015	0.005	0.07
0.06	0.165	0.12	0.19	0.18	0.045	0.04	0.025	0.015	0.05	0.025	0.085
0.095	0.12	0.185	0.12	0.12	0.105	0.05	0.03	0.055	0.045	0	0.075
0.06	0.255	0.175	0.155	0.08	0.11	0.03	0.02	0.015	0.03	0.01	0.06
0.065	0.175	0.215	0.095	0.11	0.065	0.06	0.095	0.02	0.01	0.025	0.065
0.06	0.15	0.18	0.185	0.08	0.09	0.045	0.06	0.05	0.025	0.02	0.055
0.095	0.165	0.13	0.16	0.105	0.09	0.085	0.025	0.015	0.065	0.01	0.055
0.045	0.215	0.18	0.09	0.125	0.085	0.025	0.085	0.02	0.045	0.03	0.055
0.13	0.12	0.23	0.145	0.09	0.09	0.075	0.015	0.025	0.02	0.02	0.04
0.105	0.255	0.145	0.185	0.08	0.05	0.045	0.03	0.015	0.03	0	0.06
0.06	0.27	0.275	0.105	0.12	0.05	0.035	0.025	0.025	0.005	0.005	0.025
0.06	0.14	0.22	0.22	0.085	0.085	0.05	0.055	0.03	0.03	0	0.025
0.075	0.2	0.145	0.22	0.165	0.03	0.075	0.025	0.02	0.01	0.01	0.025
0.155	0.115	0.195	0.115	0.145	0.135	0.045	0.04	0.015	0.01	0	0.03
0.15	0.3	0.125	0.165	0.035	0.09	0.025	0.025	0.025	0.015	0.005	0.04
0.1	0.24	0.295	0.095	0.085	0.025	0.075	0.03	0.015	0.025	0.005	0.01
0.08	0.18	0.27	0.23	0.085	0.035	0.015	0.045	0.025	0.01	0.01	0.015
0.165	0.15	0.195	0.19	0.155	0.025	0.025	0.02	0.045	0.025	0	0.005
0.06	0.37	0.185	0.11	0.115	0.095	0.015	0.01	0.005	0.015	0.005	0.015
0.06	0.22	0.345	0.135	0.085	0.08	0.04	0.005	0.01	0.015	0	0.005
0.145	0.175	0.17	0.25	0.05	0.04	0.095	0.045	0.01	0	0.005	0.015
0.17	0.305	0.17	0.095	0.135	0.035	0.035	0.03	0.015	0.005	0	0.005
0.115	0.35	0.265	0.105	0.06	0.05	0.025	0.005	0.01	0.015	0	0
#######LANDINGS DATA#######
1
30
160.887190484515	464.292105344504	746.866141047866	996.381355676994	763.911366468778	1348.3886748122	1323.68705934136	2613.0465320239	1421.38538595513	1659.62254728829	1770.71321722345	1745.72398799784	1196.27022116265	1636.96757544411	1595.30979725421	1331.56780692786	2378.48021019254	1694.68670239	1520.01427694869	1352.63771180228	1640.08306478333	1093.28476434404	1645.9453783982	1223.89135388491	1120.15288977711	961.729935892743	900.787329678313	1166.05558016922	846.444268247316	1272.67500541649
0.01	0.01	0.01	0.01	0.01	0.01	0.01	0.01	0.01	0.01	0.01	0.01	0.01	0.01	0.01	0.01	0.01	0.01	0.01	0.01	0.01	0.01	0.01	0.01	0.01	0.01	0.01	0.01	0.01	0.01
30
1	2	3	4	5	6	7	8	9	10	11	12	13	14	15	16	17	18	19	20	21	22	23	24	25	26	27	28	29	30
200	200	200	200	200	200	200	200	200	200	200	200	200	200	200	200	200	200	200	200	200	200	200	200	200	200	200	200	200	200
200	200	200	200	200	200	200	200	200	200	200	200	200	200	200	200	200	200	200	200	200	200	200	200	200	200	200	200	200	200
0.07	0.1	0.125	0.11	0.11	0.125	0.095	0.055	0.015	0.055	0.025	0.115
0.115	0.08	0.115	0.14	0.125	0.065	0.05	0.05	0.03	0.02	0.04	0.17
0.07	0.155	0.09	0.13	0.08	0.115	0.085	0.06	0.04	0.025	0.045	0.105
0.04	0.12	0.175	0.13	0.09	0.06	0.08	0.07	0.055	0.025	0.045	0.11
0.115	0.075	0.095	0.21	0.115	0.06	0.095	0.065	0.03	0.015	0.02	0.105
0.13	0.185	0.065	0.07	0.145	0.075	0.095	0.04	0.045	0.015	0.025	0.11
0.06	0.16	0.22	0.085	0.06	0.11	0.04	0.03	0.055	0.035	0.02	0.125
0.08	0.125	0.17	0.2	0.075	0.02	0.065	0.045	0.05	0.04	0.02	0.11
0.1	0.155	0.08	0.145	0.175	0.05	0.045	0.065	0.025	0.025	0.015	0.12
0.08	0.105	0.165	0.115	0.11	0.14	0.055	0.05	0.045	0.015	0.025	0.095
0.105	0.165	0.145	0.155	0.065	0.115	0.08	0.025	0.03	0.02	0.005	0.09
0.05	0.155	0.215	0.11	0.1	0.08	0.08	0.075	0.025	0.015	0.025	0.07
0.07	0.125	0.16	0.165	0.085	0.16	0.04	0.08	0.035	0.02	0.01	0.05
0.095	0.13	0.11	0.15	0.155	0.08	0.1	0.02	0.05	0.04	0.005	0.065
0.065	0.21	0.155	0.08	0.14	0.125	0.045	0.035	0.03	0.04	0.01	0.065
0.105	0.135	0.175	0.145	0.08	0.1	0.09	0.045	0.03	0.015	0.03	0.05
0.105	0.21	0.15	0.16	0.055	0.03	0.085	0.035	0.045	0.055	0.01	0.06
0.085	0.165	0.225	0.105	0.14	0.06	0.065	0.045	0.04	0.005	0.015	0.05
0.105	0.12	0.275	0.15	0.115	0.105	0.035	0.005	0.04	0.015	0.005	0.03
0.08	0.145	0.13	0.195	0.15	0.145	0.035	0.04	0.01	0.015	0.01	0.045
0.17	0.165	0.1	0.135	0.11	0.125	0.065	0.05	0.03	0.03	0.015	0.005
0.185	0.26	0.15	0.12	0.07	0.07	0.035	0.01	0.025	0.02	0	0.055
0.115	0.235	0.225	0.115	0.115	0.02	0.055	0.03	0.02	0.005	0.035	0.03
0.095	0.12	0.255	0.25	0.07	0.06	0.02	0.065	0.02	0.015	0.01	0.02
0.21	0.125	0.18	0.19	0.16	0.025	0.02	0.02	0.03	0.025	0.005	0.01
0.125	0.275	0.14	0.145	0.12	0.105	0.03	0.005	0.005	0.025	0.005	0.02
0.12	0.12	0.285	0.13	0.085	0.095	0.065	0.025	0.03	0.01	0.02	0.015
0.24	0.18	0.13	0.22	0.08	0.04	0.045	0.03	0.005	0.015	0.005	0.01
0.225	0.265	0.19	0.05	0.12	0.055	0.025	0.04	0.01	0.005	0.005	0.01
0.17	0.21	0.305	0.11	0.07	0.05	0.03	0.015	0.015	0.015	0.005	0.005
#######PARAMETER SECTION#######
800	400	1200	-4	800	-0.25	1
0.18	0.01	1	-4	0.18	-0.25	1
-1.36	-5	-0.001	-4	-1.36	-0.25	1
0.1	0.05	0.3	-4	0.1	-0.25	1
0.2	0.01	0.5	-4	0.2	-0.25	1
0.75	0.20001	1	-3	0.75	-0.25	1
13.815511	-1	200	1	13.815511	-0.25	1
0	-1	1	-4	0	-0.25	1
0.4	1e-04	1.2	-3	0.4	-0.25	1
0	-10	10	-6	0	-1	1
0	-10	10	-6	0	-1	1
2	0	12	2	2	-0.5	1
1	0	12	2	1	-0.5	1
2	0	12	-2	2	-0.5	1
1	0	12	-2	1	-0.5	1
1.5	0	12	2	1.5	-0.5	1
2	0	12	2	2	-0.5	1
-14.9195948843906	-30	5	1	-14.9195948843906	-1	1
1	0.1	2	-1	1	-1	1
-1.54399197800355	-10	1.39	1	-1.54399197800355	-1	1
#######DEV CONSTRAINTS and DEVS#######
-15	15	2
-15	15	2
-15	15	2
0	0	0	0	0	0	0	0	0	0	0	0	0	0	0	0	0	0	0	0	0	0	0	0	0	0	0	0	0	0
0	0	0	0	0	0	0	0	0	0	0	0	0	0	0	0	0	0	0	0	0	0	0	0	0	0	0	0	0	0
0	0	0	0	0	0	0	0	0	0	0
#######LIKELIHOOD WEIGHTS#######
1
1
1
1
0
1
0
0
0
#######MISCELLANEOUS STUFF SECTION#######
2.5e-08
3
0.5	0.5	0.5	0.5	0.5	0.5	0.5	0.5	0.5	0.5	0.5	0.5
0.0229773699100256	0.320821300824607	0.904650535100891	0.994779874306442	0.999738809680904	0.999986992871533	0.999999352405202	0.999999967758134	0.999999998394772	0.99999999992008	0.999999999996021	0.999999999999802
0.2	0.2	0.2	0.2	0.2	0.2	0.2	0.2	0.2	0.2	0.2	0.2
0
1
10
0.2
1
1	0	0	0	0	0	0	0	0	0	0	0
0	1	0	0	0	0	0	0	0	0	0	0
0	0	1	0	0	0	0	0	0	0	0	0
0	0	0	1	0	0	0	0	0	0	0	0
0	0	0	0	1	0	0	0	0	0	0	0
0	0	0	0	0	1	0	0	0	0	0	0
0	0	0	0	0	0	1	0	0	0	0	0
0	0	0	0	0	0	0	1	0	0	0	0
0	0	0	0	0	0	0	0	1	0	0	0
0	0	0	0	0	0	0	0	0	1	0	0
0	0	0	0	0	0	0	0	0	0	1	0
0	0	0	0	0	0	0	0	0	0	0	1
40
31
2
1
#######END OF DATA FILE#######
999
