# Number of parameters = 77  Objective function value = 26209.5  Maximum gradient component = 0.00103727
# sel_params[1]:
1.81291689226
# sel_params[2]:
0.878027737560
# log_Fmult_year1:
 -4.69603810417
# log_Fmult_devs:
 1.05809779594 0.506855379814 0.287631859543 -0.221777229640 0.580336932220 0.0119584929288 0.746004597365 -0.539627583918 0.204693010598 0.128379085161 0.0663290301446 -0.324390949927 0.364140766263 0.0586017984226 -0.106954282962 0.678869680275 -0.216875337784 -0.00841184049380 -0.0109287266837 0.333193751218 -0.305467988594 0.507503125657 -0.200037406428 0.00108838978448 -0.0959851341492 -0.0174310661549 0.323369418161 -0.271537392189 0.420664350470
# log_recruit_devs:
 -0.0158378061138 -0.115880555235 -0.135840834848 0.224687761478 0.146305319813 0.0247009353737 -0.159727888416 -0.403965815515 -0.326030482281 0.112186489355 -0.0908513813425 -0.0560406497502 -0.157925364298 0.241079079334 -0.142514809134 -0.0180427292558 0.209118336555 0.0637867723868 -0.0117444386655 0.230484328957 0.0729356026767 -0.232696590727 0.100249613428 -0.0283826017366 -0.117112239643 0.0997958087632 0.417823860059 0.0231932371311 0.132946978406 -0.0866999367548
# log_N_year1_devs:
 -0.0819293227211 -0.0167633449364 -0.00445864533936 0.147978622714 0.0415751957474 -0.000379927754821 -0.102119163075 0.0182581851178 -0.330769172155 0.281707246643 -0.227653211737
# log_q_year1:
 -8.03853006947
# log_q_devs:
 0.00000000000 0.00000000000 0.00000000000 0.00000000000 0.00000000000 0.00000000000 0.00000000000 0.00000000000 0.00000000000 0.00000000000 0.00000000000 0.00000000000 0.00000000000 0.00000000000 0.00000000000 0.00000000000 0.00000000000 0.00000000000 0.00000000000 0.00000000000 0.00000000000 0.00000000000 0.00000000000 0.00000000000 0.00000000000 0.00000000000 0.00000000000 0.00000000000 0.00000000000
# index_sel_params[1]:
1.50128396091
# index_sel_params[2]:
0.519913012285
# log_SR_scaler:
7.02110653106
# SR_steepness:
0.750000000000
