#######GENERAL HEADER INPUT#######
1
30
1
30
1
30
30
12
1	2	3	4	5	6	7	8	9	10	11	12
12
1	2	3	4	5	6	7	8	9	10	11	12
1
1001
1
1
#######SURVEY DATA#######
30
1	2	3	4	5	6	7	8	9	10	11	12	13	14	15	16	17	18	19	20	21	22	23	24	25	26	27	28	29	30
1.42069954590174	1.3149741653892	1.4848234484647	1.54063276898419	1.44899807735301	1.45362286192429	1.43806663980349	1.24752022480856	1.08457576035913	1.34195905452885	1.27859318306042	0.903965446201113	1.1292688694488	0.98644605031275	0.971681915455428	0.932753002875478	1.22035095305787	0.981503206463574	0.737421272576582	0.810672582311911	0.8445841895312	0.678711961754931	0.864752875198222	0.549532679517775	0.639474422506508	0.603817879246334	0.515615121477375	0.838135052028637	0.536766018487301	0.522817682393624
0.2	0.2	0.2	0.2	0.2	0.2	0.2	0.2	0.2	0.2	0.2	0.2	0.2	0.2	0.2	0.2	0.2	0.2	0.2	0.2	0.2	0.2	0.2	0.2	0.2	0.2	0.2	0.2	0.2	0.2
30
1	2	3	4	5	6	7	8	9	10	11	12	13	14	15	16	17	18	19	20	21	22	23	24	25	26	27	28	29	30
200	200	200	200	200	200	200	200	200	200	200	200	200	200	200	200	200	200	200	200	200	200	200	200	200	200	200	200	200	200
200	200	200	200	200	200	200	200	200	200	200	200	200	200	200	200	200	200	200	200	200	200	200	200	200	200	200	200	200	200
0.095	0.135	0.165	0.11	0.09	0.055	0.085	0.035	0.07	0.02	0.025	0.115
0.075	0.155	0.135	0.145	0.05	0.085	0.04	0.075	0.05	0.05	0.03	0.11
0.09	0.17	0.12	0.11	0.105	0.065	0.05	0.045	0.045	0.045	0.04	0.115
0.055	0.105	0.175	0.155	0.1	0.08	0.065	0.04	0.03	0.03	0.045	0.12
0.075	0.14	0.115	0.155	0.085	0.075	0.065	0.04	0.04	0.04	0.015	0.155
0.075	0.135	0.115	0.14	0.12	0.115	0.06	0.04	0.06	0.02	0.015	0.105
0.09	0.145	0.175	0.095	0.1	0.065	0.045	0.07	0.055	0.035	0.005	0.12
0.105	0.14	0.185	0.13	0.095	0.05	0.05	0.055	0.05	0.05	0.015	0.075
0.07	0.2	0.18	0.09	0.085	0.03	0.05	0.04	0.035	0.015	0.04	0.165
0.1	0.17	0.195	0.135	0.095	0.09	0.015	0.065	0.025	0.005	0.02	0.085
0.04	0.205	0.225	0.175	0.1	0.055	0.02	0.035	0.02	0.015	0.025	0.085
0.06	0.175	0.205	0.155	0.145	0.06	0.02	0.025	0.02	0.01	0.03	0.095
0.11	0.125	0.195	0.145	0.125	0.06	0.025	0.065	0.04	0.02	0.025	0.065
0.07	0.245	0.14	0.12	0.135	0.09	0.05	0.03	0.015	0.015	0.035	0.055
0.12	0.17	0.185	0.095	0.08	0.12	0.09	0.055	0.025	0.03	0	0.03
0.145	0.205	0.215	0.125	0.03	0.055	0.06	0.05	0.03	0.035	0.01	0.04
0.085	0.22	0.22	0.12	0.1	0.055	0.06	0.035	0.04	0.04	0.015	0.01
0.065	0.165	0.29	0.17	0.055	0.11	0.02	0.01	0.04	0.015	0	0.06
0.125	0.17	0.215	0.14	0.135	0.05	0.05	0	0.015	0.03	0.025	0.045
0.14	0.18	0.165	0.13	0.155	0.105	0.03	0.035	0.015	0.01	0.01	0.025
0.12	0.28	0.205	0.14	0.045	0.08	0.05	0.03	0.03	0	0.01	0.01
0.08	0.185	0.36	0.145	0.055	0.05	0.075	0.015	0.01	0.01	0.005	0.01
0.09	0.225	0.105	0.25	0.08	0.035	0.06	0.06	0.04	0.01	0.03	0.015
0.075	0.21	0.175	0.18	0.15	0.07	0.04	0.03	0.035	0	0.005	0.03
0.125	0.32	0.215	0.155	0.06	0.055	0.025	0.015	0.005	0.015	0	0.01
0.11	0.245	0.215	0.16	0.095	0.03	0.09	0.02	0	0.015	0.015	0.005
0.105	0.27	0.23	0.15	0.065	0.06	0.025	0.035	0.025	0.015	0	0.02
0.135	0.3	0.195	0.15	0.085	0.035	0.035	0.02	0.02	0.005	0.005	0.015
0.11	0.315	0.23	0.145	0.065	0.06	0.035	0.015	0	0.015	0.005	0.005
0.12	0.225	0.21	0.18	0.1	0.055	0.05	0.015	0.02	0.005	0.005	0.015
#######LANDINGS DATA#######
1
30
161.842451321589	461.452813128737	742.292300236944	970.265360574107	742.27873687442	1278.34359488661	1220.81253620717	2321.5823625926	1242.64318514614	1448.01695010156	1545.24180642489	1561.12078765205	1064.72052931133	1465.49944152626	1467.72446470984	1274.83069509386	2328.59413571199	1706.10244664891	1546.41036019623	1390.7624956346	1756.24959486673	1180.1748934741	1763.20929952815	1279.61729768539	1165.28511348493	1023.23213033716	992.58022286457	1336.00365096905	959.40801132314	1363.26837065025
0.01	0.01	0.01	0.01	0.01	0.01	0.01	0.01	0.01	0.01	0.01	0.01	0.01	0.01	0.01	0.01	0.01	0.01	0.01	0.01	0.01	0.01	0.01	0.01	0.01	0.01	0.01	0.01	0.01	0.01
30
1	2	3	4	5	6	7	8	9	10	11	12	13	14	15	16	17	18	19	20	21	22	23	24	25	26	27	28	29	30
200	200	200	200	200	200	200	200	200	200	200	200	200	200	200	200	200	200	200	200	200	200	200	200	200	200	200	200	200	200
200	200	200	200	200	200	200	200	200	200	200	200	200	200	200	200	200	200	200	200	200	200	200	200	200	200	200	200	200	200
0.1	0.04	0.12	0.125	0.1	0.12	0.07	0.065	0.035	0.03	0.04	0.155
0.065	0.12	0.135	0.14	0.095	0.075	0.05	0.08	0.035	0.035	0.03	0.14
0.1	0.13	0.135	0.135	0.105	0.095	0.075	0.04	0.015	0.035	0.02	0.115
0.05	0.11	0.18	0.13	0.09	0.075	0.06	0.06	0.05	0.025	0.025	0.145
0.085	0.125	0.14	0.125	0.085	0.07	0.065	0.04	0.025	0.06	0.01	0.17
0.07	0.09	0.13	0.1	0.1	0.055	0.095	0.08	0.09	0.055	0.025	0.11
0.08	0.155	0.155	0.115	0.105	0.04	0.045	0.04	0.055	0.045	0.035	0.13
0.115	0.095	0.185	0.115	0.07	0.11	0.06	0.04	0.035	0.03	0.015	0.13
0.11	0.185	0.115	0.155	0.11	0.105	0.04	0.035	0.02	0.02	0.01	0.095
0.105	0.135	0.2	0.11	0.115	0.06	0.04	0.06	0.03	0.02	0.025	0.1
0.035	0.15	0.175	0.16	0.085	0.105	0.045	0.065	0.015	0.005	0.025	0.135
0.07	0.145	0.195	0.115	0.145	0.05	0.04	0.07	0.04	0.03	0.01	0.09
0.085	0.075	0.135	0.195	0.105	0.135	0.065	0.055	0.045	0.04	0.02	0.045
0.08	0.16	0.1	0.14	0.135	0.12	0.11	0.02	0.035	0.015	0.01	0.075
0.12	0.18	0.15	0.095	0.1	0.125	0.085	0.03	0.035	0.015	0.02	0.045
0.15	0.15	0.145	0.105	0.08	0.05	0.08	0.08	0.08	0.01	0.01	0.06
0.075	0.13	0.265	0.115	0.125	0.04	0.06	0.08	0.03	0.015	0.02	0.045
0.08	0.14	0.285	0.175	0.1	0.07	0.025	0.02	0.025	0.02	0.025	0.035
0.07	0.15	0.145	0.175	0.16	0.075	0.07	0.015	0.03	0.04	0.025	0.045
0.2	0.18	0.135	0.125	0.135	0.085	0.025	0.055	0.02	0.02	0	0.02
0.1	0.24	0.14	0.135	0.115	0.09	0.08	0.02	0.005	0.015	0.015	0.045
0.15	0.15	0.27	0.125	0.075	0.06	0.05	0.05	0.04	0.015	0	0.015
0.115	0.18	0.17	0.235	0.105	0.065	0.04	0.035	0.04	0	0	0.015
0.135	0.17	0.185	0.15	0.14	0.07	0.03	0.035	0.03	0.025	0.015	0.015
0.17	0.245	0.21	0.125	0.075	0.09	0.03	0.01	0.01	0.005	0.01	0.02
0.16	0.165	0.215	0.15	0.11	0.1	0.05	0.01	0.01	0.005	0.01	0.015
0.175	0.175	0.205	0.195	0.105	0.06	0.02	0.03	0.005	0.005	0.005	0.02
0.115	0.25	0.16	0.18	0.115	0.09	0.03	0.025	0.015	0.01	0	0.01
0.2	0.205	0.18	0.195	0.08	0.06	0.03	0.02	0	0.015	0	0.015
0.15	0.275	0.21	0.175	0.055	0.045	0.03	0.01	0.015	0.015	0.01	0.01
#######PARAMETER SECTION#######
800	400	1200	-4	800	-0.25	1
0.18	0.01	1	-4	0.18	-0.25	1
-1.36	-5	-0.001	-4	-1.36	-0.25	1
0.1	0.05	0.3	-4	0.1	-0.25	1
0.2	0.01	0.5	-4	0.2	-0.25	1
0.75	0.20001	1	-3	0.75	-0.25	1
13.815511	-1	200	1	13.815511	-0.25	1
0	-1	1	-4	0	-0.25	1
0.2	1e-04	1.2	-3	0.2	-0.25	1
0	-10	10	-6	0	-1	1
0	-10	10	-6	0	-1	1
2	0	12	2	2	-0.5	1
1	0	12	2	1	-0.5	1
2	0	12	-2	2	-0.5	1
1	0	12	-2	1	-0.5	1
1.5	0	12	2	1.5	-0.5	1
2	0	12	2	2	-0.5	1
-14.8816475856854	-30	5	1	-14.8816475856854	-1	1
1	0.1	2	-1	1	-1	1
-1.54399197800355	-10	1.39	1	-1.54399197800355	-1	1
#######DEV CONSTRAINTS and DEVS#######
-15	15	2
-15	15	2
-15	15	2
0	0	0	0	0	0	0	0	0	0	0	0	0	0	0	0	0	0	0	0	0	0	0	0	0	0	0	0	0	0
0	0	0	0	0	0	0	0	0	0	0	0	0	0	0	0	0	0	0	0	0	0	0	0	0	0	0	0	0	0
0	0	0	0	0	0	0	0	0	0	0
#######LIKELIHOOD WEIGHTS#######
1
1
1
1
0
1
0
0
0
#######MISCELLANEOUS STUFF SECTION#######
2.5e-08
3
0.5	0.5	0.5	0.5	0.5	0.5	0.5	0.5	0.5	0.5	0.5	0.5
0.0229773699100256	0.320821300824607	0.904650535100891	0.994779874306442	0.999738809680904	0.999986992871533	0.999999352405202	0.999999967758134	0.999999998394772	0.99999999992008	0.999999999996021	0.999999999999802
0.2	0.2	0.2	0.2	0.2	0.2	0.2	0.2	0.2	0.2	0.2	0.2
0
1
10
0.2
1
1	0	0	0	0	0	0	0	0	0	0	0
0	1	0	0	0	0	0	0	0	0	0	0
0	0	1	0	0	0	0	0	0	0	0	0
0	0	0	1	0	0	0	0	0	0	0	0
0	0	0	0	1	0	0	0	0	0	0	0
0	0	0	0	0	1	0	0	0	0	0	0
0	0	0	0	0	0	1	0	0	0	0	0
0	0	0	0	0	0	0	1	0	0	0	0
0	0	0	0	0	0	0	0	1	0	0	0
0	0	0	0	0	0	0	0	0	1	0	0
0	0	0	0	0	0	0	0	0	0	1	0
0	0	0	0	0	0	0	0	0	0	0	1
40
31
2
1
#######END OF DATA FILE#######
999
