#######GENERAL HEADER INPUT#######
1
30
1
30
1
30
30
12
1	2	3	4	5	6	7	8	9	10	11	12
12
1	2	3	4	5	6	7	8	9	10	11	12
1
1001
1
1
#######SURVEY DATA#######
30
1	2	3	4	5	6	7	8	9	10	11	12	13	14	15	16	17	18	19	20	21	22	23	24	25	26	27	28	29	30
1.670880883877	1.44368247385276	1.34966883173935	1.61591123730205	1.21915829456113	1.36218531208942	1.35149569805198	1.37785448113797	1.11539908213882	1.22275994741012	1.08537529322644	1.08235164701424	1.14535893075812	0.84658978052249	0.913442729921422	1.0675679024771	0.754306778164547	0.749492058949012	0.915224406254979	0.7894378385665	0.84225441387532	0.724650074856311	0.878722331176003	0.702055043497937	0.737948300880479	0.765280191384127	0.925985486565089	0.601903412174167	0.639185003811298	0.668941168073604
0.2	0.2	0.2	0.2	0.2	0.2	0.2	0.2	0.2	0.2	0.2	0.2	0.2	0.2	0.2	0.2	0.2	0.2	0.2	0.2	0.2	0.2	0.2	0.2	0.2	0.2	0.2	0.2	0.2	0.2
30
1	2	3	4	5	6	7	8	9	10	11	12	13	14	15	16	17	18	19	20	21	22	23	24	25	26	27	28	29	30
200	200	200	200	200	200	200	200	200	200	200	200	200	200	200	200	200	200	200	200	200	200	200	200	200	200	200	200	200	200
200	200	200	200	200	200	200	200	200	200	200	200	200	200	200	200	200	200	200	200	200	200	200	200	200	200	200	200	200	200
0.075	0.15	0.185	0.16	0.09	0.055	0.05	0.05	0.045	0.025	0.03	0.085
0.03	0.165	0.145	0.1	0.095	0.085	0.045	0.075	0.07	0.025	0.03	0.135
0.065	0.145	0.125	0.13	0.125	0.06	0.05	0.06	0.05	0.035	0.035	0.12
0.07	0.21	0.105	0.095	0.11	0.065	0.08	0.02	0.04	0.04	0.025	0.14
0.08	0.13	0.175	0.06	0.1	0.1	0.065	0.055	0.045	0.03	0.015	0.145
0.065	0.16	0.12	0.11	0.055	0.095	0.05	0.05	0.04	0.06	0.025	0.17
0.05	0.165	0.16	0.155	0.095	0.07	0.045	0.04	0.02	0.03	0.025	0.145
0.065	0.135	0.135	0.14	0.105	0.09	0.045	0.075	0.04	0.02	0.025	0.125
0.1	0.165	0.135	0.165	0.075	0.105	0.065	0.03	0.035	0.02	0.01	0.095
0.085	0.205	0.16	0.17	0.125	0.07	0.03	0.03	0.025	0.015	0.005	0.08
0.07	0.22	0.185	0.135	0.06	0.105	0.04	0.015	0.04	0.035	0.02	0.075
0.095	0.16	0.22	0.13	0.11	0.07	0.065	0.03	0.01	0.025	0.015	0.07
0.095	0.15	0.145	0.13	0.095	0.105	0.055	0.08	0.03	0.01	0.04	0.065
0.085	0.15	0.22	0.12	0.11	0.065	0.06	0.055	0.015	0.03	0.02	0.07
0.075	0.195	0.215	0.14	0.085	0.11	0.06	0.015	0.015	0.03	0.005	0.055
0.045	0.225	0.21	0.105	0.065	0.1	0.065	0.075	0.015	0.015	0.025	0.055
0.115	0.09	0.225	0.18	0.105	0.055	0.05	0.05	0.06	0.005	0.02	0.045
0.125	0.205	0.15	0.135	0.085	0.075	0.065	0.03	0.055	0.015	0.02	0.04
0.1	0.23	0.175	0.105	0.135	0.04	0.075	0.015	0.025	0.04	0.015	0.045
0.125	0.225	0.225	0.14	0.05	0.055	0.05	0.025	0.03	0.01	0.025	0.04
0.09	0.275	0.235	0.17	0.07	0.045	0.04	0.025	0	0.01	0	0.04
0.125	0.23	0.205	0.145	0.105	0.06	0.03	0.03	0.025	0.01	0.01	0.025
0.155	0.26	0.205	0.175	0.05	0.075	0.035	0.005	0.015	0	0.005	0.02
0.105	0.275	0.18	0.16	0.12	0.065	0.025	0.025	0.01	0	0.01	0.025
0.125	0.21	0.26	0.16	0.105	0.05	0.02	0.025	0.005	0	0.015	0.025
0.115	0.245	0.235	0.155	0.09	0.08	0.05	0	0.005	0.005	0	0.02
0.115	0.21	0.325	0.125	0.085	0.055	0.01	0.04	0.02	0.005	0.005	0.005
0.1	0.19	0.22	0.23	0.135	0.06	0.01	0.01	0.03	0	0.005	0.01
0.125	0.26	0.175	0.15	0.125	0.065	0.035	0.025	0.015	0.005	0.01	0.01
0.19	0.2	0.26	0.1	0.11	0.035	0.05	0.025	0.015	0.005	0	0.01
#######LANDINGS DATA#######
1
30
161.644465075111	460.957492830789	742.860950681058	961.519819946457	742.605669235502	1266.01260373407	1207.32643965471	2312.23823380771	1232.18936240786	1423.80385202698	1526.03517746824	1535.55634554698	1070.82061221012	1482.49081156075	1468.59536482104	1244.10714010295	2173.67437620718	1532.83486119544	1371.77028319148	1287.01593605044	1684.01865250845	1169.87241023135	1817.87084246653	1381.10467352074	1322.29939841916	1210.02950390157	1200.11615054579	1612.09836769514	1141.90487472791	1635.17926058881
0.01	0.01	0.01	0.01	0.01	0.01	0.01	0.01	0.01	0.01	0.01	0.01	0.01	0.01	0.01	0.01	0.01	0.01	0.01	0.01	0.01	0.01	0.01	0.01	0.01	0.01	0.01	0.01	0.01	0.01
30
1	2	3	4	5	6	7	8	9	10	11	12	13	14	15	16	17	18	19	20	21	22	23	24	25	26	27	28	29	30
200	200	200	200	200	200	200	200	200	200	200	200	200	200	200	200	200	200	200	200	200	200	200	200	200	200	200	200	200	200
200	200	200	200	200	200	200	200	200	200	200	200	200	200	200	200	200	200	200	200	200	200	200	200	200	200	200	200	200	200
0.09	0.095	0.13	0.18	0.08	0.045	0.045	0.07	0.045	0.04	0.03	0.15
0.065	0.095	0.135	0.13	0.095	0.045	0.08	0.05	0.04	0.06	0.03	0.175
0.05	0.085	0.1	0.13	0.13	0.11	0.09	0.065	0.055	0.035	0.025	0.125
0.065	0.19	0.13	0.115	0.105	0.07	0.05	0.065	0.04	0.03	0.02	0.12
0.05	0.095	0.16	0.085	0.1	0.12	0.065	0.06	0.035	0.055	0.04	0.135
0.12	0.12	0.13	0.135	0.055	0.065	0.035	0.045	0.02	0.06	0.02	0.195
0.125	0.075	0.15	0.115	0.115	0.08	0.035	0.05	0.035	0.02	0.04	0.16
0.1	0.125	0.11	0.11	0.1	0.11	0.08	0.075	0.04	0.03	0.01	0.11
0.13	0.145	0.145	0.135	0.085	0.11	0.055	0.015	0.03	0.045	0.02	0.085
0.175	0.16	0.125	0.11	0.125	0.08	0.065	0.05	0.02	0.035	0.015	0.04
0.11	0.145	0.185	0.13	0.065	0.085	0.055	0.045	0.04	0.025	0.02	0.095
0.12	0.185	0.18	0.155	0.09	0.065	0.045	0.035	0.02	0.035	0	0.07
0.085	0.13	0.14	0.18	0.155	0.09	0.045	0.05	0.015	0.02	0.015	0.075
0.125	0.14	0.135	0.135	0.135	0.075	0.055	0.035	0.035	0.025	0.045	0.06
0.12	0.115	0.155	0.165	0.075	0.05	0.11	0.07	0.025	0.03	0.005	0.08
0.045	0.155	0.17	0.145	0.1	0.07	0.095	0.07	0.035	0.045	0.03	0.04
0.075	0.115	0.23	0.185	0.12	0.07	0.035	0.04	0.065	0.015	0.01	0.04
0.175	0.15	0.07	0.165	0.105	0.09	0.06	0.04	0.055	0.035	0.01	0.045
0.13	0.22	0.12	0.115	0.115	0.085	0.04	0.03	0.045	0.03	0.025	0.045
0.21	0.195	0.215	0.12	0.045	0.055	0.05	0.015	0.03	0.005	0.005	0.055
0.105	0.32	0.165	0.145	0.085	0.01	0.07	0.045	0.01	0.015	0.005	0.025
0.175	0.155	0.22	0.185	0.09	0.045	0.015	0.035	0.03	0.01	0.02	0.02
0.18	0.245	0.16	0.195	0.1	0.05	0.015	0.005	0.015	0.01	0.01	0.015
0.1	0.22	0.19	0.175	0.165	0.035	0.035	0.035	0.02	0.005	0.005	0.015
0.195	0.25	0.175	0.135	0.08	0.065	0.05	0.015	0.005	0.005	0.01	0.015
0.215	0.165	0.195	0.115	0.115	0.08	0.045	0.015	0.025	0.01	0	0.02
0.11	0.24	0.175	0.14	0.16	0.065	0.04	0.01	0.03	0.005	0.01	0.015
0.125	0.165	0.24	0.2	0.11	0.06	0.02	0.04	0.02	0.01	0	0.01
0.155	0.23	0.17	0.205	0.08	0.06	0.05	0.025	0.01	0.01	0	0.005
0.145	0.16	0.25	0.155	0.13	0.07	0.03	0.01	0.02	0.01	0.005	0.015
#######PARAMETER SECTION#######
800	400	1200	-4	800	-0.25	1
0.18	0.01	1	-4	0.18	-0.25	1
-1.36	-5	-0.001	-4	-1.36	-0.25	1
0.1	0.05	0.3	-4	0.1	-0.25	1
0.2	0.01	0.5	-4	0.2	-0.25	1
0.75	0.20001	1	-3	0.75	-0.25	1
13.815511	-1	200	1	13.815511	-0.25	1
0	-1	1	-4	0	-0.25	1
0.2	1e-04	1.2	-3	0.2	-0.25	1
0	-10	10	-6	0	-1	1
0	-10	10	-6	0	-1	1
2	0	12	2	2	-0.5	1
1	0	12	2	1	-0.5	1
2	0	12	-2	2	-0.5	1
1	0	12	-2	1	-0.5	1
1.5	0	12	2	1.5	-0.5	1
2	0	12	2	2	-0.5	1
-14.897006062246	-30	5	1	-14.897006062246	-1	1
1	0.1	2	-1	1	-1	1
-1.54399197800355	-10	1.39	1	-1.54399197800355	-1	1
#######DEV CONSTRAINTS and DEVS#######
-15	15	2
-15	15	2
-15	15	2
0	0	0	0	0	0	0	0	0	0	0	0	0	0	0	0	0	0	0	0	0	0	0	0	0	0	0	0	0	0
0	0	0	0	0	0	0	0	0	0	0	0	0	0	0	0	0	0	0	0	0	0	0	0	0	0	0	0	0	0
0	0	0	0	0	0	0	0	0	0	0
#######LIKELIHOOD WEIGHTS#######
1
1
1
1
0
1
0
0
0
#######MISCELLANEOUS STUFF SECTION#######
2.5e-08
3
0.5	0.5	0.5	0.5	0.5	0.5	0.5	0.5	0.5	0.5	0.5	0.5
0.0229773699100256	0.320821300824607	0.904650535100891	0.994779874306442	0.999738809680904	0.999986992871533	0.999999352405202	0.999999967758134	0.999999998394772	0.99999999992008	0.999999999996021	0.999999999999802
0.2	0.2	0.2	0.2	0.2	0.2	0.2	0.2	0.2	0.2	0.2	0.2
0
1
10
0.2
1
1	0	0	0	0	0	0	0	0	0	0	0
0	1	0	0	0	0	0	0	0	0	0	0
0	0	1	0	0	0	0	0	0	0	0	0
0	0	0	1	0	0	0	0	0	0	0	0
0	0	0	0	1	0	0	0	0	0	0	0
0	0	0	0	0	1	0	0	0	0	0	0
0	0	0	0	0	0	1	0	0	0	0	0
0	0	0	0	0	0	0	1	0	0	0	0
0	0	0	0	0	0	0	0	1	0	0	0
0	0	0	0	0	0	0	0	0	1	0	0
0	0	0	0	0	0	0	0	0	0	1	0
0	0	0	0	0	0	0	0	0	0	0	1
40
31
2
1
#######END OF DATA FILE#######
999
