# Number of parameters = 77  Objective function value = 26520.3  Maximum gradient component = 0.00203334
# sel_params[1]:
3.85916190302
# sel_params[2]:
0.936439176797
# log_Fmult_year1:
 -4.21265883264
# log_Fmult_devs:
 1.00807368748 0.456705668026 0.260680183280 -0.264602397754 0.557343929576 -0.00352145395008 0.727557695180 -0.533598330612 0.180240229666 0.109272298981 0.0723613462875 -0.347261591770 0.363388633875 0.0443434896821 -0.126148634837 0.665301903216 -0.201467149187 -0.0190990191284 -0.0230811214178 0.323117374351 -0.315350968234 0.510029804119 -0.185275095250 -0.00115912018900 -0.0851468199493 -0.0137150881599 0.357967133981 -0.252287976929 0.456228136778
# log_recruit_devs:
 -0.195267304329 0.190752029713 -0.151889843679 -0.241849033697 -0.0171393974006 0.0900125183632 0.248851506167 0.0835633213886 0.0171079700208 -0.296079071978 0.296685769904 0.000433422709900 -0.0135384706252 0.00921958114015 -0.137899943820 0.168502522229 -0.105716764881 -0.0478757959310 -0.0532874739021 0.175356688050 -0.262478878910 -0.223169134994 0.00496790840094 0.360543175704 0.0444696062526 -0.0552805083373 -0.0332031356398 0.0201853570460 -0.0102702558214 0.134293636855
# log_N_year1_devs:
 -0.230719781468 -0.431588482260 -0.360019860520 -0.483523999154 -0.428686814157 -0.527432409220 -0.546742151475 -0.673502149976 -1.12500579764 -1.73104494738 -1.13493319260
# log_q_year1:
 -7.90167397798
# log_q_devs:
 0.00000000000 0.00000000000 0.00000000000 0.00000000000 0.00000000000 0.00000000000 0.00000000000 0.00000000000 0.00000000000 0.00000000000 0.00000000000 0.00000000000 0.00000000000 0.00000000000 0.00000000000 0.00000000000 0.00000000000 0.00000000000 0.00000000000 0.00000000000 0.00000000000 0.00000000000 0.00000000000 0.00000000000 0.00000000000 0.00000000000 0.00000000000 0.00000000000 0.00000000000
# index_sel_params[1]:
1.95145395590
# index_sel_params[2]:
0.657895439971
# log_SR_scaler:
6.95254744333
# SR_steepness:
0.750000000000
