#######GENERAL HEADER INPUT#######
1
30
1
30
1
30
30
12
1	2	3	4	5	6	7	8	9	10	11	12
12
1	2	3	4	5	6	7	8	9	10	11	12
1
1001
1
1
#######SURVEY DATA#######
30
1	2	3	4	5	6	7	8	9	10	11	12	13	14	15	16	17	18	19	20	21	22	23	24	25	26	27	28	29	30
1.31535411055772	1.69172842854228	1.52124528529185	1.34669884421468	1.28624426737913	1.52984513553069	1.56363883723417	1.39676264137928	1.38119533815796	1.23689192385554	1.1311058097887	1.14182314501063	0.948585068580887	1.03376442961517	0.725242035156241	0.872392798328572	0.767343768018055	0.86281234592768	0.684962313652156	0.635436151572773	0.758631521686419	0.738628415823886	0.702975697112657	0.743431935553255	0.62765300795273	0.593128025221857	0.641356873804021	0.640126222492397	0.59323337445308	0.485648625120087
0.2	0.2	0.2	0.2	0.2	0.2	0.2	0.2	0.2	0.2	0.2	0.2	0.2	0.2	0.2	0.2	0.2	0.2	0.2	0.2	0.2	0.2	0.2	0.2	0.2	0.2	0.2	0.2	0.2	0.2
30
1	2	3	4	5	6	7	8	9	10	11	12	13	14	15	16	17	18	19	20	21	22	23	24	25	26	27	28	29	30
200	200	200	200	200	200	200	200	200	200	200	200	200	200	200	200	200	200	200	200	200	200	200	200	200	200	200	200	200	200
200	200	200	200	200	200	200	200	200	200	200	200	200	200	200	200	200	200	200	200	200	200	200	200	200	200	200	200	200	200
0.055	0.13	0.14	0.13	0.08	0.075	0.1	0.05	0.03	0.035	0.035	0.14
0.03	0.11	0.16	0.165	0.14	0.075	0.09	0.045	0.035	0.02	0.025	0.105
0.085	0.08	0.12	0.165	0.115	0.06	0.045	0.075	0.07	0.025	0.02	0.14
0.07	0.15	0.145	0.11	0.07	0.08	0.09	0.05	0.045	0.02	0.01	0.16
0.045	0.19	0.12	0.12	0.075	0.075	0.035	0.055	0.05	0.035	0.045	0.155
0.125	0.145	0.21	0.115	0.075	0.08	0.06	0.03	0.045	0.02	0.035	0.06
0.095	0.22	0.135	0.17	0.045	0.055	0.045	0.055	0.03	0.025	0.02	0.105
0.07	0.095	0.205	0.16	0.13	0.045	0.04	0.065	0.03	0.04	0.025	0.095
0.07	0.17	0.19	0.1	0.105	0.075	0.08	0.03	0.05	0.035	0	0.095
0.06	0.115	0.18	0.095	0.17	0.1	0.065	0.035	0.045	0.02	0.015	0.1
0.1	0.135	0.175	0.115	0.115	0.055	0.065	0.085	0.05	0.01	0.02	0.075
0.1	0.195	0.14	0.1	0.12	0.07	0.07	0.055	0.04	0.02	0.01	0.08
0.05	0.18	0.225	0.115	0.11	0.085	0.02	0.065	0.03	0.04	0.02	0.06
0.1	0.145	0.215	0.135	0.06	0.08	0.035	0.045	0.055	0.025	0.015	0.09
0.07	0.155	0.135	0.145	0.17	0.05	0.065	0.045	0.035	0.03	0.035	0.065
0.095	0.145	0.225	0.125	0.105	0.08	0.025	0.055	0.035	0.01	0.02	0.08
0.1	0.19	0.185	0.155	0.08	0.085	0.06	0.035	0.035	0.01	0.005	0.06
0.115	0.25	0.17	0.19	0.06	0.045	0.06	0.045	0.01	0.02	0.01	0.025
0.07	0.23	0.245	0.14	0.12	0.06	0.025	0.015	0.045	0.01	0.005	0.035
0.205	0.16	0.19	0.145	0.08	0.045	0.04	0.02	0.035	0.025	0.02	0.035
0.065	0.34	0.16	0.175	0.095	0.04	0.05	0.025	0.015	0.02	0	0.015
0.11	0.265	0.25	0.095	0.09	0.075	0.03	0.02	0.02	0	0.02	0.025
0.105	0.25	0.185	0.2	0.105	0.06	0.015	0.035	0.02	0.005	0.005	0.015
0.09	0.2	0.25	0.11	0.19	0.05	0.075	0.01	0	0.005	0.005	0.015
0.145	0.235	0.23	0.165	0.085	0.075	0.015	0.03	0.005	0.01	0.005	0
0.085	0.285	0.235	0.15	0.13	0.045	0.045	0	0.015	0	0	0.01
0.125	0.18	0.245	0.15	0.085	0.095	0.03	0.055	0.02	0.005	0	0.01
0.165	0.21	0.16	0.15	0.115	0.095	0.05	0.02	0.03	0	0.005	0
0.095	0.335	0.205	0.1	0.115	0.08	0.04	0.02	0.005	0	0	0.005
0.155	0.235	0.195	0.205	0.075	0.045	0.04	0.015	0.015	0	0.01	0.01
#######LANDINGS DATA#######
1
30
160.280439109825	460.004799480765	738.175958939133	945.179347305482	730.389117999439	1265.91485036328	1229.49893142397	2379.19182623765	1262.81037134708	1450.34041178509	1506.41632508204	1470.22868605668	997.389229456454	1376.88439337786	1352.8646446019	1125.86492190185	1974.1234386598	1405.09712982809	1289.04704314559	1213.16916328454	1587.0732699017	1105.38099821766	1729.2910189115	1319.25709231078	1254.92037681419	1098.89558437105	1039.14335988738	1345.3423384604	933.658116861782	1277.59008312644
0.01	0.01	0.01	0.01	0.01	0.01	0.01	0.01	0.01	0.01	0.01	0.01	0.01	0.01	0.01	0.01	0.01	0.01	0.01	0.01	0.01	0.01	0.01	0.01	0.01	0.01	0.01	0.01	0.01	0.01
30
1	2	3	4	5	6	7	8	9	10	11	12	13	14	15	16	17	18	19	20	21	22	23	24	25	26	27	28	29	30
200	200	200	200	200	200	200	200	200	200	200	200	200	200	200	200	200	200	200	200	200	200	200	200	200	200	200	200	200	200
200	200	200	200	200	200	200	200	200	200	200	200	200	200	200	200	200	200	200	200	200	200	200	200	200	200	200	200	200	200
0.1	0.09	0.115	0.095	0.115	0.095	0.065	0.06	0.065	0.04	0.035	0.125
0.04	0.13	0.105	0.125	0.125	0.07	0.06	0.085	0.055	0.03	0.025	0.15
0.06	0.085	0.15	0.095	0.085	0.11	0.055	0.055	0.065	0.03	0.035	0.175
0.085	0.12	0.115	0.14	0.105	0.06	0.07	0.065	0.025	0.05	0.025	0.14
0.07	0.14	0.105	0.125	0.125	0.075	0.07	0.065	0.04	0.04	0.025	0.12
0.12	0.115	0.13	0.12	0.09	0.07	0.07	0.05	0.045	0.03	0.045	0.115
0.09	0.135	0.165	0.145	0.07	0.075	0.075	0.04	0.025	0.025	0.025	0.13
0.06	0.105	0.2	0.17	0.14	0.07	0.025	0.065	0.05	0.015	0.02	0.08
0.085	0.14	0.13	0.16	0.13	0.135	0.035	0.025	0.04	0.015	0.02	0.085
0.065	0.14	0.14	0.1	0.13	0.11	0.1	0.04	0.03	0.02	0.005	0.12
0.15	0.105	0.135	0.105	0.12	0.085	0.07	0.08	0.04	0.025	0.03	0.055
0.105	0.17	0.09	0.155	0.135	0.055	0.095	0.06	0.025	0.025	0.015	0.07
0.06	0.16	0.2	0.12	0.155	0.07	0.065	0.05	0.01	0.03	0.02	0.06
0.08	0.09	0.13	0.18	0.085	0.08	0.085	0.06	0.05	0.04	0.02	0.1
0.09	0.13	0.095	0.195	0.13	0.07	0.06	0.045	0.02	0.055	0.01	0.1
0.08	0.145	0.2	0.09	0.16	0.085	0.04	0.065	0.02	0.04	0.03	0.045
0.075	0.145	0.215	0.15	0.095	0.08	0.07	0.015	0.05	0.015	0.015	0.075
0.115	0.18	0.18	0.16	0.1	0.055	0.075	0.035	0.015	0.015	0.015	0.055
0.115	0.2	0.185	0.155	0.07	0.085	0.04	0.06	0.045	0.01	0.01	0.025
0.225	0.16	0.15	0.15	0.1	0.06	0.045	0.035	0.02	0.025	0.005	0.025
0.115	0.28	0.115	0.17	0.09	0.07	0.06	0.03	0	0.035	0.01	0.025
0.14	0.15	0.3	0.135	0.075	0.075	0.04	0.045	0.01	0.005	0.005	0.02
0.115	0.23	0.185	0.2	0.095	0.075	0.03	0.025	0.01	0	0.01	0.025
0.06	0.17	0.295	0.12	0.185	0.06	0.04	0.025	0.015	0	0.005	0.025
0.145	0.24	0.185	0.16	0.08	0.125	0.04	0.02	0	0.005	0	0
0.125	0.225	0.21	0.13	0.125	0.07	0.045	0.02	0.01	0.015	0.005	0.02
0.095	0.14	0.29	0.165	0.11	0.075	0.045	0.03	0.005	0.015	0.01	0.02
0.17	0.24	0.14	0.19	0.15	0.035	0.03	0.01	0.02	0.005	0	0.01
0.085	0.225	0.25	0.09	0.135	0.085	0.035	0.045	0.005	0.015	0.015	0.015
0.115	0.165	0.235	0.165	0.08	0.095	0.065	0.025	0.015	0.02	0.02	0
#######PARAMETER SECTION#######
800	400	1200	-4	800	-0.25	1
0.18	0.01	1	-4	0.18	-0.25	1
-1.36	-5	-0.001	-4	-1.36	-0.25	1
0.1	0.05	0.3	-4	0.1	-0.25	1
0.2	0.01	0.5	-4	0.2	-0.25	1
0.75	0.20001	1	-3	0.75	-0.25	1
13.815511	-1	200	1	13.815511	-0.25	1
0	-1	1	-4	0	-0.25	1
0.2	1e-04	1.2	-3	0.2	-0.25	1
0	-10	10	-6	0	-1	1
0	-10	10	-6	0	-1	1
2	0	12	2	2	-0.5	1
1	0	12	2	1	-0.5	1
2	0	12	-2	2	-0.5	1
1	0	12	-2	1	-0.5	1
1.5	0	12	2	1.5	-0.5	1
2	0	12	2	2	-0.5	1
-14.8400548707015	-30	5	1	-14.8400548707015	-1	1
1	0.1	2	-1	1	-1	1
-1.54399197800355	-10	1.39	1	-1.54399197800355	-1	1
#######DEV CONSTRAINTS and DEVS#######
-15	15	2
-15	15	2
-15	15	2
0	0	0	0	0	0	0	0	0	0	0	0	0	0	0	0	0	0	0	0	0	0	0	0	0	0	0	0	0	0
0	0	0	0	0	0	0	0	0	0	0	0	0	0	0	0	0	0	0	0	0	0	0	0	0	0	0	0	0	0
0	0	0	0	0	0	0	0	0	0	0
#######LIKELIHOOD WEIGHTS#######
1
1
1
1
0
1
0
0
0
#######MISCELLANEOUS STUFF SECTION#######
2.5e-08
3
0.5	0.5	0.5	0.5	0.5	0.5	0.5	0.5	0.5	0.5	0.5	0.5
0.0229773699100256	0.320821300824607	0.904650535100891	0.994779874306442	0.999738809680904	0.999986992871533	0.999999352405202	0.999999967758134	0.999999998394772	0.99999999992008	0.999999999996021	0.999999999999802
0.2	0.2	0.2	0.2	0.2	0.2	0.2	0.2	0.2	0.2	0.2	0.2
0
1
10
0.2
1
1	0	0	0	0	0	0	0	0	0	0	0
0	1	0	0	0	0	0	0	0	0	0	0
0	0	1	0	0	0	0	0	0	0	0	0
0	0	0	1	0	0	0	0	0	0	0	0
0	0	0	0	1	0	0	0	0	0	0	0
0	0	0	0	0	1	0	0	0	0	0	0
0	0	0	0	0	0	1	0	0	0	0	0
0	0	0	0	0	0	0	1	0	0	0	0
0	0	0	0	0	0	0	0	1	0	0	0
0	0	0	0	0	0	0	0	0	1	0	0
0	0	0	0	0	0	0	0	0	0	1	0
0	0	0	0	0	0	0	0	0	0	0	1
40
31
2
1
#######END OF DATA FILE#######
999
