# Number of parameters = 77  Objective function value = 26034.1  Maximum gradient component = 0.000835025
# sel_params[1]:
2.04039394345
# sel_params[2]:
1.01347396084
# log_Fmult_year1:
 -4.64474243816
# log_Fmult_devs:
 1.06006670519 0.513434512314 0.300423471192 -0.232818025641 0.588034044909 0.0195315899954 0.735589429916 -0.536394932652 0.198430669751 0.110116745128 0.0776610540560 -0.323352169094 0.372805367881 0.0637438880677 -0.0948162231410 0.674668088524 -0.197544580381 -0.0104083567911 -0.0174367813143 0.323912324524 -0.321195075244 0.498668572948 -0.182138144936 0.00374264370194 -0.0776814849089 0.00733462107449 0.375369383156 -0.239564909913 0.477702498312
# log_recruit_devs:
 -0.0446373494148 0.134239573133 -0.187261118892 -0.241939787318 -0.0680021498354 -0.0204000633874 -0.0176899036510 -0.179079102019 -0.157080610880 -0.0254399506686 0.322509930453 -0.396201647213 -0.472453859153 0.105413487724 0.370594718238 0.0549759843997 -0.316974171982 0.127499638569 0.0237208651986 0.0300606621329 0.536427665687 0.199032233565 -0.139398761372 -0.236494322102 0.146723221025 0.364831063092 0.155070165424 -0.0525706546371 0.0782635945148 -0.0937393506284
# log_N_year1_devs:
 -0.000672637903197 0.0858200980730 -0.0828712265294 -0.0487457776739 -0.0485365312904 -0.148136600818 -0.00302921556607 -0.104935791088 -0.230580923296 -0.199008394465 -0.114126669962
# log_q_year1:
 -7.97468202812
# log_q_devs:
 0.00000000000 0.00000000000 0.00000000000 0.00000000000 0.00000000000 0.00000000000 0.00000000000 0.00000000000 0.00000000000 0.00000000000 0.00000000000 0.00000000000 0.00000000000 0.00000000000 0.00000000000 0.00000000000 0.00000000000 0.00000000000 0.00000000000 0.00000000000 0.00000000000 0.00000000000 0.00000000000 0.00000000000 0.00000000000 0.00000000000 0.00000000000 0.00000000000 0.00000000000
# index_sel_params[1]:
1.49612906343
# index_sel_params[2]:
0.519492667298
# log_SR_scaler:
6.96515018863
# SR_steepness:
0.750000000000
