#styr												
1
#endyr												
30
#rec_age										
1															
#n_ages										
12
# numbers of length intervals
81
#Length	bin
10	11	12	13	14	15	16	17	18	19	20	21	22	23	24	25	26	27	28	29	30	31	32	33	34	35	36	37	38	39	40	41	42	43	44	45	46	47	48	49	50	51	52	53	54	55	56	57	58	59	60	61	62	63	64	65	66	67	68	69	70	71	72	73	74	75	76	77	78	79	80	81	82	83	84	85	86	87	88	89	90
#nfsh
1
#names_fsh
FLEET1												
#catch												
161.934223542119	464.29453515514	749.56966596496	976.183731896428	764.459025890234	1338.47698147273	1327.84965977772	2567.56446768951	1377.95147247648	1557.14205509305	1641.94200361191	1632.52107231302	1135.19121814833	1619.2906580055	1640.41444079171	1388.02413225875	2432.00634997343	1689.47339167103	1471.39471307306	1314.65630171307	1647.53587022919	1119.25216983338	1734.25869989299	1271.16699898003	1161.83262483519	1031.68221144285	1012.34069244453	1354.63289103874	962.691825493283	1362.38486780241
#catch_cv											
0.01	0.01	0.01	0.01	0.01	0.01	0.01	0.01	0.01	0.01	0.01	0.01	0.01	0.01	0.01	0.01	0.01	0.01	0.01	0.01	0.01	0.01	0.01	0.01	0.01	0.01	0.01	0.01	0.01	0.01
#n_ages_fsh								
30		
#n_lengths_fsh								
0															
#yrs_ages_fsh								
1	2	3	4	5	6	7	8	9	10	11	12	13	14	15	16	17	18	19	20	21	22	23	24	25	26	27	28	29	30	
#sample_ages_fsh							
200	200	200	200	200	200	200	200	200	200	200	200	200	200	200	200	200	200	200	200	200	200	200	200	200	200	200	200	200	200
#page_fsh	2	3	4	5	6	7	8	9	10	11						
0.04	0.1	0.16	0.16	0.105	0.085	0.07	0.06	0.035	0.045	0.05	0.09
0.07	0.1	0.135	0.165	0.085	0.09	0.065	0.06	0.015	0.04	0.045	0.13
0.045	0.135	0.12	0.095	0.075	0.085	0.09	0.055	0.07	0.07	0.015	0.145
0.105	0.075	0.145	0.12	0.095	0.095	0.08	0.03	0.04	0.055	0.05	0.11
0.095	0.11	0.15	0.15	0.075	0.065	0.05	0.07	0.05	0.03	0.02	0.135
0.07	0.13	0.135	0.14	0.135	0.07	0.035	0.03	0.05	0.03	0.005	0.17
0.06	0.165	0.175	0.135	0.13	0.065	0.07	0.03	0.035	0.025	0.01	0.1
0.075	0.07	0.185	0.16	0.095	0.1	0.07	0.07	0.045	0.02	0.005	0.105
0.08	0.095	0.115	0.175	0.115	0.095	0.08	0.055	0.045	0.035	0.03	0.08
0.075	0.15	0.1	0.11	0.08	0.13	0.055	0.09	0.035	0.04	0.015	0.12
0.09	0.125	0.17	0.07	0.06	0.09	0.125	0.055	0.055	0.025	0.02	0.115
0.13	0.12	0.15	0.16	0.11	0.045	0.09	0.06	0.045	0.01	0.03	0.05
0.145	0.155	0.145	0.155	0.105	0.045	0.05	0.05	0.025	0.03	0.03	0.065
0.06	0.125	0.225	0.125	0.19	0.095	0.03	0.01	0.045	0.025	0.01	0.06
0.135	0.095	0.18	0.175	0.115	0.075	0.04	0.045	0.035	0.03	0.02	0.055
0.045	0.23	0.13	0.135	0.15	0.045	0.095	0.05	0.035	0.015	0.015	0.055
0.075	0.11	0.33	0.065	0.125	0.105	0.05	0.025	0.01	0.03	0.005	0.07
0.09	0.105	0.17	0.24	0.105	0.065	0.08	0.01	0.025	0.045	0.01	0.055
0.125	0.18	0.12	0.105	0.195	0.09	0.045	0.04	0.005	0.015	0.03	0.05
0.11	0.165	0.125	0.145	0.085	0.16	0.025	0.04	0.035	0.035	0.025	0.05
0.185	0.16	0.155	0.12	0.085	0.045	0.105	0.025	0.03	0.035	0.015	0.04
0.105	0.27	0.145	0.175	0.11	0.06	0.02	0.04	0.01	0.015	0.02	0.03
0.105	0.145	0.27	0.13	0.115	0.09	0.035	0.01	0.055	0.02	0.01	0.015
0.11	0.12	0.18	0.27	0.12	0.03	0.06	0.03	0.005	0.04	0	0.035
0.14	0.185	0.17	0.125	0.225	0.05	0.025	0.03	0.01	0.005	0.015	0.02
0.135	0.25	0.185	0.16	0.055	0.105	0.04	0.01	0.02	0	0.015	0.025
0.135	0.27	0.23	0.12	0.055	0.055	0.06	0.02	0.02	0	0.005	0.03
0.065	0.195	0.245	0.19	0.115	0.055	0.015	0.07	0.035	0.005	0	0.01
0.22	0.17	0.21	0.155	0.1	0.05	0.035	0.03	0.01	0.015	0	0.005
0.16	0.25	0.135	0.205	0.07	0.075	0.05	0.025	0.005	0.015	0.005	0.005
#wt_age_fsh	1 2	3	4	5	6	7	8	9	10	11						
0.000530656	0.001196328	0.002058265	0.003034987	0.004055212	0.005064698	0.006026226	0.006916921	0.007724891	0.008446113	0.009081853	0.009636695
0.000530656	0.001196328	0.002058265	0.003034987	0.004055212	0.005064698	0.006026226	0.006916921	0.007724891	0.008446113	0.009081853	0.009636695
0.000530656	0.001196328	0.002058265	0.003034987	0.004055212	0.005064698	0.006026226	0.006916921	0.007724891	0.008446113	0.009081853	0.009636695
0.000530656	0.001196328	0.002058265	0.003034987	0.004055212	0.005064698	0.006026226	0.006916921	0.007724891	0.008446113	0.009081853	0.009636695
0.000530656	0.001196328	0.002058265	0.003034987	0.004055212	0.005064698	0.006026226	0.006916921	0.007724891	0.008446113	0.009081853	0.009636695
0.000530656	0.001196328	0.002058265	0.003034987	0.004055212	0.005064698	0.006026226	0.006916921	0.007724891	0.008446113	0.009081853	0.009636695
0.000530656	0.001196328	0.002058265	0.003034987	0.004055212	0.005064698	0.006026226	0.006916921	0.007724891	0.008446113	0.009081853	0.009636695
0.000530656	0.001196328	0.002058265	0.003034987	0.004055212	0.005064698	0.006026226	0.006916921	0.007724891	0.008446113	0.009081853	0.009636695
0.000530656	0.001196328	0.002058265	0.003034987	0.004055212	0.005064698	0.006026226	0.006916921	0.007724891	0.008446113	0.009081853	0.009636695
0.000530656	0.001196328	0.002058265	0.003034987	0.004055212	0.005064698	0.006026226	0.006916921	0.007724891	0.008446113	0.009081853	0.009636695
0.000530656	0.001196328	0.002058265	0.003034987	0.004055212	0.005064698	0.006026226	0.006916921	0.007724891	0.008446113	0.009081853	0.009636695
0.000530656	0.001196328	0.002058265	0.003034987	0.004055212	0.005064698	0.006026226	0.006916921	0.007724891	0.008446113	0.009081853	0.009636695
0.000530656	0.001196328	0.002058265	0.003034987	0.004055212	0.005064698	0.006026226	0.006916921	0.007724891	0.008446113	0.009081853	0.009636695
0.000530656	0.001196328	0.002058265	0.003034987	0.004055212	0.005064698	0.006026226	0.006916921	0.007724891	0.008446113	0.009081853	0.009636695
0.000530656	0.001196328	0.002058265	0.003034987	0.004055212	0.005064698	0.006026226	0.006916921	0.007724891	0.008446113	0.009081853	0.009636695
0.000530656	0.001196328	0.002058265	0.003034987	0.004055212	0.005064698	0.006026226	0.006916921	0.007724891	0.008446113	0.009081853	0.009636695
0.000530656	0.001196328	0.002058265	0.003034987	0.004055212	0.005064698	0.006026226	0.006916921	0.007724891	0.008446113	0.009081853	0.009636695
0.000530656	0.001196328	0.002058265	0.003034987	0.004055212	0.005064698	0.006026226	0.006916921	0.007724891	0.008446113	0.009081853	0.009636695
0.000530656	0.001196328	0.002058265	0.003034987	0.004055212	0.005064698	0.006026226	0.006916921	0.007724891	0.008446113	0.009081853	0.009636695
0.000530656	0.001196328	0.002058265	0.003034987	0.004055212	0.005064698	0.006026226	0.006916921	0.007724891	0.008446113	0.009081853	0.009636695
0.000530656	0.001196328	0.002058265	0.003034987	0.004055212	0.005064698	0.006026226	0.006916921	0.007724891	0.008446113	0.009081853	0.009636695
0.000530656	0.001196328	0.002058265	0.003034987	0.004055212	0.005064698	0.006026226	0.006916921	0.007724891	0.008446113	0.009081853	0.009636695
0.000530656	0.001196328	0.002058265	0.003034987	0.004055212	0.005064698	0.006026226	0.006916921	0.007724891	0.008446113	0.009081853	0.009636695
0.000530656	0.001196328	0.002058265	0.003034987	0.004055212	0.005064698	0.006026226	0.006916921	0.007724891	0.008446113	0.009081853	0.009636695
0.000530656	0.001196328	0.002058265	0.003034987	0.004055212	0.005064698	0.006026226	0.006916921	0.007724891	0.008446113	0.009081853	0.009636695
0.000530656	0.001196328	0.002058265	0.003034987	0.004055212	0.005064698	0.006026226	0.006916921	0.007724891	0.008446113	0.009081853	0.009636695
0.000530656	0.001196328	0.002058265	0.003034987	0.004055212	0.005064698	0.006026226	0.006916921	0.007724891	0.008446113	0.009081853	0.009636695
0.000530656	0.001196328	0.002058265	0.003034987	0.004055212	0.005064698	0.006026226	0.006916921	0.007724891	0.008446113	0.009081853	0.009636695
0.000530656	0.001196328	0.002058265	0.003034987	0.004055212	0.005064698	0.006026226	0.006916921	0.007724891	0.008446113	0.009081853	0.009636695
0.000530656	0.001196328	0.002058265	0.003034987	0.004055212	0.005064698	0.006026226	0.006916921	0.007724891	0.008446113	0.009081853	0.009636695
#nind
1
#ind_names									
SURVEY1									
#nobs_ind
30
#yrs_ind											
1	2	3	4	5	6	7	8	9	10	11	12	13	14	15	16	17	18	19	20	21	22	23	24	25	26	27	28	29	30	
#month_ind										
1															
#biom_ind											
1.40815496585399	1.46134479816962	1.58009626084116	1.53745937613175	1.50465918581565	1.5528735296808	1.44784859666977	1.51050153007667	1.02743396815163	1.19759414185686	1.20927181040695	1.10274404179472	0.945545513356136	1.15087057132548	0.956537097803814	0.899840267054847	0.982232027255687	0.711465228532071	0.693074132660032	0.721200765264784	0.720839108005082	0.780876002896389	0.764042892698586	0.640361309645263	0.491908647639593	0.523180208837168	0.567944652626426	0.626071198709532	0.543251461162559	0.515650129007614
#biom_cv																
0.281630993170798	0.292268959633925	0.316019252168232	0.307491875226351	0.300931837163129	0.31057470593616	0.289569719333955	0.302100306015333	0.205486793630325	0.239518828371373	0.241854362081391	0.220548808358943	0.189109102671227	0.230174114265096	0.191307419560763	0.179968053410969	0.196446405451138	0.142293045706414	0.138614826532006	0.144240153052957	0.144167821601016	0.156175200579278	0.152808578539717	0.128072261929053	0.0983817295279186	0.104636041767434	0.113588930525285	0.125214239741906	0.108650292232512	0.103130025801523
#n_ages_ind															
30			
#n_lengths_ind															
0															
#yrs_ages_ind															
1	2	3	4	5	6	7	8	9	10	11	12	13	14	15	16	17	18	19	20	21	22	23	24	25	26	27	28	29	30	
#sample_ages_ind					
200	200	200	200	200	200	200	200	200	200	200	200	200	200	200	200	200	200	200	200	200	200	200	200	200	200	200	200	200	200
#page_ind						
0.08	0.095	0.13	0.135	0.125	0.075	0.08	0.035	0.045	0.03	0.045	0.125
0.07	0.12	0.14	0.125	0.13	0.09	0.08	0.06	0.01	0.03	0.03	0.115
0.03	0.135	0.14	0.16	0.12	0.075	0.07	0.035	0.055	0.03	0.025	0.125
0.08	0.145	0.155	0.12	0.13	0.07	0.06	0.07	0.03	0.04	0.005	0.095
0.07	0.165	0.18	0.115	0.07	0.05	0.055	0.04	0.06	0.005	0.045	0.145
0.085	0.19	0.11	0.125	0.135	0.095	0.045	0.025	0.015	0.03	0.015	0.13
0.055	0.175	0.16	0.125	0.13	0.08	0.06	0.075	0.01	0.03	0.02	0.08
0.025	0.145	0.265	0.2	0.075	0.08	0.045	0.02	0.04	0.015	0.02	0.07
0.1	0.1	0.135	0.16	0.15	0.105	0.04	0.05	0.03	0.005	0.015	0.11
0.085	0.175	0.15	0.14	0.11	0.085	0.045	0.055	0.03	0.02	0.015	0.09
0.05	0.19	0.24	0.11	0.055	0.085	0.08	0.055	0.04	0.02	0.02	0.055
0.11	0.185	0.22	0.125	0.075	0.045	0.07	0.045	0.035	0.01	0.02	0.06
0.03	0.185	0.18	0.17	0.105	0.065	0.03	0.045	0.035	0.025	0.025	0.105
0.035	0.18	0.205	0.11	0.1	0.075	0.045	0.03	0.09	0.025	0.015	0.09
0.14	0.15	0.155	0.2	0.12	0.08	0.04	0.025	0.035	0.01	0.015	0.03
0.035	0.29	0.165	0.105	0.165	0.075	0.03	0.025	0.025	0.015	0.025	0.045
0.09	0.125	0.25	0.115	0.09	0.13	0.055	0.025	0.02	0.01	0.02	0.07
0.085	0.12	0.16	0.215	0.095	0.075	0.07	0.065	0.04	0.02	0.01	0.045
0.105	0.205	0.21	0.09	0.135	0.07	0.07	0.055	0.02	0.015	0.005	0.02
0.125	0.19	0.185	0.125	0.055	0.15	0.025	0.03	0.045	0.01	0.015	0.045
0.23	0.18	0.175	0.115	0.07	0.04	0.06	0.02	0.01	0.03	0.02	0.05
0.115	0.325	0.16	0.125	0.065	0.075	0.03	0.035	0.005	0.015	0.015	0.035
0.06	0.17	0.395	0.11	0.125	0.055	0.025	0.03	0.005	0.01	0	0.015
0.11	0.2	0.23	0.3	0.07	0.025	0.015	0	0.02	0.02	0.005	0.005
0.165	0.24	0.145	0.145	0.17	0.055	0.02	0	0.015	0.01	0.01	0.025
0.12	0.335	0.185	0.06	0.115	0.1	0.04	0.01	0	0.005	0.01	0.02
0.12	0.26	0.26	0.13	0.05	0.055	0.06	0.005	0.03	0.015	0	0.015
0.08	0.285	0.185	0.18	0.095	0.07	0.03	0.035	0.025	0	0	0.015
0.175	0.18	0.22	0.17	0.14	0.035	0.02	0.01	0.035	0	0.005	0.01
0.13	0.32	0.125	0.175	0.11	0.08	0.02	0.015	0	0.01	0.005	0.01
#wt_age_ind						
1 1 1 1 1 1 1 1 1 1 1 1 
1 1 1 1 1 1 1 1 1 1 1 1 
1 1 1 1 1 1 1 1 1 1 1 1 
1 1 1 1 1 1 1 1 1 1 1 1 
1 1 1 1 1 1 1 1 1 1 1 1 
1 1 1 1 1 1 1 1 1 1 1 1 
1 1 1 1 1 1 1 1 1 1 1 1 
1 1 1 1 1 1 1 1 1 1 1 1 
1 1 1 1 1 1 1 1 1 1 1 1 
1 1 1 1 1 1 1 1 1 1 1 1 
1 1 1 1 1 1 1 1 1 1 1 1 
1 1 1 1 1 1 1 1 1 1 1 1 
1 1 1 1 1 1 1 1 1 1 1 1 
1 1 1 1 1 1 1 1 1 1 1 1 
1 1 1 1 1 1 1 1 1 1 1 1 
1 1 1 1 1 1 1 1 1 1 1 1 
1 1 1 1 1 1 1 1 1 1 1 1 
1 1 1 1 1 1 1 1 1 1 1 1 
1 1 1 1 1 1 1 1 1 1 1 1 
1 1 1 1 1 1 1 1 1 1 1 1 
1 1 1 1 1 1 1 1 1 1 1 1 
1 1 1 1 1 1 1 1 1 1 1 1 
1 1 1 1 1 1 1 1 1 1 1 1 
1 1 1 1 1 1 1 1 1 1 1 1 
1 1 1 1 1 1 1 1 1 1 1 1 
1 1 1 1 1 1 1 1 1 1 1 1 
1 1 1 1 1 1 1 1 1 1 1 1 
1 1 1 1 1 1 1 1 1 1 1 1 
1 1 1 1 1 1 1 1 1 1 1 1 
1 1 1 1 1 1 1 1 1 1 1 1 
# wt_pop
0.000530656	0.001196328	0.002058265	0.003034987	0.004055212	0.005064698	0.006026226	0.006916921	0.007724891	0.008446113	0.009081853	0.009636695
#maturity
0.02297737 0.32082130 0.90465054 0.99477987 0.99973881 0.99998699 0.99999935 0.99999997 1 1 1 1
#spmonth						
1		
#age_err						
1	0	0	0	0	0	0	0	0	0	0	0
0	1	0	0	0	0	0	0	0	0	0	0
0	0	1	0	0	0	0	0	0	0	0	0
0	0	0	1	0	0	0	0	0	0	0	0
0	0	0	0	1	0	0	0	0	0	0	0
0	0	0	0	0	1	0	0	0	0	0	0
0	0	0	0	0	0	1	0	0	0	0	0
0	0	0	0	0	0	0	1	0	0	0	0
0	0	0	0	0	0	0	0	1	0	0	0
0	0	0	0	0	0	0	0	0	1	0	0
0	0	0	0	0	0	0	0	0	0	1	0
0	0	0	0	0	0	0	0	0	0	0	1																														
