#######GENERAL HEADER INPUT#######
1
30
1
30
1
30
30
12
1	2	3	4	5	6	7	8	9	10	11	12
12
1	2	3	4	5	6	7	8	9	10	11	12
1
1001
1
1
#######SURVEY DATA#######
30
1	2	3	4	5	6	7	8	9	10	11	12	13	14	15	16	17	18	19	20	21	22	23	24	25	26	27	28	29	30
1.3893664336262	1.74580522241693	1.52860423170488	1.54252838349627	1.62416362519797	1.46767961949966	1.433950830698	1.28991127393909	1.09633022230404	1.20659565972251	0.957094786931164	1.36679246598253	0.895071598487017	1.06268515836554	1.05493968738644	1.02771589534104	1.03058371584344	0.698319272776977	0.841447671599385	0.693962623044573	0.807144335500008	0.521649671156394	0.588112806102027	0.579676049905359	0.620688815776666	0.584899181569044	0.728847376691835	0.74386289118807	0.689742981364145	0.454838553385802
0.2	0.2	0.2	0.2	0.2	0.2	0.2	0.2	0.2	0.2	0.2	0.2	0.2	0.2	0.2	0.2	0.2	0.2	0.2	0.2	0.2	0.2	0.2	0.2	0.2	0.2	0.2	0.2	0.2	0.2
30
1	2	3	4	5	6	7	8	9	10	11	12	13	14	15	16	17	18	19	20	21	22	23	24	25	26	27	28	29	30
200	200	200	200	200	200	200	200	200	200	200	200	200	200	200	200	200	200	200	200	200	200	200	200	200	200	200	200	200	200
200	200	200	200	200	200	200	200	200	200	200	200	200	200	200	200	200	200	200	200	200	200	200	200	200	200	200	200	200	200
0.035	0.14	0.18	0.105	0.11	0.04	0.05	0.055	0.045	0.04	0.02	0.18
0.06	0.135	0.135	0.115	0.11	0.085	0.045	0.04	0.065	0.06	0.02	0.13
0.045	0.14	0.165	0.09	0.13	0.105	0.035	0.065	0.035	0.065	0.02	0.105
0.085	0.095	0.13	0.15	0.045	0.135	0.1	0.07	0.025	0.035	0.025	0.105
0.07	0.11	0.155	0.095	0.11	0.07	0.065	0.055	0.06	0.045	0.025	0.14
0.02	0.115	0.235	0.135	0.08	0.065	0.04	0.075	0.055	0.055	0.02	0.105
0.1	0.18	0.135	0.12	0.1	0.04	0.075	0.035	0.025	0.015	0.025	0.15
0.09	0.15	0.165	0.125	0.16	0.07	0.055	0.025	0.015	0.025	0.025	0.095
0.07	0.195	0.135	0.135	0.08	0.13	0.05	0.035	0.04	0.01	0.015	0.105
0.075	0.175	0.18	0.11	0.09	0.095	0.07	0.03	0.05	0.025	0.03	0.07
0.075	0.145	0.18	0.175	0.085	0.075	0.04	0.065	0.03	0.03	0.03	0.07
0.03	0.2	0.17	0.12	0.13	0.075	0.055	0.04	0.05	0.02	0.01	0.1
0.085	0.195	0.235	0.12	0.11	0.045	0.07	0.02	0.02	0.025	0.02	0.055
0.075	0.195	0.205	0.13	0.07	0.09	0.055	0.03	0.01	0.035	0.025	0.08
0.055	0.22	0.195	0.135	0.09	0.06	0.08	0.025	0.03	0.025	0.01	0.075
0.065	0.235	0.165	0.185	0.085	0.055	0.04	0.05	0.025	0.02	0.01	0.065
0.09	0.155	0.185	0.175	0.115	0.075	0.04	0.03	0.015	0.03	0.015	0.075
0.085	0.21	0.205	0.16	0.065	0.085	0.05	0.06	0.025	0.005	0.01	0.04
0.12	0.21	0.18	0.105	0.11	0.065	0.085	0.045	0.02	0.005	0.015	0.04
0.14	0.155	0.21	0.1	0.11	0.1	0.04	0.04	0.03	0.02	0.015	0.04
0.11	0.24	0.18	0.13	0.075	0.08	0.055	0.02	0.04	0.005	0.02	0.045
0.07	0.22	0.27	0.15	0.12	0.04	0.02	0.03	0.03	0	0.005	0.045
0.1	0.23	0.205	0.205	0.085	0.03	0.05	0.02	0.02	0.02	0	0.035
0.17	0.245	0.175	0.21	0.085	0.03	0.035	0.01	0.005	0	0.01	0.025
0.13	0.315	0.18	0.105	0.09	0.075	0.04	0.035	0.005	0.005	0.005	0.015
0.115	0.26	0.235	0.125	0.08	0.06	0.045	0.03	0.015	0.015	0	0.02
0.115	0.245	0.175	0.15	0.105	0.1	0.02	0.04	0.015	0.01	0.005	0.02
0.105	0.285	0.2	0.15	0.125	0.065	0.03	0.025	0.005	0	0.005	0.005
0.13	0.195	0.245	0.155	0.12	0.09	0.03	0.01	0.005	0.01	0.01	0
0.115	0.185	0.23	0.21	0.105	0.045	0.07	0.015	0.015	0	0	0.01
#######LANDINGS DATA#######
1
30
160.842634953163	463.39097426605	749.581533467352	964.12144368861	742.332680625395	1282.10663349061	1217.03523665502	2308.50594620404	1222.16590271387	1391.80458555924	1462.33156344838	1447.18756661331	997.508508910859	1385.49746292883	1389.20494677312	1179.61172647971	2095.16600006308	1489.32325851331	1339.86539822407	1220.19975585788	1542.96039813609	1024.93134825442	1557.64750008488	1125.35549108567	1051.57546168436	948.52904278133	938.318966082899	1275.54932480213	956.61869983528	1336.41497601514
0.01	0.01	0.01	0.01	0.01	0.01	0.01	0.01	0.01	0.01	0.01	0.01	0.01	0.01	0.01	0.01	0.01	0.01	0.01	0.01	0.01	0.01	0.01	0.01	0.01	0.01	0.01	0.01	0.01	0.01
30
1	2	3	4	5	6	7	8	9	10	11	12	13	14	15	16	17	18	19	20	21	22	23	24	25	26	27	28	29	30
200	200	200	200	200	200	200	200	200	200	200	200	200	200	200	200	200	200	200	200	200	200	200	200	200	200	200	200	200	200
200	200	200	200	200	200	200	200	200	200	200	200	200	200	200	200	200	200	200	200	200	200	200	200	200	200	200	200	200	200
0.06	0.1	0.105	0.12	0.105	0.11	0.095	0.06	0.045	0.035	0.06	0.105
0.075	0.1	0.16	0.125	0.095	0.11	0.035	0.075	0.03	0.035	0.015	0.145
0.055	0.135	0.125	0.105	0.1	0.08	0.095	0.05	0.05	0.055	0.025	0.125
0.045	0.105	0.18	0.13	0.075	0.075	0.065	0.05	0.03	0.03	0.04	0.175
0.06	0.165	0.11	0.12	0.075	0.07	0.06	0.065	0.055	0.05	0.005	0.165
0.04	0.075	0.2	0.095	0.1	0.13	0.085	0.075	0.04	0.045	0.025	0.09
0.105	0.12	0.1	0.14	0.095	0.105	0.03	0.06	0.025	0.035	0.045	0.14
0.095	0.11	0.125	0.105	0.115	0.1	0.05	0.075	0.05	0.04	0.03	0.105
0.09	0.145	0.135	0.12	0.095	0.09	0.1	0.04	0.035	0.03	0.02	0.1
0.065	0.1	0.115	0.13	0.08	0.095	0.1	0.05	0.04	0.045	0.045	0.135
0.105	0.105	0.17	0.185	0.115	0.035	0.05	0.055	0.035	0.03	0.035	0.08
0.065	0.145	0.125	0.185	0.15	0.045	0.06	0.035	0.04	0.025	0.03	0.095
0.18	0.14	0.13	0.08	0.115	0.105	0.05	0.045	0.02	0.05	0.015	0.07
0.1	0.17	0.13	0.195	0.1	0.065	0.11	0.05	0.015	0.01	0.02	0.035
0.125	0.165	0.15	0.14	0.095	0.07	0.055	0.045	0.035	0.02	0.01	0.09
0.12	0.135	0.135	0.19	0.11	0.07	0.055	0.035	0.045	0.015	0.015	0.075
0.11	0.125	0.17	0.13	0.155	0.075	0.07	0.045	0.035	0.02	0.01	0.055
0.11	0.155	0.16	0.145	0.105	0.1	0.055	0.04	0.02	0.01	0.02	0.08
0.145	0.115	0.145	0.165	0.09	0.1	0.075	0.05	0.015	0.03	0.005	0.065
0.145	0.185	0.215	0.12	0.085	0.065	0.07	0.03	0.03	0.02	0	0.035
0.135	0.2	0.165	0.11	0.14	0.05	0.09	0.02	0.03	0.01	0.005	0.045
0.105	0.22	0.21	0.145	0.07	0.055	0.065	0.035	0.03	0.02	0.015	0.03
0.15	0.165	0.165	0.165	0.1	0.065	0.08	0.02	0.02	0.015	0.01	0.045
0.185	0.185	0.205	0.12	0.115	0.04	0.065	0.025	0	0.01	0.015	0.035
0.21	0.21	0.175	0.115	0.12	0.04	0.055	0.025	0.025	0.01	0.005	0.01
0.2	0.125	0.235	0.135	0.13	0.08	0.04	0.035	0.005	0	0	0.015
0.175	0.2	0.225	0.215	0.065	0.035	0.045	0.025	0	0	0.005	0.01
0.16	0.245	0.205	0.105	0.125	0.055	0.04	0.015	0.035	0	0.015	0
0.055	0.21	0.29	0.12	0.15	0.075	0.05	0.02	0.005	0.01	0	0.015
0.135	0.205	0.235	0.135	0.115	0.09	0.05	0.015	0.005	0	0.015	0
#######PARAMETER SECTION#######
800	400	1200	-4	800	-0.25	1
0.18	0.01	1	-4	0.18	-0.25	1
-1.36	-5	-0.001	-4	-1.36	-0.25	1
0.1	0.05	0.3	-4	0.1	-0.25	1
0.2	0.01	0.5	-4	0.2	-0.25	1
0.75	0.20001	1	-3	0.75	-0.25	1
13.815511	-1	200	1	13.815511	-0.25	1
0	-1	1	-4	0	-0.25	1
0.2	1e-04	1.2	-3	0.2	-0.25	1
0	-10	10	-6	0	-1	1
0	-10	10	-6	0	-1	1
2	0	12	2	2	-0.5	1
1	0	12	2	1	-0.5	1
2	0	12	-2	2	-0.5	1
1	0	12	-2	1	-0.5	1
1.5	0	12	2	1.5	-0.5	1
2	0	12	2	2	-0.5	1
-14.8255449191903	-30	5	1	-14.8255449191903	-1	1
1	0.1	2	-1	1	-1	1
-1.54399197800355	-10	1.39	1	-1.54399197800355	-1	1
#######DEV CONSTRAINTS and DEVS#######
-15	15	2
-15	15	2
-15	15	2
0	0	0	0	0	0	0	0	0	0	0	0	0	0	0	0	0	0	0	0	0	0	0	0	0	0	0	0	0	0
0	0	0	0	0	0	0	0	0	0	0	0	0	0	0	0	0	0	0	0	0	0	0	0	0	0	0	0	0	0
0	0	0	0	0	0	0	0	0	0	0
#######LIKELIHOOD WEIGHTS#######
1
1
1
1
0
1
0
0
0
#######MISCELLANEOUS STUFF SECTION#######
2.5e-08
3
0.5	0.5	0.5	0.5	0.5	0.5	0.5	0.5	0.5	0.5	0.5	0.5
0.0229773699100256	0.320821300824607	0.904650535100891	0.994779874306442	0.999738809680904	0.999986992871533	0.999999352405202	0.999999967758134	0.999999998394772	0.99999999992008	0.999999999996021	0.999999999999802
0.2	0.2	0.2	0.2	0.2	0.2	0.2	0.2	0.2	0.2	0.2	0.2
0
1
10
0.2
1
1	0	0	0	0	0	0	0	0	0	0	0
0	1	0	0	0	0	0	0	0	0	0	0
0	0	1	0	0	0	0	0	0	0	0	0
0	0	0	1	0	0	0	0	0	0	0	0
0	0	0	0	1	0	0	0	0	0	0	0
0	0	0	0	0	1	0	0	0	0	0	0
0	0	0	0	0	0	1	0	0	0	0	0
0	0	0	0	0	0	0	1	0	0	0	0
0	0	0	0	0	0	0	0	1	0	0	0
0	0	0	0	0	0	0	0	0	1	0	0
0	0	0	0	0	0	0	0	0	0	1	0
0	0	0	0	0	0	0	0	0	0	0	1
40
31
2
1
#######END OF DATA FILE#######
999
