#styr												
1
#endyr												
30
#rec_age										
1															
#n_ages										
12
# numbers of length intervals
81
#Length	bin
10	11	12	13	14	15	16	17	18	19	20	21	22	23	24	25	26	27	28	29	30	31	32	33	34	35	36	37	38	39	40	41	42	43	44	45	46	47	48	49	50	51	52	53	54	55	56	57	58	59	60	61	62	63	64	65	66	67	68	69	70	71	72	73	74	75	76	77	78	79	80	81	82	83	84	85	86	87	88	89	90
#nfsh
1
#names_fsh
FLEET1												
#catch												
160.897100590301	458.194497851263	743.208235893156	958.520323951056	724.47105572366	1246.13549757895	1178.88627291832	2253.79151231239	1184.33076434635	1347.8481513698	1427.82955052885	1430.53014994572	973.994926737439	1359.0481539124	1345.76348518628	1149.44028675073	2057.15454781005	1480.02121696243	1377.18189173781	1238.84661233142	1535.38627627131	1013.46813326035	1513.95141532279	1129.97536675032	1091.00353027572	1000.67028696869	983.675872746075	1270.4271441817	872.266579176462	1223.67717495209
#catch_cv											
0.01	0.01	0.01	0.01	0.01	0.01	0.01	0.01	0.01	0.01	0.01	0.01	0.01	0.01	0.01	0.01	0.01	0.01	0.01	0.01	0.01	0.01	0.01	0.01	0.01	0.01	0.01	0.01	0.01	0.01
#n_ages_fsh								
30		
#n_lengths_fsh								
0															
#yrs_ages_fsh								
1	2	3	4	5	6	7	8	9	10	11	12	13	14	15	16	17	18	19	20	21	22	23	24	25	26	27	28	29	30	
#sample_ages_fsh							
200	200	200	200	200	200	200	200	200	200	200	200	200	200	200	200	200	200	200	200	200	200	200	200	200	200	200	200	200	200
#page_fsh	2	3	4	5	6	7	8	9	10	11						
0.05	0.135	0.13	0.08	0.085	0.1	0.09	0.07	0.05	0.045	0.015	0.15
0.05	0.1	0.155	0.12	0.13	0.095	0.055	0.06	0.065	0.025	0.02	0.125
0.095	0.07	0.09	0.125	0.13	0.05	0.08	0.035	0.05	0.09	0.04	0.145
0.055	0.115	0.075	0.14	0.12	0.06	0.09	0.07	0.04	0.05	0.025	0.16
0.045	0.095	0.165	0.085	0.08	0.125	0.075	0.06	0.045	0.055	0.04	0.13
0.105	0.07	0.125	0.15	0.105	0.065	0.08	0.07	0.05	0.02	0.035	0.125
0.1	0.135	0.105	0.12	0.11	0.075	0.09	0.055	0.03	0.02	0.035	0.125
0.06	0.14	0.155	0.125	0.12	0.095	0.03	0.045	0.045	0.04	0.025	0.12
0.115	0.1	0.16	0.145	0.11	0.05	0.065	0.05	0.025	0.045	0.04	0.095
0.1	0.1	0.1	0.165	0.105	0.1	0.065	0.06	0.03	0.03	0.02	0.125
0.09	0.185	0.165	0.14	0.1	0.075	0.045	0.035	0.05	0.015	0.025	0.075
0.07	0.135	0.225	0.11	0.105	0.08	0.075	0.03	0.015	0.055	0.015	0.085
0.085	0.105	0.2	0.14	0.145	0.08	0.045	0.03	0.035	0.015	0.03	0.09
0.1	0.135	0.14	0.15	0.15	0.075	0.07	0.03	0.02	0.015	0.025	0.09
0.13	0.15	0.125	0.085	0.12	0.145	0.07	0.04	0.04	0.01	0.025	0.06
0.155	0.1	0.22	0.165	0.1	0.085	0.045	0.035	0.025	0.02	0.015	0.035
0.125	0.17	0.19	0.155	0.125	0.035	0.06	0.035	0.035	0.015	0.02	0.035
0.1	0.175	0.215	0.155	0.11	0.05	0.065	0.035	0.015	0.005	0.015	0.06
0.13	0.12	0.15	0.215	0.145	0.08	0.06	0.03	0.015	0.01	0.01	0.035
0.085	0.17	0.165	0.18	0.11	0.075	0.08	0.055	0.02	0.02	0.01	0.03
0.165	0.175	0.17	0.115	0.12	0.09	0.08	0.03	0.02	0	0	0.035
0.15	0.165	0.185	0.13	0.105	0.055	0.085	0.04	0.025	0.02	0.005	0.035
0.16	0.17	0.22	0.115	0.095	0.07	0.07	0.035	0.02	0.02	0	0.025
0.275	0.195	0.18	0.1	0.045	0.065	0.04	0.03	0.02	0.03	0.01	0.01
0.125	0.275	0.22	0.16	0.1	0.04	0.025	0.03	0.005	0	0.01	0.01
0.125	0.195	0.3	0.145	0.085	0.06	0.03	0.005	0.03	0.01	0	0.015
0.115	0.215	0.18	0.26	0.075	0.055	0.06	0.01	0.005	0.015	0.005	0.005
0.065	0.165	0.245	0.11	0.21	0.06	0.06	0.03	0.005	0.02	0.015	0.015
0.17	0.17	0.235	0.135	0.08	0.085	0.065	0.03	0.01	0.005	0.005	0.01
0.17	0.24	0.185	0.125	0.125	0.05	0.065	0.01	0.01	0.02	0	0
#wt_age_fsh	1 2	3	4	5	6	7	8	9	10	11						
0.000530656	0.001196328	0.002058265	0.003034987	0.004055212	0.005064698	0.006026226	0.006916921	0.007724891	0.008446113	0.009081853	0.009636695
0.000530656	0.001196328	0.002058265	0.003034987	0.004055212	0.005064698	0.006026226	0.006916921	0.007724891	0.008446113	0.009081853	0.009636695
0.000530656	0.001196328	0.002058265	0.003034987	0.004055212	0.005064698	0.006026226	0.006916921	0.007724891	0.008446113	0.009081853	0.009636695
0.000530656	0.001196328	0.002058265	0.003034987	0.004055212	0.005064698	0.006026226	0.006916921	0.007724891	0.008446113	0.009081853	0.009636695
0.000530656	0.001196328	0.002058265	0.003034987	0.004055212	0.005064698	0.006026226	0.006916921	0.007724891	0.008446113	0.009081853	0.009636695
0.000530656	0.001196328	0.002058265	0.003034987	0.004055212	0.005064698	0.006026226	0.006916921	0.007724891	0.008446113	0.009081853	0.009636695
0.000530656	0.001196328	0.002058265	0.003034987	0.004055212	0.005064698	0.006026226	0.006916921	0.007724891	0.008446113	0.009081853	0.009636695
0.000530656	0.001196328	0.002058265	0.003034987	0.004055212	0.005064698	0.006026226	0.006916921	0.007724891	0.008446113	0.009081853	0.009636695
0.000530656	0.001196328	0.002058265	0.003034987	0.004055212	0.005064698	0.006026226	0.006916921	0.007724891	0.008446113	0.009081853	0.009636695
0.000530656	0.001196328	0.002058265	0.003034987	0.004055212	0.005064698	0.006026226	0.006916921	0.007724891	0.008446113	0.009081853	0.009636695
0.000530656	0.001196328	0.002058265	0.003034987	0.004055212	0.005064698	0.006026226	0.006916921	0.007724891	0.008446113	0.009081853	0.009636695
0.000530656	0.001196328	0.002058265	0.003034987	0.004055212	0.005064698	0.006026226	0.006916921	0.007724891	0.008446113	0.009081853	0.009636695
0.000530656	0.001196328	0.002058265	0.003034987	0.004055212	0.005064698	0.006026226	0.006916921	0.007724891	0.008446113	0.009081853	0.009636695
0.000530656	0.001196328	0.002058265	0.003034987	0.004055212	0.005064698	0.006026226	0.006916921	0.007724891	0.008446113	0.009081853	0.009636695
0.000530656	0.001196328	0.002058265	0.003034987	0.004055212	0.005064698	0.006026226	0.006916921	0.007724891	0.008446113	0.009081853	0.009636695
0.000530656	0.001196328	0.002058265	0.003034987	0.004055212	0.005064698	0.006026226	0.006916921	0.007724891	0.008446113	0.009081853	0.009636695
0.000530656	0.001196328	0.002058265	0.003034987	0.004055212	0.005064698	0.006026226	0.006916921	0.007724891	0.008446113	0.009081853	0.009636695
0.000530656	0.001196328	0.002058265	0.003034987	0.004055212	0.005064698	0.006026226	0.006916921	0.007724891	0.008446113	0.009081853	0.009636695
0.000530656	0.001196328	0.002058265	0.003034987	0.004055212	0.005064698	0.006026226	0.006916921	0.007724891	0.008446113	0.009081853	0.009636695
0.000530656	0.001196328	0.002058265	0.003034987	0.004055212	0.005064698	0.006026226	0.006916921	0.007724891	0.008446113	0.009081853	0.009636695
0.000530656	0.001196328	0.002058265	0.003034987	0.004055212	0.005064698	0.006026226	0.006916921	0.007724891	0.008446113	0.009081853	0.009636695
0.000530656	0.001196328	0.002058265	0.003034987	0.004055212	0.005064698	0.006026226	0.006916921	0.007724891	0.008446113	0.009081853	0.009636695
0.000530656	0.001196328	0.002058265	0.003034987	0.004055212	0.005064698	0.006026226	0.006916921	0.007724891	0.008446113	0.009081853	0.009636695
0.000530656	0.001196328	0.002058265	0.003034987	0.004055212	0.005064698	0.006026226	0.006916921	0.007724891	0.008446113	0.009081853	0.009636695
0.000530656	0.001196328	0.002058265	0.003034987	0.004055212	0.005064698	0.006026226	0.006916921	0.007724891	0.008446113	0.009081853	0.009636695
0.000530656	0.001196328	0.002058265	0.003034987	0.004055212	0.005064698	0.006026226	0.006916921	0.007724891	0.008446113	0.009081853	0.009636695
0.000530656	0.001196328	0.002058265	0.003034987	0.004055212	0.005064698	0.006026226	0.006916921	0.007724891	0.008446113	0.009081853	0.009636695
0.000530656	0.001196328	0.002058265	0.003034987	0.004055212	0.005064698	0.006026226	0.006916921	0.007724891	0.008446113	0.009081853	0.009636695
0.000530656	0.001196328	0.002058265	0.003034987	0.004055212	0.005064698	0.006026226	0.006916921	0.007724891	0.008446113	0.009081853	0.009636695
0.000530656	0.001196328	0.002058265	0.003034987	0.004055212	0.005064698	0.006026226	0.006916921	0.007724891	0.008446113	0.009081853	0.009636695
#nind
1
#ind_names									
SURVEY1									
#nobs_ind
30
#yrs_ind											
1	2	3	4	5	6	7	8	9	10	11	12	13	14	15	16	17	18	19	20	21	22	23	24	25	26	27	28	29	30	
#month_ind										
1															
#biom_ind											
1.61143362615921	1.51518852661338	1.56120762410447	1.3102332711198	1.69537652968803	1.51975143159059	1.19747010259982	1.16375854675224	1.20865767336776	1.10723673884793	1.24276933762526	1.18751763227917	0.90497043499901	1.05323086661816	0.841523588194137	0.974258693246833	0.880997092120401	0.99172011060296	0.77278698165249	0.821344536467379	0.690168051435875	0.63087634074113	0.604370972394445	0.587536863398157	0.658465100593761	0.718101577595021	0.647131401532143	0.63799375056627	0.580840973786478	0.526527813773535
#biom_cv																
0.322286725231841	0.303037705322676	0.312241524820893	0.262046654223961	0.339075305937606	0.303950286318118	0.239494020519963	0.232751709350449	0.241731534673551	0.221447347769586	0.248553867525052	0.237503526455834	0.180994086999802	0.210646173323631	0.168304717638827	0.194851738649367	0.17619941842408	0.198344022120592	0.154557396330498	0.164268907293476	0.138033610287175	0.126175268148226	0.120874194478889	0.117507372679631	0.131693020118752	0.143620315519004	0.129426280306429	0.127598750113254	0.116168194757296	0.105305562754707
#n_ages_ind															
30			
#n_lengths_ind															
0															
#yrs_ages_ind															
1	2	3	4	5	6	7	8	9	10	11	12	13	14	15	16	17	18	19	20	21	22	23	24	25	26	27	28	29	30	
#sample_ages_ind					
200	200	200	200	200	200	200	200	200	200	200	200	200	200	200	200	200	200	200	200	200	200	200	200	200	200	200	200	200	200
#page_ind						
0.085	0.125	0.17	0.135	0.11	0.095	0.035	0.04	0.025	0.05	0.02	0.11
0.02	0.215	0.17	0.1	0.11	0.07	0.05	0.05	0.045	0.035	0.025	0.11
0.1	0.08	0.16	0.135	0.105	0.115	0.065	0.06	0.04	0.025	0.04	0.075
0.065	0.15	0.115	0.15	0.1	0.115	0.035	0.05	0.035	0.03	0.025	0.13
0.045	0.1	0.245	0.08	0.1	0.07	0.065	0.05	0.065	0.045	0.015	0.12
0.11	0.155	0.11	0.12	0.035	0.11	0.085	0.07	0.04	0.025	0.03	0.11
0.085	0.135	0.12	0.14	0.16	0.03	0.045	0.035	0.055	0.04	0.05	0.105
0.035	0.19	0.2	0.13	0.11	0.055	0.045	0.075	0.025	0.025	0.03	0.08
0.065	0.16	0.18	0.135	0.075	0.045	0.06	0.035	0.055	0.045	0.02	0.125
0.085	0.15	0.18	0.195	0.095	0.055	0.05	0.03	0.025	0.04	0.01	0.085
0.105	0.22	0.155	0.13	0.105	0.05	0.04	0.065	0.035	0.005	0.02	0.07
0.06	0.2	0.215	0.09	0.085	0.07	0.055	0.04	0.035	0.04	0.005	0.105
0.06	0.15	0.19	0.14	0.115	0.06	0.08	0.05	0.03	0.05	0.015	0.06
0.07	0.21	0.12	0.145	0.115	0.06	0.04	0.05	0.035	0.05	0.015	0.09
0.095	0.15	0.245	0.115	0.125	0.075	0.07	0.015	0.045	0.01	0.015	0.04
0.095	0.195	0.17	0.18	0.07	0.09	0.075	0.03	0.015	0.035	0.01	0.035
0.075	0.26	0.2	0.135	0.115	0.05	0.04	0.035	0.015	0.005	0.025	0.045
0.09	0.19	0.235	0.165	0.1	0.065	0.045	0.02	0.045	0.015	0.005	0.025
0.12	0.16	0.225	0.14	0.115	0.06	0.04	0.025	0.01	0.035	0.01	0.06
0.08	0.2	0.2	0.18	0.12	0.06	0.05	0.015	0.02	0.02	0	0.055
0.115	0.175	0.24	0.095	0.145	0.06	0.06	0.03	0.03	0	0.01	0.04
0.125	0.25	0.15	0.17	0.095	0.07	0.03	0.045	0.005	0.015	0.015	0.03
0.105	0.235	0.255	0.115	0.105	0.06	0.06	0.035	0.005	0.005	0.015	0.005
0.14	0.26	0.245	0.15	0.055	0.065	0.03	0.02	0.01	0.005	0.005	0.015
0.13	0.31	0.2	0.125	0.085	0.055	0.035	0.02	0.01	0.005	0.005	0.02
0.135	0.195	0.335	0.095	0.105	0.07	0.035	0.015	0.005	0	0	0.01
0.075	0.31	0.15	0.25	0.075	0.065	0.035	0.015	0.01	0.01	0	0.005
0.085	0.24	0.255	0.115	0.185	0.055	0.04	0.01	0.01	0.005	0	0
0.19	0.17	0.245	0.155	0.07	0.12	0.03	0	0.01	0	0.01	0
0.11	0.305	0.155	0.16	0.16	0.035	0.04	0.02	0.005	0.005	0	0.005
#wt_age_ind						
1 1 1 1 1 1 1 1 1 1 1 1 
1 1 1 1 1 1 1 1 1 1 1 1 
1 1 1 1 1 1 1 1 1 1 1 1 
1 1 1 1 1 1 1 1 1 1 1 1 
1 1 1 1 1 1 1 1 1 1 1 1 
1 1 1 1 1 1 1 1 1 1 1 1 
1 1 1 1 1 1 1 1 1 1 1 1 
1 1 1 1 1 1 1 1 1 1 1 1 
1 1 1 1 1 1 1 1 1 1 1 1 
1 1 1 1 1 1 1 1 1 1 1 1 
1 1 1 1 1 1 1 1 1 1 1 1 
1 1 1 1 1 1 1 1 1 1 1 1 
1 1 1 1 1 1 1 1 1 1 1 1 
1 1 1 1 1 1 1 1 1 1 1 1 
1 1 1 1 1 1 1 1 1 1 1 1 
1 1 1 1 1 1 1 1 1 1 1 1 
1 1 1 1 1 1 1 1 1 1 1 1 
1 1 1 1 1 1 1 1 1 1 1 1 
1 1 1 1 1 1 1 1 1 1 1 1 
1 1 1 1 1 1 1 1 1 1 1 1 
1 1 1 1 1 1 1 1 1 1 1 1 
1 1 1 1 1 1 1 1 1 1 1 1 
1 1 1 1 1 1 1 1 1 1 1 1 
1 1 1 1 1 1 1 1 1 1 1 1 
1 1 1 1 1 1 1 1 1 1 1 1 
1 1 1 1 1 1 1 1 1 1 1 1 
1 1 1 1 1 1 1 1 1 1 1 1 
1 1 1 1 1 1 1 1 1 1 1 1 
1 1 1 1 1 1 1 1 1 1 1 1 
1 1 1 1 1 1 1 1 1 1 1 1 
# wt_pop
0.000530656	0.001196328	0.002058265	0.003034987	0.004055212	0.005064698	0.006026226	0.006916921	0.007724891	0.008446113	0.009081853	0.009636695
#maturity
0.02297737 0.32082130 0.90465054 0.99477987 0.99973881 0.99998699 0.99999935 0.99999997 1 1 1 1
#spmonth						
1		
#age_err						
1	0	0	0	0	0	0	0	0	0	0	0
0	1	0	0	0	0	0	0	0	0	0	0
0	0	1	0	0	0	0	0	0	0	0	0
0	0	0	1	0	0	0	0	0	0	0	0
0	0	0	0	1	0	0	0	0	0	0	0
0	0	0	0	0	1	0	0	0	0	0	0
0	0	0	0	0	0	1	0	0	0	0	0
0	0	0	0	0	0	0	1	0	0	0	0
0	0	0	0	0	0	0	0	1	0	0	0
0	0	0	0	0	0	0	0	0	1	0	0
0	0	0	0	0	0	0	0	0	0	1	0
0	0	0	0	0	0	0	0	0	0	0	1																														
