# Number of parameters = 77  Objective function value = 26319.6  Maximum gradient component = 0.00320190
# sel_params[1]:
1.86837093336
# sel_params[2]:
0.914041268571
# log_Fmult_year1:
 -4.72009417188
# log_Fmult_devs:
 1.06215509535 0.507560483841 0.313705222079 -0.226790386018 0.599838491015 0.0137637965342 0.737631152186 -0.545301611681 0.201405677358 0.126734312512 0.0728685649682 -0.318340186456 0.371089609683 0.0586716109300 -0.108469152154 0.669483094045 -0.199158680271 -0.000585217537447 -0.0104538981802 0.330539904428 -0.333751597158 0.496380751768 -0.194758025260 -0.0385881500394 -0.113220694825 -0.0196060664631 0.329625350094 -0.261569482575 0.412003017737
# log_recruit_devs:
 -0.0142190464795 0.241012084542 0.197885235419 -0.141224796637 -0.116928107650 -0.102956760378 0.363936947052 -0.319449937307 -0.186209156941 0.106659669542 -0.102807770369 0.0218625111363 -0.0129872056835 -0.117384875891 0.00991705836145 0.0299511809638 -0.278668458397 0.136058950629 -0.00476171729054 0.415855298730 -0.214139177088 -0.000762038224653 0.0585378400820 0.156997502194 0.239527979850 0.275108235055 -0.0644807229096 -0.312846633276 -0.139001610449 -0.124482478586
# log_N_year1_devs:
 0.0100912196085 -0.0157722255077 0.114698053068 -0.0540443929810 -0.0238792952025 -0.00559258361719 -0.122747542504 -0.127139911996 0.303014598976 -0.307843440711 -0.0237296975788
# log_q_year1:
 -8.01902178078
# log_q_devs:
 0.00000000000 0.00000000000 0.00000000000 0.00000000000 0.00000000000 0.00000000000 0.00000000000 0.00000000000 0.00000000000 0.00000000000 0.00000000000 0.00000000000 0.00000000000 0.00000000000 0.00000000000 0.00000000000 0.00000000000 0.00000000000 0.00000000000 0.00000000000 0.00000000000 0.00000000000 0.00000000000 0.00000000000 0.00000000000 0.00000000000 0.00000000000 0.00000000000 0.00000000000
# index_sel_params[1]:
1.51700140672
# index_sel_params[2]:
0.512957690806
# log_SR_scaler:
6.90434655908
# SR_steepness:
0.750000000000
