#######GENERAL HEADER INPUT#######
1
30
1
30
1
30
30
12
1	2	3	4	5	6	7	8	9	10	11	12
12
1	2	3	4	5	6	7	8	9	10	11	12
1
1001
1
1
#######SURVEY DATA#######
30
1	2	3	4	5	6	7	8	9	10	11	12	13	14	15	16	17	18	19	20	21	22	23	24	25	26	27	28	29	30
1.51537320167103	1.17109448492995	1.48147407440442	1.478755563146	1.66329493770482	1.41015445231039	1.66279898629888	1.38232251299421	1.387260094266	1.18120676600042	1.04749306280303	1.12546897740704	1.19242484070739	0.873707588674988	1.1503727614713	1.20060941681771	0.962646651648761	0.913101783587699	0.942132890831433	0.695730311198886	0.650887436910108	0.632343299962484	0.545469077832633	0.487864414747363	0.571180812081708	0.773696279665988	0.548764278769942	0.604446231163897	0.558103365615116	0.701497857404666
0.2	0.2	0.2	0.2	0.2	0.2	0.2	0.2	0.2	0.2	0.2	0.2	0.2	0.2	0.2	0.2	0.2	0.2	0.2	0.2	0.2	0.2	0.2	0.2	0.2	0.2	0.2	0.2	0.2	0.2
30
1	2	3	4	5	6	7	8	9	10	11	12	13	14	15	16	17	18	19	20	21	22	23	24	25	26	27	28	29	30
200	200	200	200	200	200	200	200	200	200	200	200	200	200	200	200	200	200	200	200	200	200	200	200	200	200	200	200	200	200
200	200	200	200	200	200	200	200	200	200	200	200	200	200	200	200	200	200	200	200	200	200	200	200	200	200	200	200	200	200
0.08	0.18	0.125	0.105	0.125	0.085	0.055	0.025	0.035	0.025	0.03	0.13
0.07	0.17	0.15	0.1	0.065	0.085	0.085	0.065	0.02	0.035	0.045	0.11
0.05	0.125	0.19	0.1	0.115	0.06	0.06	0.035	0.05	0.045	0.03	0.14
0.13	0.1	0.135	0.1	0.095	0.065	0.06	0.07	0.04	0.05	0.03	0.125
0.04	0.205	0.125	0.115	0.065	0.075	0.05	0.05	0.055	0.035	0.01	0.175
0.065	0.18	0.155	0.1	0.09	0.1	0.05	0.05	0.025	0.02	0.04	0.125
0.105	0.145	0.165	0.125	0.08	0.05	0.075	0.035	0.05	0.04	0.02	0.11
0.065	0.21	0.145	0.175	0.07	0.085	0.055	0.03	0.035	0	0.025	0.105
0.065	0.185	0.165	0.125	0.12	0.065	0.055	0.03	0.045	0.025	0.025	0.095
0.065	0.145	0.18	0.155	0.075	0.095	0.06	0.035	0.02	0.03	0.015	0.125
0.06	0.095	0.155	0.145	0.155	0.1	0.075	0.05	0.025	0.03	0.01	0.1
0.105	0.17	0.215	0.09	0.1	0.085	0.06	0.07	0.03	0.03	0.01	0.035
0.11	0.185	0.215	0.13	0.055	0.06	0.03	0.04	0.025	0.035	0.03	0.085
0.105	0.225	0.17	0.14	0.08	0.035	0.05	0.055	0.03	0.015	0.025	0.07
0.145	0.155	0.205	0.125	0.09	0.05	0.035	0.045	0.03	0.02	0.025	0.075
0.11	0.27	0.13	0.13	0.125	0.04	0.05	0.015	0.025	0.025	0.005	0.075
0.07	0.23	0.25	0.125	0.115	0.045	0.04	0.035	0.02	0.02	0.02	0.03
0.125	0.15	0.19	0.155	0.1	0.08	0.06	0.05	0.03	0.025	0.005	0.03
0.065	0.26	0.195	0.155	0.135	0.055	0.045	0.035	0.02	0	0.015	0.02
0.085	0.165	0.255	0.145	0.13	0.115	0.025	0.02	0.02	0.005	0.005	0.03
0.085	0.185	0.175	0.19	0.135	0.065	0.07	0.03	0.015	0.015	0.01	0.025
0.13	0.2	0.18	0.08	0.155	0.065	0.05	0.055	0.025	0.03	0.005	0.025
0.11	0.225	0.205	0.095	0.085	0.11	0.055	0.03	0.03	0.01	0.01	0.035
0.135	0.335	0.185	0.145	0.08	0.02	0.02	0.03	0.02	0.005	0.015	0.01
0.1	0.27	0.26	0.135	0.095	0.04	0.025	0.025	0.03	0	0.005	0.015
0.095	0.26	0.265	0.145	0.075	0.055	0.065	0.005	0.005	0.005	0.01	0.015
0.11	0.175	0.235	0.2	0.105	0.055	0.04	0.025	0.01	0.025	0	0.02
0.11	0.19	0.24	0.19	0.105	0.08	0.035	0.01	0.015	0.01	0.005	0.01
0.175	0.19	0.24	0.11	0.085	0.07	0.065	0.035	0.02	0.01	0	0
0.17	0.295	0.205	0.13	0.05	0.075	0.06	0	0.005	0	0.005	0.005
#######LANDINGS DATA#######
1
30
160.901379427558	460.706443157537	730.690839905305	953.850917080928	724.342381572963	1251.2823691901	1214.69532284681	2331.42887258422	1239.13990923562	1407.59417795831	1459.31563329961	1436.53152192068	992.760103473066	1362.1272928404	1368.36778659977	1177.90328931845	2161.75181493019	1572.4162957514	1447.80572350465	1327.19008701301	1623.65270541811	1046.01667228418	1580.91670112928	1154.14475268334	1096.86097047555	1002.91258588213	971.74999847221	1267.92979508575	893.808191403233	1308.84400983766
0.01	0.01	0.01	0.01	0.01	0.01	0.01	0.01	0.01	0.01	0.01	0.01	0.01	0.01	0.01	0.01	0.01	0.01	0.01	0.01	0.01	0.01	0.01	0.01	0.01	0.01	0.01	0.01	0.01	0.01
30
1	2	3	4	5	6	7	8	9	10	11	12	13	14	15	16	17	18	19	20	21	22	23	24	25	26	27	28	29	30
200	200	200	200	200	200	200	200	200	200	200	200	200	200	200	200	200	200	200	200	200	200	200	200	200	200	200	200	200	200
200	200	200	200	200	200	200	200	200	200	200	200	200	200	200	200	200	200	200	200	200	200	200	200	200	200	200	200	200	200
0.065	0.14	0.105	0.115	0.13	0.12	0.085	0.055	0.01	0.05	0.015	0.11
0.09	0.1	0.135	0.115	0.095	0.065	0.075	0.05	0.07	0.055	0.055	0.095
0.04	0.075	0.13	0.155	0.115	0.08	0.085	0.105	0.04	0.015	0.005	0.155
0.1	0.12	0.095	0.135	0.105	0.085	0.07	0.055	0.05	0.035	0.01	0.14
0.06	0.115	0.1	0.11	0.14	0.045	0.08	0.065	0.06	0.06	0.025	0.14
0.06	0.11	0.165	0.12	0.1	0.08	0.05	0.05	0.05	0.065	0.035	0.115
0.065	0.135	0.2	0.16	0.055	0.035	0.085	0.055	0.02	0.03	0.04	0.12
0.095	0.155	0.115	0.175	0.125	0.045	0.015	0.045	0.03	0.05	0.05	0.1
0.05	0.12	0.185	0.09	0.16	0.095	0.065	0.045	0.035	0.03	0.03	0.095
0.055	0.135	0.125	0.22	0.05	0.08	0.125	0.025	0.025	0.03	0.01	0.12
0.1	0.155	0.105	0.105	0.105	0.09	0.085	0.07	0.015	0.02	0.005	0.145
0.145	0.15	0.145	0.11	0.11	0.105	0.04	0.03	0.04	0.01	0.02	0.095
0.1	0.115	0.215	0.11	0.09	0.06	0.095	0.03	0.05	0.03	0.015	0.09
0.095	0.145	0.135	0.13	0.09	0.07	0.06	0.045	0.045	0.06	0.045	0.08
0.12	0.155	0.16	0.165	0.105	0.065	0.035	0.025	0.045	0.03	0.03	0.065
0.13	0.165	0.155	0.125	0.105	0.09	0.055	0.03	0.04	0.03	0.005	0.07
0.1	0.14	0.235	0.16	0.095	0.075	0.07	0.045	0.02	0.015	0.015	0.03
0.11	0.125	0.165	0.205	0.085	0.07	0.04	0.05	0.045	0.025	0.015	0.065
0.09	0.2	0.205	0.105	0.145	0.105	0.025	0.03	0.035	0.03	0.005	0.025
0.095	0.135	0.235	0.185	0.055	0.09	0.08	0.05	0.025	0.01	0.005	0.035
0.11	0.125	0.145	0.24	0.07	0.115	0.065	0.045	0.025	0.005	0.01	0.045
0.14	0.16	0.165	0.09	0.155	0.105	0.03	0.08	0.025	0.015	0.01	0.025
0.12	0.225	0.185	0.155	0.07	0.095	0.05	0.03	0.035	0.005	0.01	0.02
0.185	0.195	0.2	0.135	0.095	0.035	0.075	0.015	0.025	0.015	0.005	0.02
0.17	0.29	0.165	0.11	0.1	0.02	0.035	0.05	0.025	0.015	0.02	0
0.155	0.19	0.265	0.18	0.075	0.045	0.045	0.01	0.02	0.005	0.005	0.005
0.17	0.21	0.205	0.16	0.1	0.05	0.025	0.015	0	0.03	0.015	0.02
0.105	0.155	0.155	0.26	0.145	0.075	0.045	0.035	0.01	0.005	0	0.01
0.19	0.19	0.23	0.145	0.09	0.06	0.055	0.015	0.005	0	0.005	0.015
0.2	0.275	0.16	0.115	0.07	0.105	0.025	0.02	0.01	0.005	0.01	0.005
#######PARAMETER SECTION#######
800	400	1200	-4	800	-0.25	1
0.18	0.01	1	-4	0.18	-0.25	1
-1.36	-5	-0.001	-4	-1.36	-0.25	1
0.1	0.05	0.3	-4	0.1	-0.25	1
0.2	0.01	0.5	-4	0.2	-0.25	1
0.75	0.20001	1	-3	0.75	-0.25	1
13.815511	-1	200	1	13.815511	-0.25	1
0	-1	1	-4	0	-0.25	1
0.2	1e-04	1.2	-3	0.2	-0.25	1
0	-10	10	-6	0	-1	1
0	-10	10	-6	0	-1	1
2	0	12	2	2	-0.5	1
1	0	12	2	1	-0.5	1
2	0	12	-2	2	-0.5	1
1	0	12	-2	1	-0.5	1
1.5	0	12	2	1.5	-0.5	1
2	0	12	2	2	-0.5	1
-14.8331701782081	-30	5	1	-14.8331701782081	-1	1
1	0.1	2	-1	1	-1	1
-1.54399197800355	-10	1.39	1	-1.54399197800355	-1	1
#######DEV CONSTRAINTS and DEVS#######
-15	15	2
-15	15	2
-15	15	2
0	0	0	0	0	0	0	0	0	0	0	0	0	0	0	0	0	0	0	0	0	0	0	0	0	0	0	0	0	0
0	0	0	0	0	0	0	0	0	0	0	0	0	0	0	0	0	0	0	0	0	0	0	0	0	0	0	0	0	0
0	0	0	0	0	0	0	0	0	0	0
#######LIKELIHOOD WEIGHTS#######
1
1
1
1
0
1
0
0
0
#######MISCELLANEOUS STUFF SECTION#######
2.5e-08
3
0.5	0.5	0.5	0.5	0.5	0.5	0.5	0.5	0.5	0.5	0.5	0.5
0.0229773699100256	0.320821300824607	0.904650535100891	0.994779874306442	0.999738809680904	0.999986992871533	0.999999352405202	0.999999967758134	0.999999998394772	0.99999999992008	0.999999999996021	0.999999999999802
0.2	0.2	0.2	0.2	0.2	0.2	0.2	0.2	0.2	0.2	0.2	0.2
0
1
10
0.2
1
1	0	0	0	0	0	0	0	0	0	0	0
0	1	0	0	0	0	0	0	0	0	0	0
0	0	1	0	0	0	0	0	0	0	0	0
0	0	0	1	0	0	0	0	0	0	0	0
0	0	0	0	1	0	0	0	0	0	0	0
0	0	0	0	0	1	0	0	0	0	0	0
0	0	0	0	0	0	1	0	0	0	0	0
0	0	0	0	0	0	0	1	0	0	0	0
0	0	0	0	0	0	0	0	1	0	0	0
0	0	0	0	0	0	0	0	0	1	0	0
0	0	0	0	0	0	0	0	0	0	1	0
0	0	0	0	0	0	0	0	0	0	0	1
40
31
2
1
#######END OF DATA FILE#######
999
