#######GENERAL HEADER INPUT#######
1
30
1
30
1
30
30
12
1	2	3	4	5	6	7	8	9	10	11	12
12
1	2	3	4	5	6	7	8	9	10	11	12
1
1001
1
1
#######SURVEY DATA#######
30
1	2	3	4	5	6	7	8	9	10	11	12	13	14	15	16	17	18	19	20	21	22	23	24	25	26	27	28	29	30
1.48353414016072	1.28572057368937	1.55635655866518	1.48434437962201	1.6814391885843	1.27791128056173	1.40130098179333	1.24314835429514	1.3543775418403	1.06059053584801	1.11672023990473	1.00184636230967	1.11879636820502	1.01539112387035	1.25967202094441	1.11994976590474	0.970919322203567	0.895917823330231	0.696318545956801	0.830042505690414	0.785867500892668	0.808965612471207	0.74203452452631	0.682000006501518	0.790526800618312	0.661475564055467	0.611920090319276	0.513593451011871	0.503207862108866	0.688550893211777
0.2	0.2	0.2	0.2	0.2	0.2	0.2	0.2	0.2	0.2	0.2	0.2	0.2	0.2	0.2	0.2	0.2	0.2	0.2	0.2	0.2	0.2	0.2	0.2	0.2	0.2	0.2	0.2	0.2	0.2
30
1	2	3	4	5	6	7	8	9	10	11	12	13	14	15	16	17	18	19	20	21	22	23	24	25	26	27	28	29	30
200	200	200	200	200	200	200	200	200	200	200	200	200	200	200	200	200	200	200	200	200	200	200	200	200	200	200	200	200	200
200	200	200	200	200	200	200	200	200	200	200	200	200	200	200	200	200	200	200	200	200	200	200	200	200	200	200	200	200	200
0.09	0.12	0.14	0.15	0.095	0.08	0.085	0.04	0.05	0.045	0.015	0.09
0.045	0.085	0.135	0.13	0.085	0.11	0.09	0.065	0.05	0.04	0.045	0.12
0.065	0.13	0.18	0.11	0.11	0.065	0.095	0.04	0.045	0.035	0.005	0.12
0.085	0.16	0.1	0.105	0.12	0.055	0.07	0.045	0.045	0.045	0.015	0.155
0.05	0.155	0.155	0.13	0.095	0.075	0.035	0.055	0.055	0.015	0.055	0.125
0.1	0.105	0.185	0.11	0.1	0.09	0.06	0.065	0.055	0.02	0.03	0.08
0.075	0.16	0.12	0.2	0.07	0.05	0.035	0.085	0.025	0.02	0.035	0.125
0.075	0.135	0.185	0.1	0.125	0.115	0.035	0.035	0.035	0.025	0.015	0.12
0.095	0.16	0.16	0.125	0.075	0.09	0.08	0.03	0.035	0.035	0.02	0.095
0.095	0.205	0.18	0.095	0.11	0.055	0.05	0.04	0.05	0.015	0.015	0.09
0.06	0.19	0.18	0.14	0.1	0.095	0.04	0.05	0.035	0.025	0.02	0.065
0.065	0.09	0.22	0.2	0.115	0.07	0.065	0.025	0.035	0.03	0.01	0.075
0.13	0.145	0.145	0.13	0.135	0.07	0.05	0.055	0.025	0.03	0.03	0.055
0.13	0.2	0.12	0.065	0.115	0.09	0.075	0.045	0.07	0.015	0.01	0.065
0.07	0.235	0.23	0.095	0.04	0.11	0.08	0.02	0.02	0.005	0.03	0.065
0.07	0.195	0.175	0.18	0.08	0.08	0.075	0.05	0.025	0.035	0	0.035
0.07	0.21	0.225	0.12	0.145	0.085	0	0.035	0.03	0.01	0.015	0.055
0.1	0.15	0.2	0.14	0.18	0.105	0.03	0.02	0.03	0.005	0.015	0.025
0.125	0.21	0.195	0.165	0.075	0.07	0.07	0	0.02	0.02	0.025	0.025
0.075	0.27	0.2	0.125	0.08	0.065	0.04	0.06	0.015	0.015	0.03	0.025
0.165	0.145	0.24	0.2	0.065	0.075	0.035	0.015	0.025	0.02	0.005	0.01
0.195	0.25	0.185	0.125	0.1	0.05	0.03	0.02	0.01	0.005	0.02	0.01
0.075	0.32	0.235	0.085	0.12	0.06	0.025	0.03	0.005	0.01	0.005	0.03
0.12	0.23	0.27	0.2	0.07	0.04	0.035	0.005	0.015	0.005	0	0.01
0.075	0.23	0.2	0.225	0.12	0.035	0.01	0.025	0.01	0.03	0.005	0.035
0.06	0.205	0.285	0.145	0.14	0.06	0.025	0.02	0.025	0.01	0.015	0.01
0.09	0.24	0.215	0.15	0.095	0.095	0.075	0.015	0.005	0.015	0	0.005
0.07	0.23	0.245	0.135	0.105	0.065	0.08	0.045	0.005	0.005	0	0.015
0.16	0.18	0.2	0.22	0.075	0.065	0.045	0.025	0.02	0.005	0	0.005
0.165	0.26	0.21	0.075	0.17	0.03	0.05	0.005	0.01	0.005	0	0.02
#######LANDINGS DATA#######
1
30
160.614860783421	460.794017429612	732.839330718823	958.362413477373	731.80136243779	1269.81849212266	1227.62038799201	2333.91508967331	1242.5882588382	1424.51322198045	1510.03085351467	1527.03319803675	1042.92799399348	1445.7847438537	1482.15665977988	1311.21679011184	2350.02286770886	1683.19220202209	1536.6967712173	1413.7288707784	1766.39885718355	1211.67272331672	1859.63700468151	1407.33480276122	1338.67936245471	1166.48029249595	1088.99834026493	1405.6399777563	959.596053690309	1350.53591186819
0.01	0.01	0.01	0.01	0.01	0.01	0.01	0.01	0.01	0.01	0.01	0.01	0.01	0.01	0.01	0.01	0.01	0.01	0.01	0.01	0.01	0.01	0.01	0.01	0.01	0.01	0.01	0.01	0.01	0.01
30
1	2	3	4	5	6	7	8	9	10	11	12	13	14	15	16	17	18	19	20	21	22	23	24	25	26	27	28	29	30
200	200	200	200	200	200	200	200	200	200	200	200	200	200	200	200	200	200	200	200	200	200	200	200	200	200	200	200	200	200
200	200	200	200	200	200	200	200	200	200	200	200	200	200	200	200	200	200	200	200	200	200	200	200	200	200	200	200	200	200
0.04	0.11	0.12	0.12	0.11	0.095	0.07	0.08	0.075	0.03	0.02	0.13
0.03	0.1	0.15	0.15	0.1	0.065	0.08	0.055	0.07	0.045	0.035	0.12
0.085	0.1	0.105	0.15	0.085	0.07	0.075	0.05	0.06	0.075	0.015	0.13
0.1	0.1	0.085	0.115	0.12	0.105	0.07	0.055	0.055	0.04	0.03	0.125
0.065	0.165	0.075	0.075	0.14	0.095	0.105	0.06	0.05	0.045	0.035	0.09
0.06	0.075	0.095	0.14	0.125	0.125	0.065	0.065	0.03	0.04	0.02	0.16
0.105	0.105	0.115	0.11	0.14	0.07	0.115	0.05	0.04	0.005	0.02	0.125
0.05	0.125	0.135	0.12	0.12	0.085	0.055	0.065	0.06	0.025	0.02	0.14
0.125	0.09	0.155	0.15	0.09	0.115	0.065	0.02	0.04	0.035	0.02	0.095
0.08	0.16	0.13	0.145	0.075	0.095	0.095	0.06	0.025	0.025	0.01	0.1
0.085	0.13	0.21	0.11	0.11	0.1	0.03	0.03	0.035	0.03	0.025	0.105
0.07	0.125	0.135	0.205	0.08	0.085	0.085	0.025	0.055	0.035	0.015	0.085
0.13	0.1	0.115	0.19	0.145	0.07	0.06	0.045	0.025	0.03	0.015	0.075
0.125	0.215	0.14	0.1	0.085	0.085	0.06	0.04	0.04	0.015	0.015	0.08
0.07	0.19	0.25	0.105	0.055	0.1	0.075	0.045	0.02	0.015	0.01	0.065
0.095	0.12	0.175	0.2	0.075	0.085	0.05	0.035	0.035	0.03	0.03	0.07
0.125	0.15	0.185	0.16	0.12	0.105	0.035	0.04	0.03	0.005	0.015	0.03
0.09	0.12	0.205	0.155	0.1	0.135	0.05	0.045	0.035	0.02	0.005	0.04
0.14	0.155	0.15	0.11	0.125	0.14	0.085	0.025	0.02	0.015	0.02	0.015
0.12	0.225	0.15	0.09	0.12	0.065	0.09	0.04	0.01	0.01	0.025	0.055
0.16	0.165	0.145	0.115	0.085	0.095	0.075	0.05	0.04	0.01	0.02	0.04
0.175	0.22	0.105	0.175	0.135	0.055	0.05	0.025	0.01	0.015	0.005	0.03
0.1	0.255	0.24	0.115	0.09	0.065	0.015	0.035	0.03	0.02	0.015	0.02
0.17	0.155	0.295	0.135	0.075	0.065	0.03	0.02	0.015	0.025	0	0.015
0.18	0.23	0.145	0.21	0.1	0.04	0.025	0.02	0.01	0.03	0.01	0
0.155	0.215	0.205	0.16	0.12	0.06	0.025	0.04	0.005	0	0.005	0.01
0.1	0.22	0.18	0.195	0.075	0.1	0.04	0.035	0.025	0.005	0.005	0.02
0.14	0.185	0.19	0.145	0.125	0.045	0.08	0.05	0.02	0.005	0.01	0.005
0.205	0.19	0.155	0.185	0.095	0.08	0.03	0.02	0.01	0	0.01	0.02
0.235	0.26	0.15	0.12	0.11	0.02	0.06	0.01	0.015	0.005	0.005	0.01
#######PARAMETER SECTION#######
800	400	1200	-4	800	-0.25	1
0.18	0.01	1	-4	0.18	-0.25	1
-1.36	-5	-0.001	-4	-1.36	-0.25	1
0.1	0.05	0.3	-4	0.1	-0.25	1
0.2	0.01	0.5	-4	0.2	-0.25	1
0.75	0.20001	1	-3	0.75	-0.25	1
13.815511	-1	200	1	13.815511	-0.25	1
0	-1	1	-4	0	-0.25	1
0.2	1e-04	1.2	-3	0.2	-0.25	1
0	-10	10	-6	0	-1	1
0	-10	10	-6	0	-1	1
2	0	12	2	2	-0.5	1
1	0	12	2	1	-0.5	1
2	0	12	-2	2	-0.5	1
1	0	12	-2	1	-0.5	1
1.5	0	12	2	1.5	-0.5	1
2	0	12	2	2	-0.5	1
-14.8940970396802	-30	5	1	-14.8940970396802	-1	1
1	0.1	2	-1	1	-1	1
-1.54399197800355	-10	1.39	1	-1.54399197800355	-1	1
#######DEV CONSTRAINTS and DEVS#######
-15	15	2
-15	15	2
-15	15	2
0	0	0	0	0	0	0	0	0	0	0	0	0	0	0	0	0	0	0	0	0	0	0	0	0	0	0	0	0	0
0	0	0	0	0	0	0	0	0	0	0	0	0	0	0	0	0	0	0	0	0	0	0	0	0	0	0	0	0	0
0	0	0	0	0	0	0	0	0	0	0
#######LIKELIHOOD WEIGHTS#######
1
1
1
1
0
1
0
0
0
#######MISCELLANEOUS STUFF SECTION#######
2.5e-08
3
0.5	0.5	0.5	0.5	0.5	0.5	0.5	0.5	0.5	0.5	0.5	0.5
0.0229773699100256	0.320821300824607	0.904650535100891	0.994779874306442	0.999738809680904	0.999986992871533	0.999999352405202	0.999999967758134	0.999999998394772	0.99999999992008	0.999999999996021	0.999999999999802
0.2	0.2	0.2	0.2	0.2	0.2	0.2	0.2	0.2	0.2	0.2	0.2
0
1
10
0.2
1
1	0	0	0	0	0	0	0	0	0	0	0
0	1	0	0	0	0	0	0	0	0	0	0
0	0	1	0	0	0	0	0	0	0	0	0
0	0	0	1	0	0	0	0	0	0	0	0
0	0	0	0	1	0	0	0	0	0	0	0
0	0	0	0	0	1	0	0	0	0	0	0
0	0	0	0	0	0	1	0	0	0	0	0
0	0	0	0	0	0	0	1	0	0	0	0
0	0	0	0	0	0	0	0	1	0	0	0
0	0	0	0	0	0	0	0	0	1	0	0
0	0	0	0	0	0	0	0	0	0	1	0
0	0	0	0	0	0	0	0	0	0	0	1
40
31
2
1
#######END OF DATA FILE#######
999
