#styr												
1
#endyr												
30
#rec_age										
1															
#n_ages										
12
# numbers of length intervals
81
#Length	bin
10	11	12	13	14	15	16	17	18	19	20	21	22	23	24	25	26	27	28	29	30	31	32	33	34	35	36	37	38	39	40	41	42	43	44	45	46	47	48	49	50	51	52	53	54	55	56	57	58	59	60	61	62	63	64	65	66	67	68	69	70	71	72	73	74	75	76	77	78	79	80	81	82	83	84	85	86	87	88	89	90
#nfsh
1
#names_fsh
FLEET1												
#catch												
159.763927852493	465.224779538625	739.284745262823	970.678066181407	742.134730181664	1266.3937168811	1207.52517024127	2327.12082065405	1247.3413320089	1453.7265019152	1541.13045334197	1526.47536807476	1042.1342843967	1433.03146342506	1400.35491582389	1165.84305959003	2007.30614650135	1428.42185382773	1290.55654176476	1188.24600398741	1485.22168366774	1008.87479087941	1536.10137970567	1138.6982824817	1082.89433439948	943.582682582069	926.717942161706	1205.06181733633	846.351772927226	1144.33654566097
#catch_cv											
0.01	0.01	0.01	0.01	0.01	0.01	0.01	0.01	0.01	0.01	0.01	0.01	0.01	0.01	0.01	0.01	0.01	0.01	0.01	0.01	0.01	0.01	0.01	0.01	0.01	0.01	0.01	0.01	0.01	0.01
#n_ages_fsh								
30		
#n_lengths_fsh								
0															
#yrs_ages_fsh								
1	2	3	4	5	6	7	8	9	10	11	12	13	14	15	16	17	18	19	20	21	22	23	24	25	26	27	28	29	30	
#sample_ages_fsh							
200	200	200	200	200	200	200	200	200	200	200	200	200	200	200	200	200	200	200	200	200	200	200	200	200	200	200	200	200	200
#page_fsh	2	3	4	5	6	7	8	9	10	11						
0.06	0.085	0.115	0.13	0.105	0.08	0.09	0.065	0.055	0.05	0.02	0.145
0.085	0.095	0.105	0.115	0.115	0.06	0.085	0.05	0.05	0.055	0.045	0.14
0.075	0.125	0.115	0.135	0.115	0.085	0.065	0.075	0.015	0.04	0.025	0.13
0.06	0.1	0.135	0.145	0.14	0.08	0.095	0.055	0.02	0.025	0.025	0.12
0.04	0.11	0.14	0.185	0.08	0.09	0.06	0.055	0.055	0.04	0.025	0.12
0.135	0.075	0.09	0.115	0.14	0.085	0.045	0.035	0.035	0.025	0.02	0.2
0.12	0.17	0.1	0.09	0.105	0.09	0.065	0.065	0.03	0.03	0.035	0.1
0.07	0.17	0.225	0.11	0.055	0.065	0.065	0.07	0.045	0.03	0.015	0.08
0.1	0.175	0.145	0.155	0.08	0.03	0.07	0.05	0.02	0.025	0.015	0.135
0.055	0.12	0.18	0.165	0.125	0.075	0.06	0.04	0.025	0.04	0.01	0.105
0.09	0.095	0.11	0.16	0.145	0.105	0.06	0.04	0.03	0.035	0.025	0.105
0.09	0.16	0.14	0.115	0.105	0.08	0.08	0.055	0.02	0.025	0.025	0.105
0.065	0.14	0.165	0.16	0.1	0.095	0.09	0.055	0.015	0.025	0.01	0.08
0.135	0.1	0.13	0.175	0.1	0.085	0.08	0.025	0.06	0.02	0.01	0.08
0.07	0.155	0.12	0.135	0.155	0.1	0.065	0.035	0.035	0.035	0.035	0.06
0.135	0.14	0.155	0.155	0.105	0.075	0.04	0.035	0.03	0.025	0.035	0.07
0.18	0.14	0.11	0.155	0.095	0.07	0.06	0.02	0.055	0.035	0.05	0.03
0.145	0.165	0.165	0.04	0.21	0.09	0.04	0.055	0.025	0.01	0.015	0.04
0.11	0.135	0.195	0.165	0.075	0.12	0.04	0.035	0.025	0.005	0.02	0.075
0.12	0.165	0.145	0.205	0.135	0.045	0.06	0.04	0.02	0.03	0.015	0.02
0.145	0.215	0.125	0.14	0.125	0.095	0.03	0.015	0.03	0.02	0.01	0.05
0.175	0.175	0.19	0.14	0.09	0.09	0.045	0.025	0.02	0.01	0.005	0.035
0.16	0.24	0.21	0.13	0.065	0.075	0.035	0.025	0.01	0.02	0.005	0.025
0.145	0.135	0.275	0.16	0.105	0.06	0.05	0.025	0.01	0	0	0.035
0.14	0.235	0.205	0.135	0.13	0.06	0.025	0.015	0.01	0.01	0.005	0.03
0.125	0.23	0.21	0.145	0.12	0.065	0.035	0.02	0.01	0.005	0.005	0.03
0.215	0.215	0.13	0.195	0.12	0.05	0.025	0.005	0.02	0.005	0.01	0.01
0.09	0.185	0.23	0.175	0.17	0.075	0.045	0.015	0.01	0	0	0.005
0.145	0.18	0.2	0.15	0.095	0.14	0.02	0.035	0.02	0	0	0.015
0.215	0.17	0.16	0.17	0.105	0.065	0.065	0.005	0.025	0.01	0.005	0.005
#wt_age_fsh	1 2	3	4	5	6	7	8	9	10	11						
0.000530656	0.001196328	0.002058265	0.003034987	0.004055212	0.005064698	0.006026226	0.006916921	0.007724891	0.008446113	0.009081853	0.009636695
0.000530656	0.001196328	0.002058265	0.003034987	0.004055212	0.005064698	0.006026226	0.006916921	0.007724891	0.008446113	0.009081853	0.009636695
0.000530656	0.001196328	0.002058265	0.003034987	0.004055212	0.005064698	0.006026226	0.006916921	0.007724891	0.008446113	0.009081853	0.009636695
0.000530656	0.001196328	0.002058265	0.003034987	0.004055212	0.005064698	0.006026226	0.006916921	0.007724891	0.008446113	0.009081853	0.009636695
0.000530656	0.001196328	0.002058265	0.003034987	0.004055212	0.005064698	0.006026226	0.006916921	0.007724891	0.008446113	0.009081853	0.009636695
0.000530656	0.001196328	0.002058265	0.003034987	0.004055212	0.005064698	0.006026226	0.006916921	0.007724891	0.008446113	0.009081853	0.009636695
0.000530656	0.001196328	0.002058265	0.003034987	0.004055212	0.005064698	0.006026226	0.006916921	0.007724891	0.008446113	0.009081853	0.009636695
0.000530656	0.001196328	0.002058265	0.003034987	0.004055212	0.005064698	0.006026226	0.006916921	0.007724891	0.008446113	0.009081853	0.009636695
0.000530656	0.001196328	0.002058265	0.003034987	0.004055212	0.005064698	0.006026226	0.006916921	0.007724891	0.008446113	0.009081853	0.009636695
0.000530656	0.001196328	0.002058265	0.003034987	0.004055212	0.005064698	0.006026226	0.006916921	0.007724891	0.008446113	0.009081853	0.009636695
0.000530656	0.001196328	0.002058265	0.003034987	0.004055212	0.005064698	0.006026226	0.006916921	0.007724891	0.008446113	0.009081853	0.009636695
0.000530656	0.001196328	0.002058265	0.003034987	0.004055212	0.005064698	0.006026226	0.006916921	0.007724891	0.008446113	0.009081853	0.009636695
0.000530656	0.001196328	0.002058265	0.003034987	0.004055212	0.005064698	0.006026226	0.006916921	0.007724891	0.008446113	0.009081853	0.009636695
0.000530656	0.001196328	0.002058265	0.003034987	0.004055212	0.005064698	0.006026226	0.006916921	0.007724891	0.008446113	0.009081853	0.009636695
0.000530656	0.001196328	0.002058265	0.003034987	0.004055212	0.005064698	0.006026226	0.006916921	0.007724891	0.008446113	0.009081853	0.009636695
0.000530656	0.001196328	0.002058265	0.003034987	0.004055212	0.005064698	0.006026226	0.006916921	0.007724891	0.008446113	0.009081853	0.009636695
0.000530656	0.001196328	0.002058265	0.003034987	0.004055212	0.005064698	0.006026226	0.006916921	0.007724891	0.008446113	0.009081853	0.009636695
0.000530656	0.001196328	0.002058265	0.003034987	0.004055212	0.005064698	0.006026226	0.006916921	0.007724891	0.008446113	0.009081853	0.009636695
0.000530656	0.001196328	0.002058265	0.003034987	0.004055212	0.005064698	0.006026226	0.006916921	0.007724891	0.008446113	0.009081853	0.009636695
0.000530656	0.001196328	0.002058265	0.003034987	0.004055212	0.005064698	0.006026226	0.006916921	0.007724891	0.008446113	0.009081853	0.009636695
0.000530656	0.001196328	0.002058265	0.003034987	0.004055212	0.005064698	0.006026226	0.006916921	0.007724891	0.008446113	0.009081853	0.009636695
0.000530656	0.001196328	0.002058265	0.003034987	0.004055212	0.005064698	0.006026226	0.006916921	0.007724891	0.008446113	0.009081853	0.009636695
0.000530656	0.001196328	0.002058265	0.003034987	0.004055212	0.005064698	0.006026226	0.006916921	0.007724891	0.008446113	0.009081853	0.009636695
0.000530656	0.001196328	0.002058265	0.003034987	0.004055212	0.005064698	0.006026226	0.006916921	0.007724891	0.008446113	0.009081853	0.009636695
0.000530656	0.001196328	0.002058265	0.003034987	0.004055212	0.005064698	0.006026226	0.006916921	0.007724891	0.008446113	0.009081853	0.009636695
0.000530656	0.001196328	0.002058265	0.003034987	0.004055212	0.005064698	0.006026226	0.006916921	0.007724891	0.008446113	0.009081853	0.009636695
0.000530656	0.001196328	0.002058265	0.003034987	0.004055212	0.005064698	0.006026226	0.006916921	0.007724891	0.008446113	0.009081853	0.009636695
0.000530656	0.001196328	0.002058265	0.003034987	0.004055212	0.005064698	0.006026226	0.006916921	0.007724891	0.008446113	0.009081853	0.009636695
0.000530656	0.001196328	0.002058265	0.003034987	0.004055212	0.005064698	0.006026226	0.006916921	0.007724891	0.008446113	0.009081853	0.009636695
0.000530656	0.001196328	0.002058265	0.003034987	0.004055212	0.005064698	0.006026226	0.006916921	0.007724891	0.008446113	0.009081853	0.009636695
#nind
1
#ind_names									
SURVEY1									
#nobs_ind
30
#yrs_ind											
1	2	3	4	5	6	7	8	9	10	11	12	13	14	15	16	17	18	19	20	21	22	23	24	25	26	27	28	29	30	
#month_ind										
1															
#biom_ind											
1.33330943876479	1.65997619777482	1.43597416905255	1.61535159418742	1.3898439864919	1.63693649048538	1.3842191883068	1.33157425283941	1.41348522878606	1.16835924647873	1.20402018336518	1.31230368749443	1.08330803651102	1.06869383830002	1.05164493239367	0.689209321826337	1.04240333539601	0.780081283434788	0.631646680182753	0.792035133060702	0.756943406165598	0.601473299829007	0.625764171549012	0.511702621708216	0.571486068169002	0.627964021330083	0.546206233613985	0.477803412066278	0.474772752371542	0.450848713874149
#biom_cv																
0.266661887752958	0.331995239554963	0.287194833810511	0.323070318837484	0.277968797298381	0.327387298097076	0.27684383766136	0.266314850567882	0.282697045757212	0.233671849295746	0.240804036673036	0.262460737498887	0.216661607302205	0.213738767660003	0.210328986478735	0.137841864365267	0.208480667079202	0.156016256686958	0.126329336036551	0.15840702661214	0.15138868123312	0.120294659965801	0.125152834309802	0.102340524341643	0.1142972136338	0.125592804266017	0.109241246722797	0.0955606824132556	0.0949545504743085	0.0901697427748298
#n_ages_ind															
30			
#n_lengths_ind															
0															
#yrs_ages_ind															
1	2	3	4	5	6	7	8	9	10	11	12	13	14	15	16	17	18	19	20	21	22	23	24	25	26	27	28	29	30	
#sample_ages_ind					
200	200	200	200	200	200	200	200	200	200	200	200	200	200	200	200	200	200	200	200	200	200	200	200	200	200	200	200	200	200
#page_ind						
0.04	0.19	0.11	0.08	0.08	0.09	0.09	0.035	0.05	0.085	0.055	0.095
0.08	0.15	0.16	0.11	0.09	0.075	0.07	0.03	0.04	0.035	0.02	0.14
0.075	0.125	0.135	0.145	0.075	0.06	0.08	0.065	0.015	0.03	0.04	0.155
0.055	0.135	0.16	0.115	0.115	0.095	0.045	0.04	0.045	0.03	0.04	0.125
0.04	0.125	0.145	0.19	0.07	0.085	0.085	0.045	0.03	0.035	0.015	0.135
0.08	0.175	0.145	0.08	0.165	0.08	0.035	0.055	0.04	0.01	0.02	0.115
0.06	0.245	0.125	0.095	0.07	0.115	0.07	0.055	0.015	0.01	0.03	0.11
0.035	0.175	0.195	0.12	0.065	0.08	0.09	0.035	0.04	0.01	0.04	0.115
0.085	0.25	0.14	0.155	0.07	0.04	0.075	0.045	0.025	0.015	0.02	0.08
0.075	0.135	0.165	0.155	0.14	0.055	0.04	0.045	0.05	0.025	0.015	0.1
0.12	0.175	0.09	0.165	0.12	0.115	0.04	0.015	0.01	0.04	0.03	0.08
0.085	0.19	0.17	0.1	0.11	0.135	0.065	0.025	0.02	0.015	0.005	0.08
0.075	0.155	0.22	0.11	0.075	0.075	0.08	0.05	0.035	0.02	0.015	0.09
0.09	0.195	0.155	0.075	0.12	0.115	0.04	0.055	0.05	0.025	0.02	0.06
0.05	0.215	0.21	0.17	0.09	0.095	0.03	0.035	0.025	0.025	0.005	0.05
0.075	0.12	0.23	0.175	0.06	0.1	0.035	0.03	0.03	0.055	0.035	0.055
0.11	0.23	0.115	0.15	0.095	0.055	0.045	0.05	0.045	0.015	0.015	0.075
0.11	0.21	0.21	0.105	0.11	0.085	0.035	0.05	0.02	0.02	0	0.045
0.09	0.225	0.205	0.17	0.055	0.075	0.05	0.025	0.045	0.005	0.005	0.05
0.13	0.18	0.245	0.14	0.11	0.035	0.025	0.035	0.025	0.03	0.02	0.025
0.115	0.205	0.215	0.17	0.11	0.09	0.01	0.045	0.01	0.01	0.005	0.015
0.12	0.2	0.285	0.095	0.09	0.065	0.02	0.025	0.045	0.02	0.01	0.025
0.05	0.29	0.16	0.175	0.085	0.09	0.065	0.035	0.01	0.01	0.005	0.025
0.135	0.175	0.245	0.165	0.08	0.08	0.045	0.03	0.015	0	0.005	0.025
0.13	0.325	0.165	0.17	0.075	0.045	0.04	0.025	0.005	0.005	0	0.015
0.12	0.255	0.23	0.095	0.14	0.095	0.02	0.02	0.015	0.005	0	0.005
0.135	0.235	0.21	0.17	0.08	0.045	0.065	0.035	0.005	0.005	0	0.015
0.09	0.22	0.22	0.165	0.14	0.07	0.065	0.005	0.005	0.005	0.01	0.005
0.115	0.235	0.255	0.11	0.095	0.07	0.05	0.02	0.025	0.01	0	0.015
0.135	0.21	0.21	0.17	0.085	0.085	0.05	0.005	0.015	0.02	0.005	0.01
#wt_age_ind						
1 1 1 1 1 1 1 1 1 1 1 1 
1 1 1 1 1 1 1 1 1 1 1 1 
1 1 1 1 1 1 1 1 1 1 1 1 
1 1 1 1 1 1 1 1 1 1 1 1 
1 1 1 1 1 1 1 1 1 1 1 1 
1 1 1 1 1 1 1 1 1 1 1 1 
1 1 1 1 1 1 1 1 1 1 1 1 
1 1 1 1 1 1 1 1 1 1 1 1 
1 1 1 1 1 1 1 1 1 1 1 1 
1 1 1 1 1 1 1 1 1 1 1 1 
1 1 1 1 1 1 1 1 1 1 1 1 
1 1 1 1 1 1 1 1 1 1 1 1 
1 1 1 1 1 1 1 1 1 1 1 1 
1 1 1 1 1 1 1 1 1 1 1 1 
1 1 1 1 1 1 1 1 1 1 1 1 
1 1 1 1 1 1 1 1 1 1 1 1 
1 1 1 1 1 1 1 1 1 1 1 1 
1 1 1 1 1 1 1 1 1 1 1 1 
1 1 1 1 1 1 1 1 1 1 1 1 
1 1 1 1 1 1 1 1 1 1 1 1 
1 1 1 1 1 1 1 1 1 1 1 1 
1 1 1 1 1 1 1 1 1 1 1 1 
1 1 1 1 1 1 1 1 1 1 1 1 
1 1 1 1 1 1 1 1 1 1 1 1 
1 1 1 1 1 1 1 1 1 1 1 1 
1 1 1 1 1 1 1 1 1 1 1 1 
1 1 1 1 1 1 1 1 1 1 1 1 
1 1 1 1 1 1 1 1 1 1 1 1 
1 1 1 1 1 1 1 1 1 1 1 1 
1 1 1 1 1 1 1 1 1 1 1 1 
# wt_pop
0.000530656	0.001196328	0.002058265	0.003034987	0.004055212	0.005064698	0.006026226	0.006916921	0.007724891	0.008446113	0.009081853	0.009636695
#maturity
0.02297737 0.32082130 0.90465054 0.99477987 0.99973881 0.99998699 0.99999935 0.99999997 1 1 1 1
#spmonth						
1		
#age_err						
1	0	0	0	0	0	0	0	0	0	0	0
0	1	0	0	0	0	0	0	0	0	0	0
0	0	1	0	0	0	0	0	0	0	0	0
0	0	0	1	0	0	0	0	0	0	0	0
0	0	0	0	1	0	0	0	0	0	0	0
0	0	0	0	0	1	0	0	0	0	0	0
0	0	0	0	0	0	1	0	0	0	0	0
0	0	0	0	0	0	0	1	0	0	0	0
0	0	0	0	0	0	0	0	1	0	0	0
0	0	0	0	0	0	0	0	0	1	0	0
0	0	0	0	0	0	0	0	0	0	1	0
0	0	0	0	0	0	0	0	0	0	0	1																														
