# Number of parameters = 77  Objective function value = 26312.6  Maximum gradient component = 0.00253911
# sel_params[1]:
1.94275065585
# sel_params[2]:
0.987473933266
# log_Fmult_year1:
 -4.70611946123
# log_Fmult_devs:
 1.06990489634 0.519854296497 0.295423346426 -0.211045353414 0.588710096020 0.00613113349793 0.740332831644 -0.542182828199 0.187448309932 0.130757783466 0.0592074957395 -0.322286931136 0.363082684425 0.0748721829082 -0.108363172958 0.672073695268 -0.205978433010 -0.00774335375091 -0.00928523242744 0.334294164378 -0.331040110901 0.495512362027 -0.204743710586 -0.0170477049181 -0.103828716353 -0.0192708192744 0.320416032897 -0.281751189297 0.427811781600
# log_recruit_devs:
 0.0196031826240 0.277476149766 0.0340505121092 0.161207397636 -0.257897785966 -0.101331698492 -0.186430759697 -0.234636637613 -0.0352513334494 0.0173258617240 -0.193108183728 -0.214355634036 0.0181818447295 -0.106016168434 -0.00619692838482 0.160445447455 0.143154159396 0.364790486175 0.0894099187641 -0.129174115185 -0.0863363605646 -0.0452425577624 0.477645994996 -0.170064998229 0.198020830425 -0.202756928483 0.251641192507 0.0108793512824 -0.231445557672 -0.0235866818937
# log_N_year1_devs:
 -0.0370210945053 -0.0898472074804 0.0589420910811 -0.176473418702 -0.0799781647697 0.0464228228831 -0.119570622283 0.0681278924086 -0.157018769168 0.207093334616 -0.0402847254769
# log_q_year1:
 -8.00102245231
# log_q_devs:
 0.00000000000 0.00000000000 0.00000000000 0.00000000000 0.00000000000 0.00000000000 0.00000000000 0.00000000000 0.00000000000 0.00000000000 0.00000000000 0.00000000000 0.00000000000 0.00000000000 0.00000000000 0.00000000000 0.00000000000 0.00000000000 0.00000000000 0.00000000000 0.00000000000 0.00000000000 0.00000000000 0.00000000000 0.00000000000 0.00000000000 0.00000000000 0.00000000000 0.00000000000
# index_sel_params[1]:
1.50356842847
# index_sel_params[2]:
0.461481257931
# log_SR_scaler:
6.95504754420
# SR_steepness:
0.750000000000
