#######GENERAL HEADER INPUT#######
1
30
1
30
1
30
30
12
1	2	3	4	5	6	7	8	9	10	11	12
12
1	2	3	4	5	6	7	8	9	10	11	12
1
1001
1
1
#######SURVEY DATA#######
30
1	2	3	4	5	6	7	8	9	10	11	12	13	14	15	16	17	18	19	20	21	22	23	24	25	26	27	28	29	30
1.35121180720633	1.29385870999337	1.24249372448642	1.4500757402136	1.44009441538829	1.30082064241464	1.32081586615344	1.39316583709894	1.15988514111239	1.02633579429842	1.0935512346337	1.06229747656517	1.00515454895744	0.87432664915255	1.15411008164194	1.07849458247237	1.17237083135804	1.1715332662558	0.99226474056515	0.735699086592775	0.789776496875168	0.660661767002213	0.743176369044742	0.523745096509483	0.535828475979736	0.576698837231553	0.542901778902771	0.586409386543788	0.646374536583841	0.536809652016112
0.2	0.2	0.2	0.2	0.2	0.2	0.2	0.2	0.2	0.2	0.2	0.2	0.2	0.2	0.2	0.2	0.2	0.2	0.2	0.2	0.2	0.2	0.2	0.2	0.2	0.2	0.2	0.2	0.2	0.2
30
1	2	3	4	5	6	7	8	9	10	11	12	13	14	15	16	17	18	19	20	21	22	23	24	25	26	27	28	29	30
200	200	200	200	200	200	200	200	200	200	200	200	200	200	200	200	200	200	200	200	200	200	200	200	200	200	200	200	200	200
200	200	200	200	200	200	200	200	200	200	200	200	200	200	200	200	200	200	200	200	200	200	200	200	200	200	200	200	200	200
0.075	0.095	0.15	0.09	0.15	0.085	0.055	0.03	0.045	0.05	0.04	0.135
0.065	0.14	0.145	0.125	0.12	0.08	0.075	0.06	0.07	0.03	0.01	0.08
0.11	0.12	0.14	0.065	0.115	0.075	0.1	0.05	0.025	0.04	0.035	0.125
0.06	0.145	0.165	0.135	0.1	0.065	0.065	0.045	0.035	0.04	0.02	0.125
0.05	0.2	0.175	0.08	0.1	0.085	0.06	0.02	0.04	0.045	0.03	0.115
0.06	0.105	0.19	0.175	0.095	0.075	0.03	0.05	0.045	0.045	0.03	0.1
0.055	0.185	0.13	0.14	0.13	0.065	0.085	0.035	0.01	0.04	0.015	0.11
0.08	0.14	0.185	0.075	0.09	0.115	0.045	0.045	0.045	0.02	0.025	0.135
0.09	0.195	0.135	0.14	0.06	0.085	0.09	0.03	0.015	0.02	0.02	0.12
0.055	0.12	0.24	0.13	0.165	0.035	0.035	0.04	0.04	0.02	0.04	0.08
0.055	0.21	0.105	0.195	0.12	0.065	0.035	0.055	0.05	0.015	0.02	0.075
0.07	0.17	0.16	0.125	0.165	0.06	0.045	0.025	0.045	0.03	0.015	0.09
0.09	0.115	0.19	0.145	0.105	0.1	0.065	0.07	0.005	0.02	0.02	0.075
0.095	0.26	0.115	0.14	0.095	0.06	0.045	0.06	0.045	0.01	0.01	0.065
0.12	0.19	0.255	0.115	0.09	0.065	0.045	0.04	0.03	0.02	0.005	0.025
0.06	0.2	0.18	0.185	0.1	0.055	0.055	0.035	0.055	0.03	0	0.045
0.095	0.185	0.205	0.17	0.09	0.095	0.025	0.055	0.025	0.03	0	0.025
0.09	0.225	0.165	0.165	0.1	0.085	0.045	0.02	0.025	0.01	0.04	0.03
0.11	0.225	0.18	0.14	0.115	0.07	0.05	0.035	0.01	0.015	0.015	0.035
0.05	0.21	0.235	0.15	0.145	0.07	0.045	0.03	0.015	0.01	0	0.04
0.06	0.245	0.25	0.1	0.1	0.085	0.055	0.025	0.02	0.025	0.005	0.03
0.055	0.29	0.175	0.145	0.11	0.07	0.06	0.055	0.015	0.01	0.005	0.01
0.18	0.23	0.19	0.12	0.1	0.06	0.045	0.025	0.02	0.01	0.015	0.005
0.08	0.3	0.26	0.09	0.11	0.035	0.035	0.02	0.02	0.01	0.025	0.015
0.15	0.235	0.245	0.16	0.065	0.07	0.03	0.005	0.03	0	0	0.01
0.12	0.305	0.165	0.195	0.07	0.07	0.02	0.02	0.005	0.005	0	0.025
0.09	0.235	0.31	0.11	0.115	0.055	0.035	0.02	0.01	0.01	0.005	0.005
0.145	0.21	0.27	0.195	0.065	0.06	0.03	0.01	0.005	0.005	0	0.005
0.18	0.165	0.235	0.175	0.095	0.05	0.03	0.04	0.005	0.01	0.01	0.005
0.095	0.285	0.225	0.19	0.1	0.045	0.02	0.01	0.015	0.015	0	0
#######LANDINGS DATA#######
1
30
159.272670190053	461.362745145061	751.235657467861	984.076310320969	762.315286282248	1316.27454037299	1263.2640677096	2426.92109055707	1305.64761907672	1504.70311651696	1607.33677449072	1600.11067962499	1098.46980512965	1555.95685007411	1573.02153716581	1385.01593230061	2539.49168762261	1839.4969436864	1676.35569114019	1522.98890743056	1892.39955767052	1230.49333365667	1807.71570478847	1312.37911646216	1225.16768930438	1100.11764220439	1092.38418646037	1480.63453157767	1085.78404393511	1584.6730835957
0.01	0.01	0.01	0.01	0.01	0.01	0.01	0.01	0.01	0.01	0.01	0.01	0.01	0.01	0.01	0.01	0.01	0.01	0.01	0.01	0.01	0.01	0.01	0.01	0.01	0.01	0.01	0.01	0.01	0.01
30
1	2	3	4	5	6	7	8	9	10	11	12	13	14	15	16	17	18	19	20	21	22	23	24	25	26	27	28	29	30
200	200	200	200	200	200	200	200	200	200	200	200	200	200	200	200	200	200	200	200	200	200	200	200	200	200	200	200	200	200
200	200	200	200	200	200	200	200	200	200	200	200	200	200	200	200	200	200	200	200	200	200	200	200	200	200	200	200	200	200
0.055	0.1	0.15	0.1	0.125	0.07	0.085	0.085	0.06	0.03	0.035	0.105
0.09	0.125	0.12	0.095	0.08	0.09	0.065	0.06	0.07	0.05	0.03	0.125
0.095	0.08	0.135	0.095	0.13	0.09	0.08	0.06	0.025	0.045	0.025	0.14
0.1	0.135	0.1	0.075	0.11	0.095	0.065	0.08	0.03	0.02	0.04	0.15
0.045	0.09	0.16	0.15	0.07	0.095	0.05	0.065	0.06	0.075	0.03	0.11
0.1	0.1	0.11	0.155	0.08	0.1	0.1	0.02	0.045	0.02	0.035	0.135
0.11	0.14	0.075	0.12	0.145	0.08	0.055	0.055	0.04	0.025	0.04	0.115
0.07	0.155	0.135	0.07	0.1	0.105	0.08	0.03	0.03	0.04	0.04	0.145
0.06	0.13	0.14	0.21	0.06	0.095	0.055	0.06	0.035	0.015	0.035	0.105
0.085	0.125	0.175	0.115	0.145	0.075	0.045	0.03	0.045	0.03	0.035	0.095
0.12	0.085	0.12	0.21	0.12	0.09	0.03	0.03	0.035	0.025	0.04	0.095
0.125	0.135	0.145	0.13	0.125	0.06	0.065	0.035	0.025	0.04	0.02	0.095
0.095	0.155	0.19	0.12	0.1	0.095	0.05	0.05	0.02	0.035	0.045	0.045
0.145	0.16	0.155	0.155	0.12	0.055	0.04	0.03	0.035	0.005	0.005	0.095
0.11	0.12	0.225	0.135	0.1	0.09	0.045	0.045	0.035	0.035	0	0.06
0.085	0.175	0.165	0.225	0.14	0.06	0.03	0.02	0.02	0.02	0.02	0.04
0.1	0.205	0.175	0.155	0.11	0.07	0.045	0.035	0.02	0.015	0.015	0.055
0.095	0.185	0.165	0.13	0.155	0.1	0.06	0.035	0.015	0.005	0.01	0.045
0.105	0.165	0.215	0.125	0.14	0.085	0.045	0.025	0.03	0.015	0.01	0.04
0.13	0.18	0.13	0.17	0.115	0.13	0.06	0.03	0.005	0.02	0.005	0.025
0.12	0.095	0.235	0.14	0.115	0.115	0.055	0.02	0.03	0.02	0.03	0.025
0.135	0.155	0.145	0.205	0.105	0.11	0.025	0.04	0.02	0.02	0.02	0.02
0.16	0.17	0.19	0.15	0.095	0.065	0.045	0.01	0.08	0.01	0.01	0.015
0.105	0.265	0.225	0.155	0.065	0.09	0.04	0.025	0.01	0.005	0.01	0.005
0.155	0.115	0.295	0.14	0.11	0.07	0.025	0.02	0.025	0.02	0.01	0.015
0.1	0.3	0.115	0.175	0.095	0.075	0.05	0.025	0.015	0.015	0.02	0.015
0.17	0.235	0.255	0.095	0.12	0.045	0.015	0.02	0.015	0.005	0.01	0.015
0.16	0.18	0.225	0.22	0.055	0.06	0.04	0.02	0.015	0.015	0.005	0.005
0.17	0.25	0.215	0.15	0.115	0.01	0.05	0.01	0.015	0	0.005	0.01
0.17	0.285	0.185	0.13	0.06	0.075	0.01	0.055	0.005	0.005	0	0.02
#######PARAMETER SECTION#######
800	400	1200	-4	800	-0.25	1
0.18	0.01	1	-4	0.18	-0.25	1
-1.36	-5	-0.001	-4	-1.36	-0.25	1
0.1	0.05	0.3	-4	0.1	-0.25	1
0.2	0.01	0.5	-4	0.2	-0.25	1
0.75	0.20001	1	-3	0.75	-0.25	1
13.815511	-1	200	1	13.815511	-0.25	1
0	-1	1	-4	0	-0.25	1
0.2	1e-04	1.2	-3	0.2	-0.25	1
0	-10	10	-6	0	-1	1
0	-10	10	-6	0	-1	1
2	0	12	2	2	-0.5	1
1	0	12	2	1	-0.5	1
2	0	12	-2	2	-0.5	1
1	0	12	-2	1	-0.5	1
1.5	0	12	2	1.5	-0.5	1
2	0	12	2	2	-0.5	1
-14.940768687508	-30	5	1	-14.940768687508	-1	1
1	0.1	2	-1	1	-1	1
-1.54399197800355	-10	1.39	1	-1.54399197800355	-1	1
#######DEV CONSTRAINTS and DEVS#######
-15	15	2
-15	15	2
-15	15	2
0	0	0	0	0	0	0	0	0	0	0	0	0	0	0	0	0	0	0	0	0	0	0	0	0	0	0	0	0	0
0	0	0	0	0	0	0	0	0	0	0	0	0	0	0	0	0	0	0	0	0	0	0	0	0	0	0	0	0	0
0	0	0	0	0	0	0	0	0	0	0
#######LIKELIHOOD WEIGHTS#######
1
1
1
1
0
1
0
0
0
#######MISCELLANEOUS STUFF SECTION#######
2.5e-08
3
0.5	0.5	0.5	0.5	0.5	0.5	0.5	0.5	0.5	0.5	0.5	0.5
0.0229773699100256	0.320821300824607	0.904650535100891	0.994779874306442	0.999738809680904	0.999986992871533	0.999999352405202	0.999999967758134	0.999999998394772	0.99999999992008	0.999999999996021	0.999999999999802
0.2	0.2	0.2	0.2	0.2	0.2	0.2	0.2	0.2	0.2	0.2	0.2
0
1
10
0.2
1
1	0	0	0	0	0	0	0	0	0	0	0
0	1	0	0	0	0	0	0	0	0	0	0
0	0	1	0	0	0	0	0	0	0	0	0
0	0	0	1	0	0	0	0	0	0	0	0
0	0	0	0	1	0	0	0	0	0	0	0
0	0	0	0	0	1	0	0	0	0	0	0
0	0	0	0	0	0	1	0	0	0	0	0
0	0	0	0	0	0	0	1	0	0	0	0
0	0	0	0	0	0	0	0	1	0	0	0
0	0	0	0	0	0	0	0	0	1	0	0
0	0	0	0	0	0	0	0	0	0	1	0
0	0	0	0	0	0	0	0	0	0	0	1
40
31
2
1
#######END OF DATA FILE#######
999
