#######GENERAL HEADER INPUT#######
1
30
1
30
1
30
30
12
1	2	3	4	5	6	7	8	9	10	11	12
12
1	2	3	4	5	6	7	8	9	10	11	12
1
1001
1
1
#######SURVEY DATA#######
30
1	2	3	4	5	6	7	8	9	10	11	12	13	14	15	16	17	18	19	20	21	22	23	24	25	26	27	28	29	30
1.57667792397656	1.55721831163704	1.52067241815382	1.39135845339643	1.07763732769849	1.31335513622052	1.44064153907213	1.31113690228944	1.17094331233536	1.31861280768695	1.02310920514734	1.09868661564631	0.869467225019152	0.997924585729097	1.21380082910036	0.85905516129124	0.967890835417673	0.981924639686532	0.850997315428347	0.751212212796353	0.884312195478397	0.768164094815028	0.617169074339088	0.587745367004984	0.629366480579859	0.553608371154603	0.599963012856211	0.664821554249562	0.633722752976155	0.642908370010989
0.2	0.2	0.2	0.2	0.2	0.2	0.2	0.2	0.2	0.2	0.2	0.2	0.2	0.2	0.2	0.2	0.2	0.2	0.2	0.2	0.2	0.2	0.2	0.2	0.2	0.2	0.2	0.2	0.2	0.2
30
1	2	3	4	5	6	7	8	9	10	11	12	13	14	15	16	17	18	19	20	21	22	23	24	25	26	27	28	29	30
200	200	200	200	200	200	200	200	200	200	200	200	200	200	200	200	200	200	200	200	200	200	200	200	200	200	200	200	200	200
200	200	200	200	200	200	200	200	200	200	200	200	200	200	200	200	200	200	200	200	200	200	200	200	200	200	200	200	200	200
0.07	0.13	0.115	0.11	0.1	0.105	0.045	0.065	0.05	0.02	0.05	0.14
0.065	0.13	0.165	0.13	0.09	0.05	0.085	0.08	0.05	0.02	0.03	0.105
0.03	0.105	0.145	0.135	0.095	0.065	0.09	0.06	0.05	0.03	0.05	0.145
0.055	0.12	0.14	0.105	0.08	0.125	0.065	0.085	0.055	0.005	0.025	0.14
0.11	0.175	0.115	0.11	0.105	0.07	0.075	0.06	0.035	0.03	0.025	0.09
0.085	0.15	0.195	0.095	0.07	0.055	0.085	0.03	0.05	0.02	0.015	0.15
0.08	0.215	0.115	0.14	0.055	0.12	0.06	0.055	0.045	0.015	0.02	0.08
0.035	0.19	0.195	0.115	0.14	0.06	0.03	0.015	0.045	0.02	0.04	0.115
0.11	0.1	0.205	0.17	0.13	0.085	0.035	0.045	0.02	0.025	0.03	0.045
0.07	0.145	0.15	0.215	0.15	0.05	0.055	0.015	0.02	0.04	0.015	0.075
0.05	0.19	0.15	0.11	0.165	0.08	0.075	0.04	0.025	0.02	0.03	0.065
0.06	0.165	0.15	0.125	0.1	0.12	0.075	0.03	0.035	0.02	0.02	0.1
0.09	0.185	0.155	0.19	0.05	0.075	0.075	0.055	0.045	0.02	0.015	0.045
0.06	0.145	0.185	0.155	0.11	0.09	0.055	0.065	0.035	0.015	0.02	0.065
0.085	0.245	0.125	0.13	0.115	0.065	0.06	0.04	0.025	0.025	0.02	0.065
0.1	0.175	0.21	0.145	0.105	0.065	0.035	0.03	0.005	0.02	0.055	0.055
0.055	0.18	0.22	0.175	0.09	0.045	0.025	0.045	0.055	0.025	0.02	0.065
0.135	0.215	0.185	0.165	0.11	0.035	0.04	0.03	0.015	0.025	0.01	0.035
0.14	0.225	0.18	0.14	0.08	0.065	0.03	0.025	0.025	0.01	0.025	0.055
0.105	0.205	0.225	0.165	0.1	0.055	0.015	0.04	0.005	0.025	0.01	0.05
0.17	0.185	0.21	0.14	0.075	0.065	0.045	0.04	0.015	0.025	0.005	0.025
0.1	0.185	0.35	0.155	0.06	0.05	0.035	0.035	0.01	0.005	0	0.015
0.085	0.225	0.23	0.17	0.1	0.085	0.04	0	0.03	0.005	0.01	0.02
0.115	0.185	0.295	0.155	0.11	0.03	0.025	0.04	0.015	0.01	0.01	0.01
0.095	0.325	0.195	0.12	0.075	0.065	0.04	0.025	0.035	0.005	0.01	0.01
0.17	0.215	0.215	0.12	0.125	0.04	0.06	0.015	0.005	0.015	0.01	0.01
0.115	0.32	0.145	0.175	0.08	0.09	0.005	0.03	0.02	0.01	0.005	0.005
0.155	0.26	0.24	0.135	0.08	0.035	0.03	0.02	0.005	0.02	0.01	0.01
0.125	0.255	0.235	0.145	0.07	0.07	0.05	0.035	0	0.005	0	0.01
0.14	0.215	0.22	0.155	0.16	0.03	0.04	0.015	0	0.005	0.005	0.015
#######LANDINGS DATA#######
1
30
159.214163195943	458.401019998271	736.948775610012	958.421410829544	721.86732280617	1232.42670377893	1172.78115292167	2302.66263292408	1242.26270053009	1427.30338641058	1528.99584585409	1510.59612608619	1032.18479569902	1429.86934549032	1405.89821651141	1203.91259645674	2132.42987995318	1520.92779128385	1389.89501042678	1290.2115700311	1637.57017444062	1115.44309498111	1694.32110971555	1235.20627147726	1129.53699471891	981.231764742204	957.991036475527	1314.77253194117	977.253830809907	1430.49722081012
0.01	0.01	0.01	0.01	0.01	0.01	0.01	0.01	0.01	0.01	0.01	0.01	0.01	0.01	0.01	0.01	0.01	0.01	0.01	0.01	0.01	0.01	0.01	0.01	0.01	0.01	0.01	0.01	0.01	0.01
30
1	2	3	4	5	6	7	8	9	10	11	12	13	14	15	16	17	18	19	20	21	22	23	24	25	26	27	28	29	30
200	200	200	200	200	200	200	200	200	200	200	200	200	200	200	200	200	200	200	200	200	200	200	200	200	200	200	200	200	200
200	200	200	200	200	200	200	200	200	200	200	200	200	200	200	200	200	200	200	200	200	200	200	200	200	200	200	200	200	200
0.075	0.1	0.125	0.095	0.145	0.135	0.055	0.045	0.04	0.015	0.055	0.115
0.06	0.11	0.055	0.12	0.1	0.095	0.1	0.055	0.075	0.025	0.025	0.18
0.08	0.095	0.1	0.15	0.1	0.1	0.08	0.04	0.065	0.065	0.005	0.12
0.075	0.075	0.1	0.105	0.13	0.065	0.085	0.07	0.06	0.04	0.05	0.145
0.05	0.16	0.085	0.13	0.12	0.085	0.08	0.045	0.02	0.04	0.045	0.14
0.135	0.115	0.155	0.085	0.09	0.095	0.07	0.05	0.06	0.03	0.02	0.095
0.11	0.155	0.1	0.17	0.09	0.05	0.045	0.05	0.065	0.035	0.055	0.075
0.08	0.19	0.16	0.105	0.125	0.05	0.04	0.07	0.04	0.025	0.03	0.085
0.09	0.115	0.2	0.12	0.12	0.07	0.06	0.03	0.03	0.015	0.05	0.1
0.06	0.175	0.11	0.165	0.12	0.1	0.055	0.02	0.05	0.035	0.03	0.08
0.065	0.17	0.135	0.115	0.14	0.13	0.045	0.03	0.015	0.025	0.03	0.1
0.075	0.145	0.15	0.145	0.06	0.1	0.09	0.05	0.05	0.04	0	0.095
0.095	0.17	0.13	0.12	0.115	0.075	0.065	0.05	0.06	0.045	0.015	0.06
0.085	0.08	0.18	0.16	0.09	0.095	0.055	0.055	0.065	0.02	0.02	0.095
0.15	0.205	0.16	0.09	0.1	0.065	0.06	0.03	0.035	0.04	0.015	0.05
0.12	0.155	0.175	0.14	0.095	0.05	0.04	0.035	0.035	0.045	0.045	0.065
0.145	0.125	0.22	0.15	0.1	0.055	0.045	0.045	0.03	0.015	0.025	0.045
0.095	0.14	0.2	0.18	0.1	0.07	0.05	0.03	0.04	0.015	0.02	0.06
0.1	0.215	0.2	0.115	0.135	0.035	0.065	0.045	0.025	0.02	0.015	0.03
0.15	0.135	0.205	0.13	0.08	0.125	0.065	0.025	0.015	0.01	0.02	0.04
0.095	0.235	0.195	0.17	0.095	0.055	0.055	0.035	0.01	0.025	0.005	0.025
0.165	0.18	0.195	0.14	0.125	0.065	0.02	0.05	0.025	0.01	0.005	0.02
0.16	0.23	0.14	0.185	0.075	0.035	0.08	0.03	0.015	0.005	0	0.045
0.13	0.18	0.235	0.13	0.12	0.06	0.035	0.06	0.015	0.025	0.005	0.005
0.095	0.265	0.17	0.215	0.075	0.055	0.05	0.03	0.02	0	0.015	0.01
0.19	0.12	0.235	0.16	0.105	0.045	0.035	0.04	0.03	0.015	0	0.025
0.21	0.205	0.145	0.19	0.085	0.045	0.02	0.045	0.02	0.01	0.005	0.02
0.215	0.23	0.2	0.095	0.115	0.065	0.045	0.01	0.005	0	0.015	0.005
0.12	0.285	0.23	0.18	0.04	0.07	0.015	0.015	0.005	0.02	0	0.02
0.13	0.135	0.32	0.205	0.1	0.04	0.025	0.02	0	0	0.005	0.02
#######PARAMETER SECTION#######
800	400	1200	-4	800	-0.25	1
0.18	0.01	1	-4	0.18	-0.25	1
-1.36	-5	-0.001	-4	-1.36	-0.25	1
0.1	0.05	0.3	-4	0.1	-0.25	1
0.2	0.01	0.5	-4	0.2	-0.25	1
0.75	0.20001	1	-3	0.75	-0.25	1
13.815511	-1	200	1	13.815511	-0.25	1
0	-1	1	-4	0	-0.25	1
0.2	1e-04	1.2	-3	0.2	-0.25	1
0	-10	10	-6	0	-1	1
0	-10	10	-6	0	-1	1
2	0	12	2	2	-0.5	1
1	0	12	2	1	-0.5	1
2	0	12	-2	2	-0.5	1
1	0	12	-2	1	-0.5	1
1.5	0	12	2	1.5	-0.5	1
2	0	12	2	2	-0.5	1
-14.8507983144227	-30	5	1	-14.8507983144227	-1	1
1	0.1	2	-1	1	-1	1
-1.54399197800355	-10	1.39	1	-1.54399197800355	-1	1
#######DEV CONSTRAINTS and DEVS#######
-15	15	2
-15	15	2
-15	15	2
0	0	0	0	0	0	0	0	0	0	0	0	0	0	0	0	0	0	0	0	0	0	0	0	0	0	0	0	0	0
0	0	0	0	0	0	0	0	0	0	0	0	0	0	0	0	0	0	0	0	0	0	0	0	0	0	0	0	0	0
0	0	0	0	0	0	0	0	0	0	0
#######LIKELIHOOD WEIGHTS#######
1
1
1
1
0
1
0
0
0
#######MISCELLANEOUS STUFF SECTION#######
2.5e-08
3
0.5	0.5	0.5	0.5	0.5	0.5	0.5	0.5	0.5	0.5	0.5	0.5
0.0229773699100256	0.320821300824607	0.904650535100891	0.994779874306442	0.999738809680904	0.999986992871533	0.999999352405202	0.999999967758134	0.999999998394772	0.99999999992008	0.999999999996021	0.999999999999802
0.2	0.2	0.2	0.2	0.2	0.2	0.2	0.2	0.2	0.2	0.2	0.2
0
1
10
0.2
1
1	0	0	0	0	0	0	0	0	0	0	0
0	1	0	0	0	0	0	0	0	0	0	0
0	0	1	0	0	0	0	0	0	0	0	0
0	0	0	1	0	0	0	0	0	0	0	0
0	0	0	0	1	0	0	0	0	0	0	0
0	0	0	0	0	1	0	0	0	0	0	0
0	0	0	0	0	0	1	0	0	0	0	0
0	0	0	0	0	0	0	1	0	0	0	0
0	0	0	0	0	0	0	0	1	0	0	0
0	0	0	0	0	0	0	0	0	1	0	0
0	0	0	0	0	0	0	0	0	0	1	0
0	0	0	0	0	0	0	0	0	0	0	1
40
31
2
1
#######END OF DATA FILE#######
999
