#######GENERAL HEADER INPUT#######
1
30
1
30
1
30
30
12
1	2	3	4	5	6	7	8	9	10	11	12
12
1	2	3	4	5	6	7	8	9	10	11	12
1
1001
1
1
#######SURVEY DATA#######
30
1	2	3	4	5	6	7	8	9	10	11	12	13	14	15	16	17	18	19	20	21	22	23	24	25	26	27	28	29	30
1.54449799441095	1.29956270921871	1.37987057438317	1.88069215088871	1.44394511443454	1.94879017857629	1.52151914988319	1.47708284204102	1.78002080785303	1.24437483485139	1.17577189493695	1.08438082712375	1.20591515690484	1.17794471767207	0.920478790034862	1.10759080453508	0.814052103921025	0.831024777839376	0.747036360837059	0.60930396924558	0.622975072226818	0.588759118713382	0.620131750416397	0.546652618595331	0.490504075820356	0.59562056944335	0.642142792358807	0.49911326979692	0.394740306530143	0.511011101029081
0.2	0.2	0.2	0.2	0.2	0.2	0.2	0.2	0.2	0.2	0.2	0.2	0.2	0.2	0.2	0.2	0.2	0.2	0.2	0.2	0.2	0.2	0.2	0.2	0.2	0.2	0.2	0.2	0.2	0.2
30
1	2	3	4	5	6	7	8	9	10	11	12	13	14	15	16	17	18	19	20	21	22	23	24	25	26	27	28	29	30
200	200	200	200	200	200	200	200	200	200	200	200	200	200	200	200	200	200	200	200	200	200	200	200	200	200	200	200	200	200
200	200	200	200	200	200	200	200	200	200	200	200	200	200	200	200	200	200	200	200	200	200	200	200	200	200	200	200	200	200
0.05	0.16	0.16	0.105	0.09	0.095	0.045	0.03	0.055	0.05	0.02	0.14
0.035	0.12	0.155	0.155	0.11	0.095	0.05	0.04	0.055	0.035	0.02	0.13
0.085	0.16	0.135	0.15	0.12	0.075	0.085	0.015	0.02	0.04	0.035	0.08
0.08	0.2	0.135	0.17	0.045	0.065	0.05	0.04	0.035	0.04	0.015	0.125
0.06	0.185	0.145	0.175	0.065	0.055	0.07	0.04	0.06	0.025	0.01	0.11
0.06	0.13	0.185	0.12	0.135	0.08	0.095	0.035	0.005	0.025	0.025	0.105
0.04	0.2	0.165	0.145	0.095	0.075	0.075	0.045	0.02	0.015	0.01	0.115
0.08	0.09	0.15	0.125	0.115	0.08	0.07	0.06	0.03	0.03	0.045	0.125
0.05	0.17	0.19	0.175	0.125	0.09	0.045	0.04	0.015	0.02	0.005	0.075
0.06	0.185	0.185	0.1	0.145	0.08	0.045	0.02	0.02	0.055	0.02	0.085
0.085	0.135	0.145	0.14	0.1	0.13	0.05	0.03	0.04	0.04	0.025	0.08
0.08	0.14	0.125	0.14	0.155	0.1	0.065	0.03	0.04	0.025	0.02	0.08
0.075	0.255	0.12	0.105	0.1	0.1	0.04	0.055	0.035	0.03	0.005	0.08
0.075	0.155	0.18	0.155	0.065	0.065	0.075	0.03	0.065	0.025	0.03	0.08
0.06	0.21	0.125	0.21	0.09	0.07	0.045	0.04	0.025	0.025	0.025	0.075
0.065	0.2	0.17	0.12	0.115	0.07	0.07	0.035	0.045	0.02	0.025	0.065
0.11	0.235	0.15	0.16	0.05	0.045	0.05	0.045	0.055	0.03	0.025	0.045
0.09	0.085	0.33	0.16	0.08	0.05	0.085	0.04	0.005	0.015	0.015	0.045
0.115	0.22	0.165	0.225	0.095	0.055	0.015	0.02	0.02	0.04	0	0.03
0.08	0.275	0.23	0.135	0.08	0.04	0.065	0.015	0.025	0.015	0.015	0.025
0.075	0.18	0.285	0.14	0.07	0.075	0.055	0.045	0.015	0.03	0.01	0.02
0.105	0.2	0.18	0.175	0.105	0.035	0.075	0.045	0.02	0.01	0.02	0.03
0.11	0.25	0.165	0.125	0.145	0.065	0.035	0.03	0.025	0.01	0.005	0.035
0.085	0.26	0.255	0.11	0.135	0.065	0.015	0.025	0.02	0.005	0.005	0.02
0.165	0.21	0.27	0.135	0.095	0.045	0.035	0.01	0.015	0.005	0.005	0.01
0.11	0.255	0.19	0.22	0.1	0.045	0.025	0.025	0.01	0.015	0.005	0
0.18	0.295	0.225	0.12	0.095	0.035	0.01	0.015	0.015	0.005	0	0.005
0.065	0.265	0.225	0.18	0.115	0.075	0.025	0.005	0.02	0.015	0.01	0
0.19	0.18	0.28	0.16	0.07	0.04	0.02	0.04	0	0.005	0	0.015
0.095	0.315	0.16	0.175	0.07	0.105	0.04	0.03	0.005	0	0	0.005
#######LANDINGS DATA#######
1
30
160.95245137082	460.050872718318	748.038947604365	986.152148520687	774.909976687145	1358.39251036118	1325.6475444309	2625.47524535559	1419.4014474663	1645.70756630306	1736.84430074984	1718.42926087666	1149.44896061857	1583.82848978012	1552.10996846179	1291.20185860562	2280.08212465056	1629.16506974081	1497.20289024118	1379.11432739449	1751.74136115232	1165.13801007859	1704.51676562998	1198.22549490757	1111.05759873706	966.775735039414	935.044980206049	1255.54702038196	928.045309442111	1322.59980872718
0.01	0.01	0.01	0.01	0.01	0.01	0.01	0.01	0.01	0.01	0.01	0.01	0.01	0.01	0.01	0.01	0.01	0.01	0.01	0.01	0.01	0.01	0.01	0.01	0.01	0.01	0.01	0.01	0.01	0.01
30
1	2	3	4	5	6	7	8	9	10	11	12	13	14	15	16	17	18	19	20	21	22	23	24	25	26	27	28	29	30
200	200	200	200	200	200	200	200	200	200	200	200	200	200	200	200	200	200	200	200	200	200	200	200	200	200	200	200	200	200
200	200	200	200	200	200	200	200	200	200	200	200	200	200	200	200	200	200	200	200	200	200	200	200	200	200	200	200	200	200
0.05	0.145	0.11	0.145	0.09	0.065	0.065	0.05	0.06	0.05	0.04	0.13
0.055	0.115	0.15	0.1	0.1	0.075	0.095	0.07	0.065	0.045	0.045	0.085
0.085	0.09	0.115	0.165	0.105	0.085	0.05	0.06	0.04	0.03	0.025	0.15
0.08	0.12	0.155	0.11	0.08	0.09	0.07	0.065	0.065	0.03	0.035	0.1
0.06	0.18	0.125	0.13	0.1	0.06	0.07	0.055	0.05	0.015	0.035	0.12
0.1	0.065	0.155	0.125	0.145	0.085	0.075	0.045	0.05	0.03	0.035	0.09
0.075	0.11	0.15	0.115	0.135	0.105	0.03	0.045	0.03	0.04	0.015	0.15
0.065	0.155	0.21	0.105	0.125	0.05	0.055	0.03	0.045	0.035	0.015	0.11
0.075	0.135	0.09	0.14	0.135	0.105	0.085	0.075	0.025	0.04	0.02	0.075
0.05	0.12	0.17	0.15	0.15	0.075	0.065	0.055	0.025	0.045	0.02	0.075
0.105	0.12	0.175	0.11	0.135	0.125	0.05	0.015	0.045	0.05	0.03	0.04
0.105	0.11	0.11	0.105	0.165	0.07	0.105	0.045	0.04	0.04	0.015	0.09
0.1	0.175	0.135	0.13	0.095	0.115	0.05	0.065	0.025	0.03	0.02	0.06
0.095	0.17	0.225	0.115	0.11	0.05	0.07	0.045	0.01	0.025	0.015	0.07
0.1	0.16	0.1	0.13	0.085	0.07	0.1	0.04	0.035	0.07	0.015	0.095
0.13	0.14	0.155	0.145	0.125	0.065	0.07	0.04	0.045	0.02	0.01	0.055
0.085	0.22	0.145	0.1	0.095	0.08	0.06	0.045	0.035	0.04	0.005	0.09
0.13	0.12	0.25	0.095	0.1	0.065	0.09	0.035	0.015	0.01	0.015	0.075
0.155	0.17	0.12	0.205	0.115	0.055	0.04	0.055	0.03	0.01	0.005	0.04
0.13	0.22	0.175	0.115	0.18	0.04	0.07	0	0.02	0	0.01	0.04
0.065	0.185	0.235	0.145	0.13	0.075	0.035	0.04	0.03	0.015	0.025	0.02
0.125	0.135	0.215	0.225	0.11	0.05	0.05	0.03	0.02	0.005	0.01	0.025
0.105	0.175	0.21	0.17	0.13	0.055	0.06	0.035	0.01	0.01	0	0.04
0.125	0.23	0.22	0.13	0.105	0.07	0.055	0.02	0	0.01	0	0.035
0.185	0.17	0.22	0.135	0.095	0.045	0.075	0.025	0.01	0.01	0.005	0.025
0.13	0.195	0.19	0.19	0.12	0.03	0.06	0.03	0.02	0	0.01	0.025
0.19	0.165	0.235	0.135	0.115	0.06	0.025	0.045	0.01	0.01	0.005	0.005
0.125	0.245	0.22	0.16	0.08	0.065	0.035	0.01	0.025	0.015	0.01	0.01
0.175	0.18	0.225	0.165	0.12	0.04	0.05	0.01	0.01	0.01	0.005	0.01
0.155	0.235	0.165	0.175	0.105	0.075	0.03	0.035	0.01	0	0.005	0.01
#######PARAMETER SECTION#######
800	400	1200	-4	800	-0.25	1
0.18	0.01	1	-4	0.18	-0.25	1
-1.36	-5	-0.001	-4	-1.36	-0.25	1
0.1	0.05	0.3	-4	0.1	-0.25	1
0.2	0.01	0.5	-4	0.2	-0.25	1
0.75	0.20001	1	-3	0.75	-0.25	1
13.815511	-1	200	1	13.815511	-0.25	1
0	-1	1	-4	0	-0.25	1
0.2	1e-04	1.2	-3	0.2	-0.25	1
0	-10	10	-6	0	-1	1
0	-10	10	-6	0	-1	1
2	0	12	2	2	-0.5	1
1	0	12	2	1	-0.5	1
2	0	12	-2	2	-0.5	1
1	0	12	-2	1	-0.5	1
1.5	0	12	2	1.5	-0.5	1
2	0	12	2	2	-0.5	1
-14.9190489006087	-30	5	1	-14.9190489006087	-1	1
1	0.1	2	-1	1	-1	1
-1.54399197800355	-10	1.39	1	-1.54399197800355	-1	1
#######DEV CONSTRAINTS and DEVS#######
-15	15	2
-15	15	2
-15	15	2
0	0	0	0	0	0	0	0	0	0	0	0	0	0	0	0	0	0	0	0	0	0	0	0	0	0	0	0	0	0
0	0	0	0	0	0	0	0	0	0	0	0	0	0	0	0	0	0	0	0	0	0	0	0	0	0	0	0	0	0
0	0	0	0	0	0	0	0	0	0	0
#######LIKELIHOOD WEIGHTS#######
1
1
1
1
0
1
0
0
0
#######MISCELLANEOUS STUFF SECTION#######
2.5e-08
3
0.5	0.5	0.5	0.5	0.5	0.5	0.5	0.5	0.5	0.5	0.5	0.5
0.0229773699100256	0.320821300824607	0.904650535100891	0.994779874306442	0.999738809680904	0.999986992871533	0.999999352405202	0.999999967758134	0.999999998394772	0.99999999992008	0.999999999996021	0.999999999999802
0.2	0.2	0.2	0.2	0.2	0.2	0.2	0.2	0.2	0.2	0.2	0.2
0
1
10
0.2
1
1	0	0	0	0	0	0	0	0	0	0	0
0	1	0	0	0	0	0	0	0	0	0	0
0	0	1	0	0	0	0	0	0	0	0	0
0	0	0	1	0	0	0	0	0	0	0	0
0	0	0	0	1	0	0	0	0	0	0	0
0	0	0	0	0	1	0	0	0	0	0	0
0	0	0	0	0	0	1	0	0	0	0	0
0	0	0	0	0	0	0	1	0	0	0	0
0	0	0	0	0	0	0	0	1	0	0	0
0	0	0	0	0	0	0	0	0	1	0	0
0	0	0	0	0	0	0	0	0	0	1	0
0	0	0	0	0	0	0	0	0	0	0	1
40
31
2
1
#######END OF DATA FILE#######
999
