# Number of parameters = 77  Objective function value = 26288.9  Maximum gradient component = 0.00109001
# sel_params[1]:
2.03121059241
# sel_params[2]:
0.965207149302
# log_Fmult_year1:
 -4.64032970376
# log_Fmult_devs:
 1.04878718782 0.501906638691 0.297284733658 -0.218468870597 0.584698555987 0.00544474965709 0.740393738901 -0.530973975722 0.193518989971 0.127296058294 0.0627674097561 -0.320958103449 0.369695807275 0.0698086895668 -0.0943841864960 0.663535268174 -0.196032379152 -0.00747859781356 -0.0272496733356 0.333035534026 -0.326366685878 0.509041844447 -0.187451633409 0.00638544355573 -0.0730895125604 -0.00984319859527 0.339136738183 -0.266079269728 0.430550875848
# log_recruit_devs:
 0.0250765180915 -0.0907045699138 -0.00795679839042 -0.131465699623 -0.0890795858594 0.151266923039 -0.0220249777471 0.341878757986 -0.0244608175079 -0.178037061591 -0.173282720548 0.143693889485 0.0719944818866 0.233087907288 -0.00468074567336 0.428110957954 -0.441436464538 0.313577920665 0.219955417819 -0.0953960875087 -0.0915248785595 -0.0416635110369 -0.317401438756 0.191545707536 0.0778490027180 -0.145064568218 -0.213722368747 -0.0113625183595 -0.0827968145691 -0.0359758573225
# log_N_year1_devs:
 0.0788646657968 -0.0299964041576 -0.116663647176 -0.0116562197117 -0.105440005107 -0.0482671811930 -0.215988967767 0.0120228096577 -0.184096268353 0.380502767318 -0.246981408455
# log_q_year1:
 -7.95631549634
# log_q_devs:
 0.00000000000 0.00000000000 0.00000000000 0.00000000000 0.00000000000 0.00000000000 0.00000000000 0.00000000000 0.00000000000 0.00000000000 0.00000000000 0.00000000000 0.00000000000 0.00000000000 0.00000000000 0.00000000000 0.00000000000 0.00000000000 0.00000000000 0.00000000000 0.00000000000 0.00000000000 0.00000000000 0.00000000000 0.00000000000 0.00000000000 0.00000000000 0.00000000000 0.00000000000
# index_sel_params[1]:
1.51561123796
# index_sel_params[2]:
0.518222582585
# log_SR_scaler:
6.88057803424
# SR_steepness:
0.750000000000
