# Number of parameters = 77  Objective function value = 26331.1  Maximum gradient component = 0.000479509
# sel_params[1]:
2.00524501421
# sel_params[2]:
0.910758147291
# log_Fmult_year1:
 -4.64443164288
# log_Fmult_devs:
 1.06736799687 0.498116403937 0.305481404342 -0.231461034366 0.594229531370 0.0159018246900 0.750373953939 -0.540763967751 0.208070872089 0.117295479130 0.0741579264596 -0.329412311894 0.351351297698 0.0480637409870 -0.106518800134 0.677365690284 -0.213883897755 -0.0130059852931 0.00214020746911 0.322703616756 -0.305171397686 0.501052927183 -0.191862393256 -0.0102346475241 -0.0915157299212 -0.0177163515992 0.338894417369 -0.266965738346 0.422756349444
# log_recruit_devs:
 -0.0219800762498 0.0600687672320 0.265966526135 0.332103722232 0.133551007177 0.215157732216 -0.290045310097 -0.357389422654 0.0260868695746 -0.0626668154867 -0.0480393439086 0.0298966934491 0.0454121140976 -0.0556533152653 0.199636882360 -0.153423370860 -0.0873825223875 -0.340889005387 -0.352098093689 0.0194144144273 -0.169513789264 0.0376701815221 -0.125223888010 0.209579644443 0.240840704835 0.273843656192 0.0296020921406 -0.148785788670 0.00668475418606 0.0875749797081
# log_N_year1_devs:
 -0.0374507499098 -0.0601239314129 -0.0106542814205 0.0707898067271 -0.187208064803 -0.254922502751 -0.114354511518 -0.104949332159 -0.106621874633 0.243918087722 -0.186277719643
# log_q_year1:
 -7.95339903329
# log_q_devs:
 0.00000000000 0.00000000000 0.00000000000 0.00000000000 0.00000000000 0.00000000000 0.00000000000 0.00000000000 0.00000000000 0.00000000000 0.00000000000 0.00000000000 0.00000000000 0.00000000000 0.00000000000 0.00000000000 0.00000000000 0.00000000000 0.00000000000 0.00000000000 0.00000000000 0.00000000000 0.00000000000 0.00000000000 0.00000000000 0.00000000000 0.00000000000 0.00000000000 0.00000000000
# index_sel_params[1]:
1.55198868401
# index_sel_params[2]:
0.542742654440
# log_SR_scaler:
6.91246449323
# SR_steepness:
0.750000000000
