#styr												
1
#endyr												
30
#rec_age										
1															
#n_ages										
12
# numbers of length intervals
81
#Length	bin
10	11	12	13	14	15	16	17	18	19	20	21	22	23	24	25	26	27	28	29	30	31	32	33	34	35	36	37	38	39	40	41	42	43	44	45	46	47	48	49	50	51	52	53	54	55	56	57	58	59	60	61	62	63	64	65	66	67	68	69	70	71	72	73	74	75	76	77	78	79	80	81	82	83	84	85	86	87	88	89	90
#nfsh
1
#names_fsh
FLEET1												
#catch												
161.769805120985	460.298900847912	739.361818641476	956.456936781431	732.529856012583	1258.37534693103	1219.62466885924	2322.79069127395	1245.50140360981	1456.67453320576	1564.36364417196	1556.81294506402	1068.51323432443	1484.05930011814	1518.00259653461	1292.62879141045	2283.87784000066	1656.75651645733	1478.69340975883	1337.41417237023	1662.50922742461	1082.10165487281	1619.52862595103	1175.00446844577	1092.02919363107	958.122932348941	938.577458584845	1237.65499450983	889.874696355164	1315.69632436729
#catch_cv											
0.01	0.01	0.01	0.01	0.01	0.01	0.01	0.01	0.01	0.01	0.01	0.01	0.01	0.01	0.01	0.01	0.01	0.01	0.01	0.01	0.01	0.01	0.01	0.01	0.01	0.01	0.01	0.01	0.01	0.01
#n_ages_fsh								
30		
#n_lengths_fsh								
0															
#yrs_ages_fsh								
1	2	3	4	5	6	7	8	9	10	11	12	13	14	15	16	17	18	19	20	21	22	23	24	25	26	27	28	29	30	
#sample_ages_fsh							
200	200	200	200	200	200	200	200	200	200	200	200	200	200	200	200	200	200	200	200	200	200	200	200	200	200	200	200	200	200
#page_fsh	2	3	4	5	6	7	8	9	10	11						
0.045	0.095	0.1	0.14	0.1	0.06	0.12	0.07	0.06	0.06	0.015	0.135
0.05	0.145	0.115	0.145	0.14	0.085	0.05	0.04	0.02	0.04	0.045	0.125
0.045	0.105	0.115	0.115	0.145	0.1	0.05	0.095	0.04	0.065	0.03	0.095
0.15	0.085	0.1	0.105	0.105	0.075	0.065	0.08	0.055	0.045	0.045	0.09
0.095	0.135	0.075	0.12	0.1	0.09	0.09	0.035	0.025	0.07	0.02	0.145
0.09	0.11	0.185	0.09	0.08	0.095	0.085	0.045	0.05	0.025	0.01	0.135
0.085	0.13	0.115	0.16	0.11	0.095	0.065	0.07	0.03	0.005	0.025	0.11
0.095	0.145	0.14	0.12	0.14	0.075	0.035	0.06	0.045	0.035	0.025	0.085
0.1	0.155	0.1	0.165	0.08	0.115	0.045	0.06	0.03	0.03	0.015	0.105
0.075	0.175	0.17	0.155	0.105	0.07	0.075	0.02	0.03	0.025	0.02	0.08
0.06	0.085	0.195	0.145	0.125	0.08	0.11	0.055	0.015	0.025	0.02	0.085
0.105	0.135	0.185	0.09	0.15	0.085	0.045	0.05	0.04	0.005	0.015	0.095
0.165	0.1	0.16	0.185	0.095	0.08	0.05	0.045	0.03	0.02	0.01	0.06
0.085	0.165	0.115	0.15	0.175	0.085	0.08	0.02	0.02	0.01	0.015	0.08
0.12	0.125	0.205	0.105	0.105	0.12	0.035	0.05	0.05	0.02	0.02	0.045
0.11	0.165	0.145	0.155	0.095	0.08	0.055	0.03	0.03	0.045	0.025	0.065
0.095	0.15	0.21	0.14	0.15	0.03	0.055	0.04	0.04	0.01	0.025	0.055
0.11	0.14	0.165	0.18	0.1	0.13	0.045	0.035	0.02	0.03	0	0.045
0.085	0.165	0.135	0.19	0.12	0.105	0.05	0.02	0.045	0.01	0.015	0.06
0.13	0.15	0.205	0.165	0.075	0.075	0.07	0.025	0.045	0	0.02	0.04
0.11	0.215	0.125	0.14	0.105	0.075	0.075	0.03	0.035	0.02	0.01	0.06
0.115	0.145	0.185	0.135	0.125	0.1	0.065	0.055	0.015	0.01	0.03	0.02
0.17	0.22	0.14	0.17	0.07	0.085	0.065	0.03	0.015	0.015	0	0.02
0.155	0.24	0.215	0.125	0.105	0.04	0.055	0.015	0.02	0.015	0.005	0.01
0.14	0.225	0.19	0.135	0.12	0.09	0.04	0.025	0.02	0	0.005	0.01
0.195	0.205	0.195	0.145	0.075	0.09	0.05	0.015	0.005	0.01	0.005	0.01
0.1	0.235	0.15	0.18	0.1	0.085	0.05	0.02	0.025	0.015	0.015	0.025
0.14	0.135	0.315	0.185	0.115	0.04	0.015	0.02	0.015	0	0	0.02
0.16	0.225	0.15	0.155	0.105	0.085	0.06	0.025	0.01	0.015	0	0.01
0.13	0.33	0.24	0.055	0.14	0.05	0.015	0.025	0.01	0	0	0.005
#wt_age_fsh	1 2	3	4	5	6	7	8	9	10	11						
0.000530656	0.001196328	0.002058265	0.003034987	0.004055212	0.005064698	0.006026226	0.006916921	0.007724891	0.008446113	0.009081853	0.009636695
0.000530656	0.001196328	0.002058265	0.003034987	0.004055212	0.005064698	0.006026226	0.006916921	0.007724891	0.008446113	0.009081853	0.009636695
0.000530656	0.001196328	0.002058265	0.003034987	0.004055212	0.005064698	0.006026226	0.006916921	0.007724891	0.008446113	0.009081853	0.009636695
0.000530656	0.001196328	0.002058265	0.003034987	0.004055212	0.005064698	0.006026226	0.006916921	0.007724891	0.008446113	0.009081853	0.009636695
0.000530656	0.001196328	0.002058265	0.003034987	0.004055212	0.005064698	0.006026226	0.006916921	0.007724891	0.008446113	0.009081853	0.009636695
0.000530656	0.001196328	0.002058265	0.003034987	0.004055212	0.005064698	0.006026226	0.006916921	0.007724891	0.008446113	0.009081853	0.009636695
0.000530656	0.001196328	0.002058265	0.003034987	0.004055212	0.005064698	0.006026226	0.006916921	0.007724891	0.008446113	0.009081853	0.009636695
0.000530656	0.001196328	0.002058265	0.003034987	0.004055212	0.005064698	0.006026226	0.006916921	0.007724891	0.008446113	0.009081853	0.009636695
0.000530656	0.001196328	0.002058265	0.003034987	0.004055212	0.005064698	0.006026226	0.006916921	0.007724891	0.008446113	0.009081853	0.009636695
0.000530656	0.001196328	0.002058265	0.003034987	0.004055212	0.005064698	0.006026226	0.006916921	0.007724891	0.008446113	0.009081853	0.009636695
0.000530656	0.001196328	0.002058265	0.003034987	0.004055212	0.005064698	0.006026226	0.006916921	0.007724891	0.008446113	0.009081853	0.009636695
0.000530656	0.001196328	0.002058265	0.003034987	0.004055212	0.005064698	0.006026226	0.006916921	0.007724891	0.008446113	0.009081853	0.009636695
0.000530656	0.001196328	0.002058265	0.003034987	0.004055212	0.005064698	0.006026226	0.006916921	0.007724891	0.008446113	0.009081853	0.009636695
0.000530656	0.001196328	0.002058265	0.003034987	0.004055212	0.005064698	0.006026226	0.006916921	0.007724891	0.008446113	0.009081853	0.009636695
0.000530656	0.001196328	0.002058265	0.003034987	0.004055212	0.005064698	0.006026226	0.006916921	0.007724891	0.008446113	0.009081853	0.009636695
0.000530656	0.001196328	0.002058265	0.003034987	0.004055212	0.005064698	0.006026226	0.006916921	0.007724891	0.008446113	0.009081853	0.009636695
0.000530656	0.001196328	0.002058265	0.003034987	0.004055212	0.005064698	0.006026226	0.006916921	0.007724891	0.008446113	0.009081853	0.009636695
0.000530656	0.001196328	0.002058265	0.003034987	0.004055212	0.005064698	0.006026226	0.006916921	0.007724891	0.008446113	0.009081853	0.009636695
0.000530656	0.001196328	0.002058265	0.003034987	0.004055212	0.005064698	0.006026226	0.006916921	0.007724891	0.008446113	0.009081853	0.009636695
0.000530656	0.001196328	0.002058265	0.003034987	0.004055212	0.005064698	0.006026226	0.006916921	0.007724891	0.008446113	0.009081853	0.009636695
0.000530656	0.001196328	0.002058265	0.003034987	0.004055212	0.005064698	0.006026226	0.006916921	0.007724891	0.008446113	0.009081853	0.009636695
0.000530656	0.001196328	0.002058265	0.003034987	0.004055212	0.005064698	0.006026226	0.006916921	0.007724891	0.008446113	0.009081853	0.009636695
0.000530656	0.001196328	0.002058265	0.003034987	0.004055212	0.005064698	0.006026226	0.006916921	0.007724891	0.008446113	0.009081853	0.009636695
0.000530656	0.001196328	0.002058265	0.003034987	0.004055212	0.005064698	0.006026226	0.006916921	0.007724891	0.008446113	0.009081853	0.009636695
0.000530656	0.001196328	0.002058265	0.003034987	0.004055212	0.005064698	0.006026226	0.006916921	0.007724891	0.008446113	0.009081853	0.009636695
0.000530656	0.001196328	0.002058265	0.003034987	0.004055212	0.005064698	0.006026226	0.006916921	0.007724891	0.008446113	0.009081853	0.009636695
0.000530656	0.001196328	0.002058265	0.003034987	0.004055212	0.005064698	0.006026226	0.006916921	0.007724891	0.008446113	0.009081853	0.009636695
0.000530656	0.001196328	0.002058265	0.003034987	0.004055212	0.005064698	0.006026226	0.006916921	0.007724891	0.008446113	0.009081853	0.009636695
0.000530656	0.001196328	0.002058265	0.003034987	0.004055212	0.005064698	0.006026226	0.006916921	0.007724891	0.008446113	0.009081853	0.009636695
0.000530656	0.001196328	0.002058265	0.003034987	0.004055212	0.005064698	0.006026226	0.006916921	0.007724891	0.008446113	0.009081853	0.009636695
#nind
1
#ind_names									
SURVEY1									
#nobs_ind
30
#yrs_ind											
1	2	3	4	5	6	7	8	9	10	11	12	13	14	15	16	17	18	19	20	21	22	23	24	25	26	27	28	29	30	
#month_ind										
1															
#biom_ind											
1.4624504773881	1.44819039538725	1.43643366920092	1.64511157439069	1.48935779571683	1.77258925020302	1.40904199087324	1.54388025104402	1.46440576949708	1.12682634881992	1.29864510981533	0.992331940389273	1.02777415186079	1.0177549352619	0.97450915093737	1.0229479597736	1.19923807093108	0.80652159152625	0.809127577209703	0.939070067368912	0.77783412753528	0.653793469596599	0.710699267997687	0.520258766218749	0.500907224321661	0.770879763249164	0.622674571349987	0.501444877222407	0.561100392838978	0.730501840062559
#biom_cv																
0.29249009547762	0.289638079077451	0.287286733840185	0.329022314878138	0.297871559143367	0.354517850040604	0.281808398174649	0.308776050208804	0.292881153899417	0.225365269763984	0.259729021963066	0.198466388077855	0.205554830372158	0.203550987052381	0.194901830187474	0.20458959195472	0.239847614186217	0.16130431830525	0.161825515441941	0.187814013473782	0.155566825507056	0.13075869391932	0.142139853599537	0.10405175324375	0.100181444864332	0.154175952649833	0.124534914269997	0.100288975444482	0.112220078567796	0.146100368012512
#n_ages_ind															
30			
#n_lengths_ind															
0															
#yrs_ages_ind															
1	2	3	4	5	6	7	8	9	10	11	12	13	14	15	16	17	18	19	20	21	22	23	24	25	26	27	28	29	30	
#sample_ages_ind					
200	200	200	200	200	200	200	200	200	200	200	200	200	200	200	200	200	200	200	200	200	200	200	200	200	200	200	200	200	200
#page_ind						
0.065	0.16	0.14	0.115	0.1	0.06	0.09	0.02	0.04	0.025	0.035	0.15
0.05	0.155	0.11	0.13	0.07	0.11	0.035	0.055	0.045	0.06	0.02	0.16
0.055	0.12	0.14	0.115	0.075	0.095	0.095	0.055	0.045	0.04	0.045	0.12
0.055	0.095	0.115	0.15	0.14	0.11	0.07	0.08	0.03	0.03	0.015	0.11
0.085	0.165	0.12	0.145	0.075	0.075	0.065	0.06	0.025	0.05	0.045	0.09
0.11	0.13	0.21	0.105	0.065	0.075	0.06	0.055	0.045	0.025	0.03	0.09
0.07	0.175	0.145	0.135	0.035	0.055	0.06	0.055	0.04	0.025	0.03	0.175
0.11	0.135	0.11	0.11	0.145	0.085	0.07	0.045	0.025	0.015	0.045	0.105
0.07	0.185	0.16	0.13	0.08	0.09	0.035	0.07	0.06	0.02	0.035	0.065
0.08	0.18	0.155	0.185	0.085	0.065	0.07	0.04	0.015	0.04	0.025	0.06
0.07	0.18	0.225	0.14	0.115	0.08	0.035	0.045	0.015	0.01	0.04	0.045
0.05	0.14	0.2	0.155	0.135	0.07	0.07	0.03	0.05	0.035	0.01	0.055
0.14	0.13	0.145	0.14	0.12	0.105	0.07	0.04	0.04	0.02	0.015	0.035
0.065	0.22	0.175	0.1	0.085	0.075	0.075	0.045	0.025	0.035	0.015	0.085
0.1	0.185	0.24	0.155	0.09	0.07	0.025	0.045	0.025	0.01	0.01	0.045
0.085	0.215	0.18	0.175	0.075	0.045	0.07	0.075	0.025	0.015	0.02	0.02
0.085	0.23	0.18	0.135	0.09	0.055	0.03	0.05	0.035	0.035	0.015	0.06
0.09	0.175	0.21	0.135	0.13	0.11	0.015	0.055	0.02	0.015	0.005	0.04
0.09	0.225	0.17	0.125	0.16	0.085	0.085	0.015	0.005	0.01	0	0.03
0.085	0.205	0.215	0.16	0.12	0.065	0.06	0.025	0.02	0.005	0.025	0.015
0.095	0.235	0.2	0.15	0.12	0.05	0.04	0.035	0.04	0.01	0	0.025
0.095	0.225	0.185	0.17	0.125	0.035	0.05	0.035	0.035	0.015	0.015	0.015
0.115	0.235	0.17	0.155	0.08	0.085	0.055	0.02	0.025	0.015	0.015	0.03
0.105	0.29	0.195	0.105	0.105	0.08	0.045	0.02	0.03	0.01	0.01	0.005
0.125	0.215	0.225	0.145	0.11	0.05	0.035	0.025	0.02	0	0.02	0.03
0.08	0.265	0.22	0.125	0.115	0.055	0.03	0.035	0.025	0.005	0.005	0.04
0.05	0.305	0.275	0.155	0.08	0.05	0.04	0.01	0.02	0.01	0	0.005
0.11	0.18	0.315	0.16	0.08	0.04	0.05	0.01	0.015	0.025	0.005	0.01
0.145	0.345	0.115	0.175	0.095	0.045	0.045	0.015	0.01	0.005	0	0.005
0.13	0.305	0.275	0.085	0.11	0.045	0.02	0.02	0.005	0	0	0.005
#wt_age_ind						
1 1 1 1 1 1 1 1 1 1 1 1 
1 1 1 1 1 1 1 1 1 1 1 1 
1 1 1 1 1 1 1 1 1 1 1 1 
1 1 1 1 1 1 1 1 1 1 1 1 
1 1 1 1 1 1 1 1 1 1 1 1 
1 1 1 1 1 1 1 1 1 1 1 1 
1 1 1 1 1 1 1 1 1 1 1 1 
1 1 1 1 1 1 1 1 1 1 1 1 
1 1 1 1 1 1 1 1 1 1 1 1 
1 1 1 1 1 1 1 1 1 1 1 1 
1 1 1 1 1 1 1 1 1 1 1 1 
1 1 1 1 1 1 1 1 1 1 1 1 
1 1 1 1 1 1 1 1 1 1 1 1 
1 1 1 1 1 1 1 1 1 1 1 1 
1 1 1 1 1 1 1 1 1 1 1 1 
1 1 1 1 1 1 1 1 1 1 1 1 
1 1 1 1 1 1 1 1 1 1 1 1 
1 1 1 1 1 1 1 1 1 1 1 1 
1 1 1 1 1 1 1 1 1 1 1 1 
1 1 1 1 1 1 1 1 1 1 1 1 
1 1 1 1 1 1 1 1 1 1 1 1 
1 1 1 1 1 1 1 1 1 1 1 1 
1 1 1 1 1 1 1 1 1 1 1 1 
1 1 1 1 1 1 1 1 1 1 1 1 
1 1 1 1 1 1 1 1 1 1 1 1 
1 1 1 1 1 1 1 1 1 1 1 1 
1 1 1 1 1 1 1 1 1 1 1 1 
1 1 1 1 1 1 1 1 1 1 1 1 
1 1 1 1 1 1 1 1 1 1 1 1 
1 1 1 1 1 1 1 1 1 1 1 1 
# wt_pop
0.000530656	0.001196328	0.002058265	0.003034987	0.004055212	0.005064698	0.006026226	0.006916921	0.007724891	0.008446113	0.009081853	0.009636695
#maturity
0.02297737 0.32082130 0.90465054 0.99477987 0.99973881 0.99998699 0.99999935 0.99999997 1 1 1 1
#spmonth						
1		
#age_err						
1	0	0	0	0	0	0	0	0	0	0	0
0	1	0	0	0	0	0	0	0	0	0	0
0	0	1	0	0	0	0	0	0	0	0	0
0	0	0	1	0	0	0	0	0	0	0	0
0	0	0	0	1	0	0	0	0	0	0	0
0	0	0	0	0	1	0	0	0	0	0	0
0	0	0	0	0	0	1	0	0	0	0	0
0	0	0	0	0	0	0	1	0	0	0	0
0	0	0	0	0	0	0	0	1	0	0	0
0	0	0	0	0	0	0	0	0	1	0	0
0	0	0	0	0	0	0	0	0	0	1	0
0	0	0	0	0	0	0	0	0	0	0	1																														
